IT8.7/2
ORIGINATOR  "C-ROES"
DESCRIPTOR  "calibration data"
CREATED  "April 6,1999"
MANUFACTURER  "C-ROES"
PROD_DATE  "1999:04"
SERIAL  "Batch average data"
MATERIAL  "Fuji Paper"
NUMBER_OF_FIELDS  9
BEGIN_DATA_FORMAT
SAMPLE  XYZ_X   XYZ_Y   XYZ_Z   LAB_L   LAB_A   LAB_B   LAB_C   LAB_H
END_DATA_FORMAT
NUMBER_OF_SETS  288
BEGIN_DATA
#ID         X       Y       Z       L       A       B       C       H
A01       3.96    3.21    2.21   20.84   13.65    3.66   14.13   15.02
A02       5.46    3.56    1.94   22.18   27.53    8.57   28.83   17.29
A03       7.72    4.69    1.59   25.83   35.19   18.47   39.74   27.70
A04       7.93    4.78    1.42   26.09   36.02   20.91   41.65   30.14
A05      12.93   11.02    8.14   39.61   16.24    3.47   16.61   12.04
A06      15.71   11.27    7.00   40.03   31.61    8.71   32.79   15.41
A07      18.46   11.46    6.30   40.35   45.30   12.29   46.94   15.17
A08      20.95   11.47    5.16   40.36   57.70   17.77   60.37   17.12
A09      42.05   41.08   33.00   70.23    7.56    1.28    7.67    9.63
A10      44.39   40.68   31.57   69.96   15.64    2.98   15.92   10.77
A11      46.85   41.07   30.45   70.23   21.45    5.18   22.07   13.56
A12      48.12   40.08   28.47   69.53   28.00    7.16   28.90   14.34
A13      76.82   79.62   66.84   91.51    0.18   -1.12    1.13  279.01
A14      76.82   79.62   66.88   91.51    0.18   -1.15    1.17  278.63
A15      76.83   79.63   66.75   91.52    0.18   -1.03    1.05  279.78
A16      76.83   79.63   66.79   91.52    0.17   -1.06    1.07  279.26
A17      76.90   79.68   66.82   91.54    0.23   -1.05    1.08  282.07
A18      76.97   79.73   66.86   91.56    0.24   -1.05    1.08  282.97
A19      76.85   79.65   66.78   91.52    0.18   -1.05    1.06  279.77
A20      57.77   58.86   34.04   81.21    2.56   18.69   18.86   82.19
A21      52.41   51.07   29.31   76.72    8.44   18.19   20.05   65.13
A22      60.28   57.44   33.99   80.43   11.98   17.40   21.12   55.46
B01       3.77    3.18    1.79   20.77   11.20    7.59   13.52   34.11
B02       4.60    3.23    1.16   20.95   22.07   15.52   26.98   35.11
B03       5.96    3.74    1.08   22.79   30.53   19.82   36.40   32.99
B04       6.07    3.78    1.07   22.92   31.10   20.14   37.05   32.92
B05      12.96   10.86    5.80   39.34   17.65   12.86   21.83   36.07
B06      15.28   11.13    3.82   39.79   30.14   24.36   38.75   38.94
B07      18.06   11.34    2.40   40.15   44.09   35.26   56.45   38.66
B08      19.90   11.02    1.39   39.61   55.82   44.63   71.47   38.65
B09      41.80   41.02   30.65   70.19    6.96    4.81    8.46   34.64
B10      43.93   41.08   26.89   70.23   13.10   11.01   17.11   40.03
B11      45.97   40.92   23.93   70.12   19.47   16.08   25.25   39.55
B12      47.19   40.23   20.34   69.63   24.97   22.22   33.43   41.67
B13      72.57   76.62   66.18   90.15   -2.66   -2.86    3.90  227.08
B14      74.52   75.37   66.08   89.57    3.89   -3.77    5.42  315.90
B15      75.69   78.77   60.77   91.13   -0.46    4.05    4.07   96.52
B16      68.86   71.13   59.36   87.55    0.64   -0.71    0.96  312.14
B17      72.81   73.76   59.13   88.81    3.63    1.69    4.00   24.92
B18      71.08   75.43   59.43   89.60   -3.42    2.75    4.39  141.27
B19      69.38   71.43   65.01   87.69    1.16   -5.99    6.10  280.98
B20      50.62   51.20   32.92   76.80    3.41   12.73   13.18   75.03
B21      59.21   58.14   38.23   80.82    7.75   12.12   14.39   57.42
B22      54.19   50.86   32.37   76.59   13.56   13.20   18.92   44.21
C01       4.77    4.48    2.42   25.20    6.00    9.39   11.14   57.41
C02       5.24    4.53    1.54   25.35   11.20   18.22   21.39   58.42
C03       6.10    4.93    1.29   26.53   15.96   23.30   28.24   55.59
C04       6.21    4.94    1.29   26.58   16.88   23.36   28.82   54.15
C05      24.38   23.13   10.88   55.21    9.26   20.98   22.93   66.17
C06      26.15   22.87    5.54   54.93   17.92   41.00   44.74   66.39
C07      28.14   22.79    2.67   54.86   26.25   58.44   64.06   65.82
C08      29.47   23.52    2.27   55.60   28.24   63.08   69.11   65.89
C09      48.17   48.24   33.46   74.98    4.64    8.80    9.94   62.20
C10      50.10   48.51   27.22   75.15    9.16   18.93   21.03   64.17
C11      51.03   48.07   22.10   74.87   12.80   27.73   30.54   65.22
C12      51.54   47.33   16.98   74.40   16.19   37.78   41.10   66.81
C13      62.32   68.72   63.64   86.37   -8.85   -6.97   11.27  218.23
C14      68.16   64.76   62.98   84.36   12.89   -9.79   16.18  322.78
C15      72.69   76.03   48.76   89.87   -1.22   14.66   14.71   94.77
C16      52.21   54.00   45.12   78.46    0.42   -0.72    0.83  300.11
C17      63.38   60.48   44.42   82.10   11.98    6.40   13.58   28.10
C18      58.44   65.33   45.39   84.65  -10.64    9.63   14.35  137.85
C19      53.91   54.34   59.44   78.66    3.95  -16.13   16.60  283.77
C20      57.30   57.81   40.85   80.64    3.89    8.35    9.21   65.01
C21      52.31   51.03   35.47   76.70    8.30    8.85   12.13   46.85
C22      59.87   56.40   40.82   79.84   13.53    7.03   15.24   27.44
D01       4.43    4.53    2.45   25.34    0.97    9.31    9.36   84.04
D02       4.38    4.43    1.60   25.05    1.49   17.00   17.07   84.99
D03       5.09    4.96    1.36   26.62    3.90   22.57   22.90   80.20
D04       5.09    4.98    1.36   26.67    3.70   22.61   22.91   80.71
D05      26.99   27.88   13.86   59.78    0.50   20.27   20.28   88.60
D06      26.83   27.92    7.51   59.81   -0.30   40.73   40.73   90.42
D07      25.65   26.53    4.15   58.54    0.34   54.65   54.65   89.64
D08      25.56   26.50    3.31   58.51    0.10   59.97   59.97   89.91
D09      55.99   58.13   39.23   80.81   -0.09   10.79   10.79   90.48
D10      55.39   57.53   30.52   80.48   -0.15   22.74   22.74   90.37
D11      55.18   57.45   25.11   80.43   -0.48   31.71   31.71   90.86
D12      54.45   57.01   18.87   80.19   -1.25   43.51   43.52   91.64
D13      52.24   60.51   60.84   82.12  -15.23  -11.57   19.12  217.21
D14      61.98   54.71   59.72   78.87   22.64  -16.04   27.75  324.68
D15      70.09   73.34   37.75   88.61   -1.27   26.22   26.25   92.78
D16      38.15   39.49   33.05   69.10    0.32   -0.74    0.81  293.39
D17      54.70   48.76   31.85   75.30   20.43   11.76   23.57   29.93
D18      45.87   54.47   32.96   78.74  -17.95   16.00   24.05  138.29
D19      40.82   40.12   53.38   69.56    6.73  -25.51   26.38  284.78
D20      45.33   44.74   23.95   72.72    6.40   20.52   21.49   72.68
D21      40.01   38.24   21.22   68.19   10.10   17.96   20.60   60.65
D22      47.78   43.73   23.96   72.05   16.21   19.34   25.23   50.03
E01       4.15    4.61    2.49   25.58   -4.02    9.40   10.22  113.15
E02       3.84    4.56    1.66   25.44   -7.90   17.09   18.82  114.81
E03       3.98    5.01    1.44   26.77  -11.48   21.83   24.67  117.74
E04       3.96    4.99    1.44   26.71  -11.56   21.80   24.68  117.94
E05      12.80   14.58    7.65   45.05   -8.06   14.74   16.80  118.66
E06      11.94   14.91    4.67   45.51  -15.90   29.27   33.30  118.51
E07      10.07   13.46    2.94   43.45  -20.78   36.71   42.18  119.52
E08       9.97   13.53    2.48   43.54  -21.95   40.44   46.01  118.49
E09      37.61   40.20   27.73   69.61   -3.62    8.53    9.27  113.00
E10      36.58   40.61   23.86   69.90   -8.26   15.83   17.85  117.55
E11      35.06   40.54   19.47   69.85  -13.14   24.42   27.73  118.29
E12      32.69   39.03   16.02   68.78  -16.72   30.35   34.65  118.85
E13      42.30   51.76   57.14   77.14  -21.47  -16.41   27.02  217.39
E14      54.96   44.32   55.26   72.44   33.43  -22.54   40.32  326.01
E15      67.33   70.07   27.36   87.03   -0.44   39.18   39.18   90.65
E16      25.75   26.73   22.34   58.73   -0.05   -0.57    0.57  264.96
E17      46.13   37.83   21.42   67.90   29.47   17.05   34.05   30.05
E18      34.41   43.72   22.54   72.04  -24.78   21.99   33.13  138.41
E19      29.36   27.73   46.30   59.65   10.36  -34.58   36.10  286.68
E20      38.77   38.14   23.56   68.12    6.50   13.31   14.81   63.96
E21      46.55   44.65   27.60   72.66   10.14   14.01   17.29   54.10
E22      42.63   38.61   24.16   68.47   16.89   12.80   21.19   37.15
F01       1.57    1.92    1.39   15.03   -7.09    2.19    7.42  162.84
F02       1.53    2.10    1.28   16.01  -12.30    5.35   13.41  156.47
F03       1.84    2.79    1.23   19.18  -17.92   11.47   21.28  147.38
F04       1.83    2.77    1.24   19.11  -18.03   11.15   21.19  148.27
F05       6.79    8.59    5.63   35.18  -14.08    6.51   15.51  155.19
F06       5.86    9.10    4.78   36.18  -28.35   12.56   31.01  156.10
F07       4.67    8.80    4.07   35.59  -40.07   15.59   42.99  158.74
F08       4.36    8.95    3.60   35.87  -45.40   19.00   49.22  157.29
F09      37.58   40.57   32.37   69.87   -4.84    1.60    5.10  161.70
F10      35.22   40.10   30.22   69.54  -11.24    4.35   12.06  158.84
F11      34.06   40.76   29.38   70.00  -17.22    6.50   18.40  159.33
F12      31.96   40.30   28.39   69.68  -23.24    7.55   24.44  162.02
F13      34.11   44.04   53.30   72.26  -26.76  -20.76   33.87  217.80
F14      48.91   36.10   50.93   66.59   42.81  -27.93   51.12  326.88
F15      64.74   66.76   19.76   85.38    0.91   50.57   50.57   88.97
F16      17.11   17.76   14.98   49.21   -0.08   -0.84    0.84  264.71
F17      39.57   30.02   14.54   61.67   36.82   21.78   42.78   30.61
F18      25.83   35.11   15.62   65.84  -30.40   26.25   40.16  139.19
F19      21.12   19.15   40.06   50.86   13.25  -41.96   44.00  287.52
F20      45.27   44.76   29.78   72.73    6.22   10.55   12.25   59.49
F21      39.80   38.20   26.79   68.17    9.53    7.64   12.21   38.70
F22      48.82   44.59   30.30   72.62   16.59    9.53   19.13   29.89
G01       2.30    2.89    2.73   19.61   -9.50   -2.83    9.91  196.57
G02       2.12    3.15    2.96   20.62  -17.89   -2.83   18.11  189.00
G03       2.38    3.77    3.22   22.90  -22.18   -0.81   22.20  182.08
G04       2.37    3.76    3.22   22.86  -22.18   -0.86   22.20  182.21
G05       9.11   11.31    9.74   40.10  -14.03   -1.41   14.10  185.74
G06       7.99   11.66   10.27   40.66  -26.25   -2.17   26.34  184.71
G07       6.79   11.88   10.97   41.02  -39.31   -3.78   39.49  185.49
G08       5.86   11.18   11.40   39.88  -44.22   -7.08   44.78  189.10
G09      37.62   40.87   34.80   70.08   -5.63   -1.60    5.85  195.89
G10      35.36   40.71   35.04   69.97  -12.63   -2.14   12.81  189.62
G11      33.91   41.37   36.67   70.44  -19.58   -3.64   19.91  190.52
G12      31.43   40.03   36.67   69.49  -24.34   -5.26   24.90  192.19
G13      26.90   36.84   49.07   67.15  -31.65  -24.87   40.25  218.16
G14      43.36   29.13   46.47   60.90   51.67  -32.63   61.11  327.73
G15      62.42   63.52   13.88   83.72    2.78   61.51   61.58   87.41
G16      10.67   11.13    9.48   39.81   -0.48   -1.03    1.14  245.30
G17      34.04   23.77    9.69   55.86   43.72   25.94   50.83   30.69
G18      18.84   27.73   10.73   59.65  -35.87   29.08   46.17  140.97
G19      14.73   12.67   34.19   42.26   16.23  -48.70   51.33  288.43
G20      34.96   33.72   16.90   64.74    8.58   21.30   22.96   68.05
G21      29.28   26.71   12.44   58.70   14.15   22.33   26.44   57.64
G22      37.28   32.63   16.58   63.86   20.09   20.52   28.72   45.61
H01       2.51    2.92    3.31   19.70   -5.64   -6.92    8.92  230.84
H02       2.32    3.03    4.45   20.16  -11.59  -13.22   17.58  228.75
H03       2.60    3.56    5.76   22.17  -14.62  -16.53   22.07  228.52
H04       2.63    3.59    5.98   22.26  -14.33  -17.44   22.57  230.58
H05       9.74   11.32   12.07   40.11   -8.94   -8.67   12.45  224.10
H06       9.21   12.02   15.75   41.25  -18.16  -16.47   24.51  222.20
H07       8.37   12.19   19.07   41.52  -26.51  -23.59   35.48  221.66
H08       7.87   12.24   22.32   41.58  -31.31  -30.09   43.42  223.87
H09      37.90   40.67   37.90   69.95   -4.12   -6.17    7.42  236.26
H10      36.44   40.66   41.32   69.94   -8.84  -10.70   13.88  230.42
H11      35.16   41.00   45.57   70.18  -14.18  -15.55   21.05  227.64
H12      33.74   40.32   48.39   69.70  -17.00  -19.69   26.01  229.20
H13      21.50   31.06   45.21   62.56  -35.39  -28.25   45.28  218.60
H14      38.94   24.06   42.62   56.14   58.67  -36.12   68.89  328.38
H15      60.29   60.49    9.87   82.11    4.77   70.58   70.74   86.14
H16       6.49    6.84    5.87   31.43   -1.05   -1.07    1.50  225.61
H17      30.00   19.48    6.67   51.24   49.00   29.45   57.17   31.00
H18      13.94   22.24    7.78   54.29  -40.51   30.14   50.49  143.35
H19      10.59    8.63   29.59   35.27   18.52  -53.75   56.85  289.01
H20      27.47   25.88   14.78   57.93   10.39   14.71   18.00   54.76
H21      35.53   32.44   19.96   63.71   14.95   12.78   19.67   40.52
H22      30.64   26.13   15.15   58.16   21.60   14.17   25.83   33.26
I01       4.16    4.30    5.96   24.64    0.18  -13.22   13.22  270.77
I02       4.44    4.65    9.17   25.72   -0.62  -24.24   24.25  268.54
I03       4.62    4.87   13.08   26.36   -0.94  -35.23   35.24  268.48
I04       4.68    4.86   16.22   26.34   -0.05  -43.33   43.33  269.93
I05      13.87   14.41   15.52   44.82   -0.15   -9.76    9.76  269.10
I06      14.12   14.51   20.41   44.95    0.84  -20.48   20.50  272.36
I07      14.12   14.56   25.17   45.02    0.56  -29.44   29.45  271.09
I08      14.25   14.68   30.00   45.19    0.65  -37.27   37.28  271.00
I09      39.00   40.28   37.96   69.67    0.57   -6.73    6.75  274.84
I10      38.92   40.03   41.97   69.49    1.08  -12.29   12.33  275.02
I11      39.51   40.60   46.32   69.90    1.19  -16.94   16.98  274.03
I12      39.02   39.99   48.94   69.46    1.52  -20.73   20.79  274.19
I13      17.70   26.74   41.95   58.73  -37.92  -30.81   48.86  219.10
I14      35.74   20.70   39.73   52.61   63.48  -38.50   74.24  328.77
I15      58.36   57.78    7.31   80.62    6.54   77.42   77.69   85.17
I16       4.09    4.34    3.82   24.77   -1.30   -1.54    2.01  229.88
I17      26.95   16.50    4.67   47.63   52.71   32.92   62.14   31.98
I18      10.57   18.17    5.70   49.70  -43.83   31.19   53.79  144.57
I19       8.05    6.16   26.14   29.82   21.04  -57.36   61.09  290.14
I20      33.78   32.24   22.10   63.54    9.68    8.20   12.69   40.28
I21      28.84   26.01   18.18   58.04   15.28    6.83   16.73   24.09
I22      36.95   32.28   22.95   63.57   20.25    6.61   21.30   18.09
J01       2.25    2.01    3.19   15.51    6.99  -13.32   15.04  297.68
J02       2.49    2.03    5.34   15.63   11.44  -25.78   28.20  293.94
J03       2.90    2.10    8.56   16.03   17.54  -38.78   42.56  294.33
J04       3.25    2.10   12.40   15.99   23.69  -51.18   56.40  294.83
J05      11.25   10.80   12.31   39.24    6.27  -10.85   12.52  300.01
J06      12.39   11.18   16.75   39.89   11.46  -21.22   24.11  298.38
J07      12.95   11.14   21.10   39.81   15.50  -30.74   34.42  296.76
J08      13.87   11.20   26.74   39.91   21.03  -41.01   46.08  297.15
J09      39.95   40.31   38.18   69.69    3.44   -6.99    7.79  296.21
J10      40.37   40.14   41.77   69.57    5.29  -11.91   13.03  293.97
J11      41.58   40.35   46.63   69.72    8.36  -17.61   19.49  295.39
J12      42.64   40.38   49.70   69.74   11.42  -21.13   24.02  298.39
J13      14.74   23.15   38.88   55.23  -39.59  -32.87   51.46  219.70
J14      32.79   17.81   36.83   49.27   67.73  -40.36   78.84  329.21
J15      56.55   55.21    5.44   79.17    8.41   83.26   83.68   84.23
J16       2.52    2.69    2.41   18.74   -1.34   -1.66    2.13  231.19
J17      24.41   14.18    3.26   44.49   55.60   36.17   66.33   33.04
J18       8.07   14.91    4.27   45.51  -46.36   31.51   56.06  145.80
J19       5.63    4.26   20.24   24.53   19.36  -55.35   58.64  289.27
J20      23.38   21.17    9.02   53.13   13.88   23.55   27.33   59.49
J21      18.72   15.81    6.34   46.71   19.23   23.10   30.06   50.22
J22      24.79   20.11    8.82   51.96   25.04   22.23   33.48   41.60
K01       5.44    4.48    5.36   25.18   14.24   -9.40   17.06  326.58
K02       7.11    4.74    7.59   25.99   28.64  -17.90   33.77  328.00
K03       9.34    5.45   10.34   27.99   40.09  -24.25   46.85  328.83
K04       9.70    5.60   10.69   28.37   41.29  -24.71   48.12  329.11
K05      16.16   14.59   15.38   45.06   12.49   -8.98   15.38  324.30
K06      18.47   14.71   19.19   45.23   24.36  -17.44   29.95  324.41
K07      20.37   14.59   22.97   45.07   34.59  -25.31   42.86  323.80
K08      22.83   14.38   28.08   44.77   47.40  -34.88   58.85  323.66
K09      41.58   40.47   37.83   69.80    7.98   -6.32   10.18  321.60
K10      42.92   39.80   40.78   69.32   14.06  -11.06   17.89  321.81
K11      46.91   41.52   45.22   70.54   20.29  -14.51   24.94  324.43
K12      48.56   40.91   48.84   70.11   26.70  -19.50   33.06  323.86
K13      12.26   19.90   35.88   51.73  -40.46  -34.79   53.36  220.69
K14      30.02   15.36   33.98   46.13   71.16  -41.72   82.49  329.61
K15      54.59   52.44    4.04   77.54   10.49   88.12   88.74   83.21
K16       1.49    1.58    1.48   13.11   -0.85   -2.10    2.26  247.92
K17      21.91   12.07    2.18   41.32   58.07   39.23   70.08   34.04
K18       6.15   12.09    3.01   41.37  -47.51   32.55   57.59  145.58
K19       4.82    3.07   20.03   20.31   27.71  -62.18   68.07  294.02
K20      17.90   15.87    7.06   46.80   14.58   20.12   24.84   54.08
K21      23.32   19.86    9.69   51.67   19.89   18.71   27.30   43.25
K22      19.63   15.65    7.04   46.51   24.73   19.73   31.63   38.58
L01       4.07    3.24    2.95   20.96   14.86   -2.14   15.01  351.82
L02       5.36    3.52    3.29   22.01   26.95   -2.79   27.09  354.08
L03       8.72    5.24    3.16   27.40   37.42    7.43   38.15   11.24
L04       8.69    5.22    3.18   27.34   37.40    7.20   38.08   10.90
L05      13.58   11.51   10.00   40.42   17.01   -1.70   17.09  354.29
L06      16.33   11.47   11.08   40.36   33.71   -5.26   34.12  351.14
L07      19.60   11.75   12.33   40.81   49.11   -8.20   49.79  350.53
L08      23.58   12.54   13.50   42.05   62.50   -9.30   63.19  351.54
L09      42.40   41.01   35.43   70.18    8.81   -2.33    9.11  345.21
L10      44.43   40.61   36.17   69.90   15.99   -3.87   16.45  346.40
L11      46.76   40.71   37.40   69.97   22.32   -5.44   22.97  346.31
L12      48.54   39.81   37.64   69.33   30.00   -6.88   30.78  347.09
L13      10.78   17.82   33.79   49.27  -40.45  -36.02   54.16  221.68
L14      27.31   13.23   31.21   43.12   73.60  -42.76   85.12  329.85
L15      52.46   49.54    3.12   75.79   12.61   91.12   91.99   82.12
L16       0.99    1.01    0.95    9.03    0.64   -2.03    2.12  287.54
L17      19.70   10.43    1.41   38.60   59.16   42.62   72.92   35.77
L18       4.85    9.93    2.13   37.72  -46.97   33.45   57.66  144.55
L19       4.00    2.26   17.75   16.80   31.68  -63.31   70.79  296.58
L20      22.33   20.11   11.65   51.96   14.17   13.00   19.23   42.53
L21      18.40   15.48    8.30   46.29   19.43   14.38   24.17   36.50
L22      24.70   19.98   11.44   51.81   25.30   13.40   28.63   27.91
Dmin     76.74   79.56   66.43   91.49    0.11   -0.78    0.78  278.26
GS1      67.52   69.64   57.97   86.82    0.89   -0.57    1.05  327.40
GS2      60.35   62.16   52.03   83.00    1.05   -0.86    1.35  320.47
GS3      51.83   53.46   44.76   78.14    0.80   -0.84    1.16  313.60
GS4      45.42   46.82   39.43   74.07    0.84   -1.10    1.38  307.22
GS5      39.75   41.04   34.51   70.20    0.62   -0.97    1.15  302.59
GS6      33.78   34.95   29.32   65.71    0.32   -0.81    0.87  291.68
GS7      29.03   30.08   25.20   61.73    0.11   -0.70    0.71  278.90
GS8      23.78   24.66   20.77   56.75    0.05   -0.88    0.88  273.43
GS9      20.51   21.34   17.97   53.32   -0.25   -0.84    0.87  253.22
GS10     17.06   17.74   15.02   49.18   -0.22   -0.98    1.00  257.49
GS11     14.04   14.62   12.44   45.11   -0.34   -1.11    1.16  253.24
GS12     11.55   12.07   10.36   41.32   -0.59   -1.31    1.44  245.62
GS13      8.88    9.31    8.03   36.58   -0.77   -1.35    1.56  240.22
GS14      7.17    7.54    6.55   33.00   -0.92   -1.47    1.73  238.06
GS15      5.60    5.92    5.16   29.22   -1.21   -1.41    1.86  229.31
GS16      4.33    4.60    4.03   25.57   -1.36   -1.46    1.99  227.08
GS17      3.33    3.54    3.11   22.10   -1.41   -1.37    1.97  224.07
GS18      2.52    2.68    2.41   18.71   -1.28   -1.77    2.18  234.00
GS19      1.86    1.99    1.82   15.41   -1.19   -2.00    2.33  239.28
GS20      1.47    1.55    1.45   12.92   -0.79   -2.09    2.23  249.29
GS21      1.13    1.17    1.09   10.32    0.02   -1.95    1.95  270.52
GS22      0.90    0.91    0.85    8.23    0.85   -1.77    1.96  295.55
Dmax      0.89    0.91    0.85    8.17    0.84   -1.80    1.98  295.05
END_DATA
