IT8.7/2
ORIGINATOR  "C-ROES"
DESCRIPTOR  "calibration data"
CREATED  "March 30,1999"
MANUFACTURER  "C-ROES"
PROD_DATE  "1999:03"
SERIAL  "Batch average data"
MATERIAL  "Fuji Paper"
NUMBER_OF_FIELDS  9
BEGIN_DATA_FORMAT
SAMPLE_ID     XYZ_X     XYZ_Y     XYZ_Z     LAB_L     LAB_A     LAB_B
END_DATA_FORMAT
NUMBER_OF_SETS  288
BEGIN_DATA
#ID         X       Y       Z       L       A       B       C       H
A01       4.47    3.59    2.47   22.27   14.65    3.88   15.15   14.82
A02       6.10    3.95    2.15   23.49   29.05    8.76   30.34   16.78
A03       8.72    5.25    1.79   27.43   37.24   19.06   41.84   27.10
A04       8.92    5.33    1.60   27.65   38.03   21.57   43.72   29.56
A05      14.40   12.15    9.01   41.45   17.71    3.45   18.04   11.01
A06      17.59   12.52    7.74   42.03   33.48    9.14   34.71   15.27
A07      20.43   12.67    6.97   42.26   47.01   12.70   48.69   15.12
A08      22.16   12.19    5.75   41.51   58.40   16.82   60.78   16.06
A09      47.26   46.18   37.30   73.66    7.83    1.06    7.90    7.67
A10      49.31   45.31   35.63   73.10   15.87    2.42   16.06    8.65
A11      51.19   45.26   34.41   73.06   21.03    4.11   21.42   11.05
A12      51.00   43.30   32.19   71.75   26.18    5.13   26.67   11.08
A13      77.10   79.95   67.13   91.66    0.09   -1.13    1.14  274.67
A14      77.12   79.98   67.16   91.68    0.07   -1.13    1.13  273.54
A15      77.14   79.99   67.12   91.68    0.09   -1.09    1.10  274.84
A16      77.10   79.96   67.17   91.66    0.08   -1.17    1.17  273.93
A17      77.18   80.03   67.22   91.70    0.10   -1.15    1.16  275.08
A18      77.27   80.11   67.23   91.74    0.11   -1.10    1.10  275.72
A19      77.38   80.20   67.24   91.77    0.18   -1.04    1.05  279.55
A20      63.11   64.60   38.18   84.28    1.97   18.17   18.28   83.83
A21      57.60   56.56   32.99   79.93    7.68   18.02   19.59   66.93
A22      63.50   61.85   38.09   82.84    9.06   15.80   18.21   60.18
B01       4.25    3.56    2.00   22.15   12.12    7.84   14.43   32.91
B02       5.21    3.65    1.25   22.47   23.30   16.85   28.75   35.88
B03       6.70    4.17    1.15   24.21   32.26   21.27   38.64   33.40
B04       6.84    4.22    1.14   24.39   32.92   21.58   39.37   33.25
B05      14.48   12.00    6.43   41.21   19.24   13.22   23.35   34.49
B06      17.03   12.27    4.20   41.64   32.12   25.28   40.88   38.21
B07      19.88   12.41    2.67   41.87   46.00   36.04   58.44   38.08
B08      20.94   11.64    1.49   40.64   56.46   45.18   72.31   38.67
B09      47.07   46.21   34.77   73.68    7.19    4.64    8.56   32.82
B10      48.97   45.90   30.39   73.48   13.29   10.88   17.17   39.32
B11      50.28   45.15   26.95   72.99   18.93   15.66   24.57   39.60
B12      49.94   43.38   22.74   71.82   23.09   21.22   31.36   42.58
B13      75.02   78.55   67.00   91.03   -1.40   -2.10    2.52  236.28
B14      76.19   78.09   67.00   90.82    1.90   -2.46    3.11  307.58
B15      76.62   79.63   64.04   91.52   -0.25    1.53    1.55   99.19
B16      73.14   75.73   63.32   89.73    0.31   -0.86    0.91  290.08
B17      75.17   77.10   62.98   90.36    1.77    0.57    1.85   17.75
B18      74.24   77.94   63.25   90.75   -1.80    0.97    2.05  151.65
B19      73.26   75.73   66.28   89.73    0.57   -3.66    3.71  278.85
B20      56.29   57.01   37.01   80.19    3.35   12.70   13.14   75.24
B21      64.12   63.63   42.79   83.77    6.41   11.30   12.99   60.42
B22      58.91   56.01   36.60   79.62   12.20   12.30   17.32   45.23
C01       5.35    4.95    2.66   26.60    7.02    9.79   12.05   54.34
C02       5.85    5.00    1.71   26.75   12.24   18.79   22.42   56.92
C03       6.75    5.38    1.37   27.80   17.28   24.47   29.96   54.77
C04       6.86    5.41    1.37   27.87   18.13   24.65   30.60   53.66
C05      27.37   25.78   12.07   57.83   10.42   21.90   24.25   64.55
C06      29.06   25.21    6.16   57.28   19.38   42.14   46.38   65.31
C07      31.06   25.10    2.97   57.17   27.41   60.12   66.07   65.49
C08      32.32   25.81    2.44   57.86   29.00   65.47   71.60   66.11
C09      54.02   54.21   37.96   78.58    4.58    8.64    9.78   62.07
C10      55.38   53.95   30.67   78.44    8.65   18.98   20.86   65.51
C11      55.48   52.95   24.81   77.85   11.42   27.79   30.04   67.66
C12      54.69   51.26   18.69   76.84   13.79   38.11   40.53   70.11
C13      66.43   72.04   64.91   87.99   -6.56   -5.38    8.49  219.36
C14      70.62   68.70   64.38   86.35    9.59   -7.70   12.30  321.24
C15      73.96   77.28   53.14   90.45   -1.07   10.77   10.83   95.66
C16      58.11   60.07   50.28   81.88    0.52   -0.85    1.00  301.46
C17      66.64   64.98   49.40   84.47    9.04    4.62   10.15   27.06
C18      63.15   69.26   50.03   86.63   -8.09    7.63   11.12  136.69
C19      59.29   60.05   61.64   81.86    3.42  -12.79   13.24  284.98
C20      62.98   63.86   45.77   83.89    3.32    7.85    8.53   67.07
C21      57.83   56.71   39.86   80.02    7.86    8.59   11.64   47.52
C22      63.76   61.21   45.73   82.49   11.12    5.50   12.41   26.30
D01       4.94    4.96    2.72   26.62    2.01    9.36    9.57   77.91
D02       4.92    4.91    1.79   26.49    2.32   17.50   17.65   82.45
D03       5.69    5.47    1.45   28.03    4.86   23.89   24.38   78.50
D04       5.67    5.45    1.45   27.99    4.84   23.85   24.34   78.53
D05      30.41   31.29   15.33   62.75    0.96   21.64   21.66   87.45
D06      30.24   31.33    8.30   62.79    0.17   42.82   42.82   89.78
D07      28.91   29.78    4.63   61.46    0.82   57.00   57.00   89.18
D08      28.79   29.77    3.72   61.45    0.41   62.37   62.37   89.63
D09      62.02   64.41   44.15   84.18   -0.15   10.33   10.33   90.83
D10      61.15   63.56   34.71   83.74   -0.26   22.07   22.07   90.68
D11      60.59   63.13   28.20   83.51   -0.59   31.71   31.71   91.06
D12      59.34   61.97   20.82   82.90   -0.92   44.10   44.11   91.20
D13      56.10   63.85   62.32   83.89  -13.07   -9.96   16.43  217.32
D14      64.32   58.25   61.21   80.88   19.35  -14.06   23.92  324.00
D15      71.40   74.76   41.83   89.28   -1.37   22.01   22.05   93.55
D16      43.00   44.46   37.27   72.54    0.44   -0.85    0.96  297.24
D17      57.58   52.54   35.83   77.60   17.65    9.90   20.24   29.28
D18      50.23   58.38   36.90   80.95  -15.52   14.18   21.02  137.59
D19      45.16   44.63   55.64   72.65    6.28  -22.60   23.46  285.52
D20      50.66   50.16   26.79   76.16    6.26   21.43   22.32   73.71
D21      44.67   42.72   23.75   71.37   10.35   18.56   21.25   60.85
D22      52.12   48.16   26.83   74.93   15.43   19.21   24.64   51.22
E01       4.61    5.04    2.76   26.84   -3.13    9.44    9.94  108.33
E02       4.32    5.07    1.83   26.92   -7.44   17.84   19.33  112.64
E03       4.42    5.47    1.53   28.04  -10.88   22.95   25.40  115.37
E04       4.40    5.46    1.53   28.01  -10.93   22.94   25.41  115.47
E05      14.22   16.03    8.43   47.02   -7.41   15.13   16.84  116.11
E06      13.37   16.57    5.18   47.71  -15.77   30.32   34.18  117.48
E07      11.34   15.05    3.28   45.71  -21.01   38.12   43.52  118.87
E08      11.27   15.18    2.75   45.88  -22.22   42.33   47.81  117.69
E09      42.62   45.46   31.47   73.20   -3.53    8.71    9.40  112.08
E10      41.46   45.86   26.72   73.45   -8.12   16.86   18.71  115.71
E11      39.57   45.46   21.63   73.20  -12.85   25.75   28.77  116.51
E12      36.65   43.41   17.77   71.83  -16.32   31.51   35.49  117.38
E13      45.67   54.87   58.73   78.97  -19.55  -14.88   24.57  217.27
E14      56.90   47.02   56.69   74.21   30.63  -21.00   37.13  325.57
E15      68.42   71.38   30.24   87.67   -0.81   35.57   35.58   91.30
E16      29.11   30.06   25.22   61.71    0.52   -0.77    0.93  303.95
E17      48.21   40.41   23.83   69.76   27.25   15.64   31.41   29.85
E18      37.65   46.83   24.99   74.08  -22.79   20.97   30.97  137.38
E19      32.45   30.75   48.38   62.30   10.37  -32.45   34.06  287.72
E20      43.51   42.77   26.43   71.40    6.86   13.81   15.42   63.60
E21      51.80   49.82   31.10   75.96   10.15   14.05   17.33   54.14
E22      47.18   42.84   27.16   71.44   17.16   12.63   21.31   36.35
F01       1.75    2.10    1.55   16.02   -6.64    2.00    6.93  163.25
F02       1.68    2.29    1.39   16.95  -12.36    5.58   13.56  155.72
F03       1.99    2.99    1.30   20.01  -18.06   11.96   21.66  146.48
F04       1.99    2.99    1.30   19.98  -18.05   11.85   21.59  146.71
F05       7.56    9.41    6.18   36.76  -13.39    6.66   14.95  153.55
F06       6.54   10.03    5.27   37.90  -28.36   13.00   31.19  155.37
F07       5.28    9.82    4.50   37.51  -40.76   16.40   43.93  158.08
F08       4.79    9.78    3.97   37.44  -46.59   19.39   50.46  157.40
F09      42.62   45.87   36.69   73.46   -4.67    1.54    4.92  161.76
F10      39.93   45.29   34.18   73.08  -11.22    4.46   12.08  158.34
F11      38.49   45.75   33.29   73.39  -17.08    6.30   18.20  159.75
F12      35.91   44.74   32.06   72.72  -22.64    6.99   23.69  162.85
F13      36.48   46.37   54.69   73.78  -25.31  -19.62   32.02  217.79
F14      50.19   37.77   52.01   67.86   40.83  -26.95   48.92  326.57
F15      65.56   67.79   21.57   85.90    0.50   47.77   47.78   89.40
F16      19.02   19.60   16.57   51.38    0.65   -0.96    1.16  303.93
F17      40.77   31.43   15.92   62.87   35.41   20.38   40.85   29.92
F18      27.96   37.28   17.01   67.48  -28.85   25.76   38.67  138.24
F19      22.94   20.84   41.49   52.77   13.44  -40.52   42.68  288.35
F20      50.63   50.14   33.63   76.16    6.20   10.58   12.26   59.64
F21      44.61   42.81   30.26   71.43    9.92    7.54   12.46   37.25
F22      53.50   49.27   34.28   75.62   16.03    8.69   18.23   28.48
G01       2.58    3.18    3.01   20.72   -8.81   -3.00    9.31  198.81
G02       2.30    3.40    3.22   21.58  -17.94   -3.05   18.20  189.66
G03       2.61    4.10    3.53   23.99  -22.22   -1.02   22.24  182.62
G04       2.60    4.09    3.52   23.96  -22.28   -0.98   22.30  182.51
G05      10.14   12.40   10.72   41.85  -13.34   -1.59   13.43  186.81
G06       8.99   12.97   11.31   42.71  -26.34   -1.93   26.41  184.19
G07       7.63   13.21   12.08   43.08  -39.92   -3.58   40.08  185.12
G08       6.46   12.23   12.50   41.58  -45.14   -7.35   45.73  189.24
G09      42.61   46.14   39.29   73.64   -5.49   -1.67    5.73  196.91
G10      40.02   45.87   39.62   73.46  -12.59   -2.41   12.81  190.85
G11      38.21   46.24   41.01   73.70  -19.35   -3.80   19.71  191.11
G12      35.04   44.15   40.98   72.32  -23.88   -6.13   24.65  194.40
G13      28.73   38.72   50.35   68.55  -30.43  -23.91   38.70  218.15
G14      44.32   30.30   47.41   61.91   50.11  -31.98   59.44  327.45
G15      63.10   64.42   15.13   84.18    2.33   59.06   59.11   87.74
G16      11.78   12.13   10.43   41.43    0.54   -1.37    1.47  291.40
G17      34.94   24.75   10.66   56.84   42.58   24.45   49.10   29.86
G18      20.44   29.45   11.73   61.17  -34.45   28.66   44.81  140.25
G19      15.91   13.73   35.32   43.84   16.37  -47.59   50.33  288.98
G20      39.10   37.69   18.65   67.79    8.98   22.60   24.32   68.33
G21      32.64   29.64   13.66   61.34   15.16   23.50   27.96   57.18
G22      41.28   36.16   18.48   66.64   20.68   21.00   29.48   45.44
H01       2.81    3.20    3.64   20.83   -4.89   -7.18    8.68  235.75
H02       2.56    3.30    4.90   21.21  -11.18  -13.91   17.84  231.20
H03       2.85    3.87    6.33   23.23  -14.53  -17.36   22.64  230.07
H04       2.89    3.90    6.56   23.35  -14.20  -18.19   23.07  232.03
H05      10.87   12.47   13.28   41.95   -8.17   -8.90   12.08  227.46
H06      10.35   13.32   17.58   43.25  -17.72  -17.33   24.79  224.37
H07       9.41   13.58   21.27   43.62  -26.74  -24.52   36.28  222.52
H08       8.84   13.65   24.73   43.73  -32.00  -30.89   44.47  223.99
H09      42.96   46.00   42.63   73.54   -4.03   -6.14    7.35  236.72
H10      41.27   45.91   46.19   73.48   -8.84  -10.59   13.80  230.14
H11      39.59   45.99   50.15   73.54  -14.26  -15.08   20.75  226.60
H12      37.66   44.86   52.37   72.80  -17.21  -18.82   25.50  227.55
H13      22.93   32.62   46.38   63.85  -34.39  -27.43   43.98  218.57
H14      39.84   25.08   43.52   57.15   57.13  -35.51   67.26  328.14
H15      60.93   61.31   10.69   82.55    4.35   68.70   68.83   86.38
H16       7.18    7.46    6.50   32.83   -0.05   -1.59    1.59  268.28
H17      30.70   20.21    7.34   52.08   48.03   28.09   55.64   30.32
H18      15.10   23.55    8.45   55.64  -39.26   29.91   49.35  142.70
H19      11.43    9.38   30.58   36.72   18.47  -52.80   55.94  289.28
H20      30.76   28.83   16.31   60.63   11.37   15.58   19.29   53.88
H21      39.69   36.24   22.40   66.71   15.50   13.07   20.27   40.15
H22      33.97   28.80   16.85   60.60   23.00   14.27   27.07   31.81
I01       4.64    4.74    6.57   25.97    1.00  -13.71   13.75  274.17
I02       4.93    5.10   10.05   27.02    0.20  -24.99   24.99  270.45
I03       5.16    5.37   14.44   27.76   -0.14  -36.44   36.44  269.79
I04       5.21    5.35   17.90   27.69    0.77  -44.86   44.86  270.98
I05      15.39   15.85   17.20   46.78    0.66  -10.36   10.38  273.66
I06      15.77   15.99   22.86   46.95    2.09  -21.87   21.97  275.46
I07      15.80   16.09   27.99   47.09    1.70  -30.74   30.79  273.17
I08      15.85   16.18   32.80   47.21    1.52  -38.12   38.15  272.28
I09      43.88   45.27   42.47   73.07    0.73   -6.76    6.80  276.16
I10      43.90   45.12   46.65   72.97    1.23  -12.03   12.09  275.82
I11      44.45   45.69   50.88   73.35    1.20  -16.23   16.28  274.24
I12      43.78   44.90   53.13   72.83    1.48  -19.59   19.65  274.31
I13      18.78   27.98   42.94   59.87  -37.15  -30.10   47.81  219.02
I14      36.29   21.29   40.33   53.26   62.51  -38.17   73.24  328.59
I15      58.92   58.50    7.84   81.01    6.19   76.00   76.25   85.34
I16       4.55    4.76    4.15   26.03   -0.46   -1.41    1.48  251.81
I17      27.48   17.04    5.07   48.31   51.91   31.93   60.94   31.60
I18      11.42   19.19    6.19   50.91  -42.79   30.98   52.83  144.10
I19       8.59    6.63   26.85   30.95   20.96  -56.65   60.40  290.31
I20      37.91   36.15   24.80   66.64   10.17    8.47   13.24   39.79
I21      32.18   28.83   20.24   60.64   16.53    6.91   17.91   22.69
I22      41.02   35.80   25.70   66.37   21.06    6.41   22.01   16.91
J01       2.54    2.25    3.53   16.76    7.49  -13.48   15.42  299.07
J02       2.80    2.27    5.92   16.86   12.14  -26.44   29.09  294.66
J03       3.23    2.31    9.45   17.03   18.76  -40.19   44.35  295.03
J04       3.61    2.31   13.64   17.00   25.04  -52.90   58.53  295.33
J05      12.48   11.87   13.44   41.01    7.25  -10.96   13.14  303.48
J06      13.78   12.32   18.64   41.72   12.66  -22.31   25.65  299.57
J07      14.40   12.27   23.55   41.63   16.92  -32.35   36.51  297.61
J08      15.33   12.26   29.32   41.62   22.51  -42.33   47.95  298.00
J09      44.99   45.31   42.84   73.09    3.85   -7.18    8.15  298.18
J10      45.55   45.18   46.58   73.01    5.81  -11.87   13.21  296.09
J11      46.75   45.40   51.22   73.15    8.58  -16.94   18.99  296.86
J12      47.70   45.27   53.81   73.07   11.57  -19.91   23.02  300.15
J13      15.59   24.17   39.87   56.26  -39.06  -32.40   50.74  219.68
J14      33.23   18.25   37.34   49.80   67.00  -40.15   78.11  329.07
J15      57.11   55.88    5.80   79.55    8.13   82.21   82.61   84.36
J16       2.78    2.91    2.64   19.67   -0.44   -2.04    2.09  257.78
J17      24.76   14.52    3.56   44.97   55.06   34.97   65.23   32.42
J18       8.69   15.71    4.62   46.60  -45.62   31.40   55.38  145.46
J19       6.13    4.60   21.67   25.57   20.36  -56.44   60.00  289.84
J20      26.07   23.38    9.90   55.46   15.35   24.54   28.94   57.96
J21      20.75   17.30    6.98   48.64   21.01   23.65   31.64   48.39
J22      27.52   22.16    9.68   54.20   26.64   23.10   35.26   40.93
K01       6.05    4.93    5.86   26.55   15.37   -9.47   18.05  328.35
K02       8.00    5.33    8.49   27.64   29.98  -18.47   35.21  328.36
K03      10.47    6.05   11.42   29.53   42.31  -24.97   49.12  329.46
K04      10.91    6.26   11.86   30.06   43.30  -25.38   50.19  329.63
K05      17.98   16.06   16.99   47.05   13.91   -9.42   16.80  325.91
K06      20.70   16.34   21.40   47.42   26.10  -18.23   31.84  325.06
K07      22.84   16.17   25.65   47.19   37.04  -26.57   45.58  324.34
K08      25.26   15.79   30.90   46.69   49.75  -36.10   61.46  324.03
K09      46.64   45.36   42.42   73.13    8.38   -6.59   10.66  321.81
K10      47.91   44.43   45.32   72.52   14.56  -11.22   18.38  322.38
K11      51.89   46.07   49.88   73.59   20.60  -14.68   25.29  324.53
K12      52.92   44.85   52.77   72.80   26.70  -19.26   32.92  324.19
K13      12.93   20.78   36.77   52.71  -40.22  -34.34   52.89  220.49
K14      30.50   15.79   34.58   46.70   70.49  -41.62   81.86  329.44
K15      55.21   53.22    4.39   78.01   10.05   86.85   87.42   83.40
K16       1.68    1.76    1.66   14.16   -0.37   -2.39    2.42  261.13
K17      22.40   12.49    2.43   41.98   57.47   38.21   69.01   33.62
K18       6.64   12.81    3.31   42.47  -47.05   32.36   57.10  145.48
K19       5.13    3.33   20.70   21.32   27.16  -61.84   67.54  293.71
K20      19.84   17.40    7.75   48.76   16.09   20.73   26.24   52.18
K21      25.79   21.73   10.67   53.74   21.60   19.08   28.82   41.46
K22      21.80   17.23    7.70   48.54   26.45   20.54   33.49   37.84
L01       4.58    3.62    3.27   22.36   15.77   -2.03   15.90  352.65
L02       5.98    3.92    3.63   23.40   28.07   -2.69   28.20  354.52
L03       9.81    5.86    3.46   29.06   39.23    8.18   40.07   11.77
L04       9.79    5.85    3.47   29.02   39.23    8.08   40.05   11.63
L05      15.08   12.67   10.94   42.27   18.26   -1.54   18.32  355.18
L06      18.27   12.75   12.23   42.38   35.58   -5.22   35.96  351.66
L07      21.72   12.98   13.56   42.72   51.14   -8.34   51.81  350.74
L08      24.78   13.28   14.96   43.18   62.84  -11.19   63.83  349.91
L09      47.52   45.97   39.87   73.52    9.12   -2.63    9.49  343.91
L10      49.39   45.16   40.52   73.00   16.50   -4.38   17.07  345.13
L11      51.23   44.73   41.66   72.71   22.64   -6.35   23.51  344.33
L12      51.63   42.87   41.64   71.46   29.09   -8.48   30.30  343.74
L13      11.16   18.35   34.36   49.92  -40.42  -35.74   53.95  221.49
L14      27.75   13.59   31.71   43.63   73.14  -42.63   84.65  329.76
L15      52.88   50.05    3.29   76.10   12.36   90.47   91.31   82.22
L16       1.08    1.09    1.04    9.71    0.90   -2.15    2.33  292.76
L17      19.99   10.66    1.54   39.00   58.94   41.77   72.24   35.33
L18       5.14   10.39    2.29   38.52  -46.77   33.42   57.48  144.45
L19       4.17    2.40   18.21   17.46   31.32  -63.20   70.54  296.36
L20      24.87   22.15   12.77   54.18   15.79   13.62   20.85   40.77
L21      20.39   16.99    9.13   48.25   20.98   14.72   25.63   35.06
L22      27.24   21.84   12.53   53.86   27.03   13.72   30.31   26.92
Dmin     77.11   79.98   66.93   91.68    0.05   -0.92    0.92  273.11
GS1      71.93   74.43   62.10   89.13    0.40   -0.72    0.83  299.12
GS2      65.90   68.00   56.74   86.01    0.80   -0.70    1.06  318.71
GS3      57.45   59.28   49.61   81.45    0.78   -0.84    1.14  312.78
GS4      50.70   52.30   43.90   77.46    0.80   -0.97    1.25  309.50
GS5      44.46   45.92   38.60   73.50    0.59   -1.00    1.16  300.56
GS6      38.04   39.28   32.87   68.96    0.57   -0.73    0.92  307.96
GS7      32.49   33.63   28.28   64.67    0.29   -0.92    0.96  287.26
GS8      26.63   27.50   23.18   59.43    0.53   -0.97    1.10  298.55
GS9      22.86   23.62   19.97   55.71    0.44   -1.03    1.12  293.18
GS10     18.81   19.45   16.41   51.21    0.35   -0.90    0.97  291.39
GS11     15.37   15.89   13.55   46.84    0.30   -1.21    1.24  284.06
GS12     12.71   13.15   11.22   42.99    0.21   -1.17    1.18  280.10
GS13      9.84   10.19    8.79   38.18    0.13   -1.43    1.43  275.21
GS14      7.93    8.25    7.13   34.49   -0.14   -1.38    1.39  264.12
GS15      6.17    6.44    5.60   30.48   -0.32   -1.47    1.50  257.63
GS16      4.78    5.00    4.41   26.73   -0.47   -1.65    1.72  254.04
GS17      3.64    3.81    3.39   23.04   -0.47   -1.70    1.76  254.52
GS18      2.77    2.90    2.62   19.64   -0.54   -1.89    1.96  254.12
GS19      2.07    2.17    2.01   16.36   -0.64   -2.20    2.29  253.86
GS20      1.65    1.72    1.62   13.95   -0.35   -2.33    2.36  261.46
GS21      1.24    1.28    1.21   11.10    0.34   -2.20    2.23  278.85
GS22      0.97    0.97    0.91    8.74    1.16   -1.84    2.17  302.08
Dmax      0.96    0.96    0.91    8.65    1.16   -1.97    2.29  300.51
END_DATA
