IT8.7/2
ORIGINATOR  "DCS"
DESCRIPTOR  "calibration data"
CREATED  "Mai 29,1998"
MANUFACTURER  "DCS"
PROD_DATE  "1998:10"
SERIAL  "Batch average data"
MATERIAL  "Kodak Paper"
NUMBER_OF_FIELDS  9
BEGIN_DATA_FORMAT
SAMPLE_ID  XYZ_X  XYZ_Y  XYZ_Z  LAB_L  LAB_A  LAB_B  LAB_C  LAB_H
END_DATA_FORMAT
NUMBER_OF_SETS  288
BEGIN_DATA
#ID         X       Y       Z       L       A       B       C       H
A01       3.79    3.08    2.38   20.37   13.33    1.35   13.40     5.8
A02       4.72    2.77    1.78   19.08   31.69    4.80   32.05     8.6
A03       6.60    3.62    1.29   22.35   39.26   16.07   42.42    22.3
A04       6.72    3.65    1.06   22.49   39.86   19.53   44.39    26.1
A05      13.43   11.67    9.49   40.69   14.84    0.47   14.85     1.8
A06      15.68   11.44    7.94   40.32   30.18    5.42   30.66    10.2
A07      17.35   10.83    6.84   39.28   44.06    8.11   44.80    10.4
A08      17.44    9.20    5.25   36.37   57.07   10.43   58.02    10.4
A09      45.90   45.63   37.78   73.31    5.52   -0.21    5.53   357.8
A10      48.02   44.85   36.30   72.79   13.64    0.94   13.67     4.0
A11      50.02   44.66   34.80   72.67   19.62    2.86   19.82     8.3
A12      50.44   42.92   32.56   71.51   25.77    4.13   26.10     9.1
A13      77.03   79.66   66.50   91.53    0.52   -0.77    0.93   304.0
A14      77.00   79.62   66.52   91.51    0.53   -0.82    0.98   302.6
A15      76.89   79.50   66.38   91.46    0.54   -0.78    0.94   304.6
A16      76.89   79.51   66.33   91.47    0.52   -0.72    0.89   305.6
A17      76.95   79.57   66.40   91.49    0.53   -0.74    0.91   305.4
A18      76.97   79.59   66.44   91.50    0.53   -0.77    0.93   304.6
A19      77.00   79.62   66.43   91.51    0.53   -0.73    0.91   306.0
A20      61.36   63.08   39.28   83.49    1.32   15.32   15.38    85.1
A21      56.02   55.50   34.32   79.33    6.39   15.02   16.32    67.0
A22      63.54   61.64   39.19   82.72    9.62   14.13   17.09    55.7
B01       3.55    3.01    1.70   20.10   10.68    7.36   12.98    34.6
B02       4.05    2.75    0.86   19.02   22.82   16.66   28.25    36.1
B03       5.11    2.91    0.71   19.68   34.07   20.53   39.78    31.1
B04       5.22    2.90    0.70   19.64   35.59   20.74   41.20    30.2
B05      13.20   11.25    6.55   39.99   16.37   10.59   19.50    32.9
B06      14.80   10.91    3.97   39.43   28.81   22.84   36.76    38.4
B07      16.40   10.35    2.04   38.45   42.34   35.63   55.34    40.1
B08      16.43    8.96    0.92   35.91   53.50   44.76   69.75    39.9
B09      45.40   45.31   35.16   73.10    4.99    3.07    5.86    31.6
B10      47.13   44.69   31.35   72.68   11.66    8.01   14.15    34.5
B11      48.90   44.28   27.95   72.42   17.69   12.99   21.95    36.3
B12      49.48   43.01   23.22   71.56   22.94   19.87   30.34    40.9
B13      72.64   76.58   65.84   90.13   -2.43   -2.57    3.54   226.6
B14      75.47   76.92   65.84   90.28    2.74   -2.30    3.58   320.0
B15      76.09   78.85   62.55   91.16    0.19    2.36    2.37    85.4
B16      70.77   73.52   61.33   88.70   -0.20   -0.71    0.73   254.5
B17      74.50   76.05   61.46   89.88    2.48    1.21    2.76    26.1
B18      71.60   75.68   61.48   89.71   -2.82    0.90    2.96   162.3
B19      70.85   73.53   64.84   88.70   -0.02   -4.10    4.10   269.7
B20      54.39   55.73   38.23   79.46    1.73    9.79    9.94    80.0
B21      62.70   62.51   43.00   83.19    5.71   10.02   11.53    60.3
B22      57.35   54.94   37.12   79.01   11.04   10.51   15.25    43.6
C01       4.69    4.48    2.49   25.20    4.88    8.80   10.06    61.0
C02       4.77    4.18    1.22   24.24   10.12   20.36   22.74    63.6
C03       5.69    4.62    0.93   25.61   15.29   26.92   30.96    60.4
C04       5.77    4.61    0.92   25.60   16.22   26.97   31.47    59.0
C05      24.89   23.72   12.29   55.81    8.90   17.75   19.86    63.4
C06      26.37   23.03    5.92   55.11   18.10   39.46   43.42    65.4
C07      26.96   21.45    2.00   53.44   27.70   61.87   67.78    65.9
C08      28.26   22.04    1.55   54.07   30.15   67.66   74.07    66.0
C09      52.40   53.16   38.71   77.97    3.06    6.56    7.24    65.0
C10      53.88   52.90   31.91   77.82    7.50   15.99   17.66    64.9
C11      54.74   52.30   25.65   77.46   11.24   25.62   27.98    66.3
C12      54.20   50.44   18.84   76.34   14.71   36.92   39.75    68.3
C13      62.85   69.36   63.76   86.68   -9.01   -6.54   11.13   215.9
C14      70.55   68.41   63.44   86.21   10.06   -7.04   12.28   325.0
C15      73.96   76.93   52.76   90.29   -0.39   10.91   10.92    92.0
C16      56.35   58.97   49.68   81.28   -1.20   -1.21    1.71   225.1
C17      66.85   65.01   48.72   84.49    9.45    5.43   10.90    29.9
C18      59.88   66.67   49.65   85.34  -10.15    5.83   11.70   150.1
C19      56.82   58.37   60.16   80.95    1.38  -12.91   12.98   276.1
C20      61.57   62.90   46.00   83.39    2.21    6.72    7.07    71.8
C21      56.60   56.22   40.84   79.74    6.05    6.82    9.12    48.4
C22      63.53   61.08   45.74   82.42   10.92    5.35   12.16    26.1
D01       4.37    4.52    2.55   25.30    0.16    8.42    8.42    88.9
D02       4.14    4.20    1.33   24.31    1.37   18.93   18.98    85.9
D03       4.95    4.82    0.98   26.19    4.01   27.10   27.39    81.6
D04       4.94    4.80    0.98   26.15    3.98   27.07   27.36    81.6
D05      28.75   29.74   15.44   61.42    0.35   19.07   19.08    89.0
D06      27.68   28.71    8.13   60.53    0.02   39.55   39.55    90.0
D07      25.99   26.43    3.89   58.44    2.17   56.07   56.11    87.8
D08      25.89   26.11    2.75   58.14    3.05   63.49   63.56    87.2
D09      59.67   62.39   44.43   83.12   -1.08    8.15    8.22    97.6
D10      58.46   61.10   35.66   82.43   -1.04   18.46   18.49    93.2
D11      58.10   60.76   29.13   82.25   -1.11   28.02   28.04    92.3
D12      56.64   59.15   21.11   81.38   -0.92   40.88   40.89    91.3
D13      52.88   61.38   60.99   82.58  -15.59  -10.91   19.03   215.0
D14      64.41   58.62   59.87   81.08   18.69  -12.39   22.42   326.5
D15      71.50   74.38   42.47   89.10   -0.40   20.89   20.90    91.1
D16      42.15   44.18   37.80   72.35   -1.28   -1.89    2.29   235.9
D17      58.15   53.09   36.63   77.93   17.63    9.33   19.95    27.9
D18      47.53   56.16   37.66   79.71  -17.49   10.99   20.66   147.9
D19      43.44   43.73   53.83   72.05    3.82  -21.69   22.03   280.0
D20      49.04   49.03   27.87   75.47    4.91   18.39   19.03    75.0
D21      42.97   41.72   24.79   70.68    8.36   15.46   17.58    61.6
D22      51.39   48.02   28.38   74.84   13.91   16.46   21.55    49.8
E01       4.08    4.58    2.57   25.50   -4.59    8.60    9.75   118.1
E02       3.52    4.17    1.31   24.20   -7.43   19.11   20.51   111.3
E03       3.72    4.63    1.02   25.65  -10.62   25.59   27.71   112.5
E04       3.71    4.63    1.02   25.64  -10.70   25.57   27.72   112.7
E05      13.31   15.04    8.58   45.68   -7.43   12.29   14.36   121.1
E06      11.69   14.42    4.79   44.82  -14.68   27.39   31.08   118.2
E07       9.57   12.38    2.45   41.81  -17.70   37.69   41.64   115.2
E08       9.56   12.41    1.81   41.86  -17.92   43.79   47.31   112.3
E09      41.20   44.38   32.38   72.48   -4.73    6.09    7.71   127.8
E10      39.51   44.01   28.09   72.23   -8.88   12.44   15.28   125.5
E11      37.41   43.02   22.02   71.57  -12.71   22.19   25.57   119.8
E12      34.49   40.79   17.80   70.03  -15.82   28.34   32.46   119.2
E13      42.66   52.53   57.31   77.59  -22.38  -15.79   27.39   215.2
E14      56.43   46.98   54.59   74.18   29.61  -18.83   35.09   327.5
E15      68.51   70.84   31.27   87.41    0.53   33.52   33.52    89.1
E16      28.94   30.22   26.29   61.84   -0.73   -2.43    2.54   253.2
E17      47.97   40.18   24.17   69.60   27.29   14.72   31.01    28.4
E18      35.39   44.79   25.55   72.75  -24.52   17.68   30.23   144.2
E19      30.66   29.67   45.80   61.37    7.85  -31.02   32.00   284.2
E20      42.02   41.99   27.48   70.86    4.72   11.09   12.05    66.9
E21      50.21   49.00   32.16   75.45    8.14   11.54   14.12    54.8
E22      45.18   41.44   27.93   70.48   15.63    9.69   18.40    31.8
F01       1.34    1.75    1.32   14.11   -9.51    1.54    9.64   170.8
F02       1.02    1.63    1.02   13.45  -17.16    4.52   17.75   165.2
F03       1.18    2.08    0.87   15.88  -22.00   11.05   24.62   153.3
F04       1.18    2.08    0.87   15.89  -22.12   11.05   24.73   153.5
F05       6.99    8.73    6.29   35.46  -13.34    3.92   13.91   163.6
F06       5.56    8.52    5.18   35.03  -26.81    8.51   28.13   162.4
F07       3.88    7.47    4.14   32.85  -39.24   10.43   40.61   165.1
F08       2.83    6.48    3.47   30.58  -46.53   10.74   47.76   167.0
F09      41.35   44.98   37.11   72.88   -6.00   -0.04    6.00   180.3
F10      38.73   44.17   35.10   72.34  -11.82    1.87   11.97   171.0
F11      37.08   44.26   34.11   72.40  -17.42    3.40   17.75   168.9
F12      34.29   43.10   32.78   71.62  -23.40    4.02   23.74   170.3
F13      33.74   44.19   53.26   72.35  -28.46  -20.55   35.10   215.8
F14      49.53   37.76   49.52   67.84   39.11  -24.19   45.99   328.3
F15      65.76   67.08   21.89   85.54    2.50   46.53   46.59    86.9
F16      18.63   19.51   17.06   51.27   -0.90   -2.30    2.47   248.7
F17      40.23   31.08   15.87   62.58   34.95   20.02   40.28    29.8
F18      25.78   35.08   17.06   65.81  -30.49   22.76   38.05   143.3
F19      21.34   19.94   38.75   51.76   10.41  -38.66   40.03   285.1
F20      49.41   49.65   34.97   75.86    4.26    8.11    9.16    62.3
F21      43.52   42.43   31.30   71.16    7.87    5.47    9.58    34.8
F22      52.53   48.92   35.05   75.40   14.44    7.21   16.14    26.5
G01       2.16    2.77    3.01   19.08  -10.34   -5.87   11.88   209.6
G02       1.46    2.41    3.08   17.51  -20.65   -9.07   22.55   203.7
G03       1.64    2.86    3.27   19.46  -24.35   -7.04   25.35   196.1
G04       1.64    2.86    3.28   19.47  -24.46   -7.13   25.48   196.2
G05       9.39   11.55   10.88   40.49  -13.45   -4.41   14.16   198.1
G06       7.94   11.38   11.24   40.22  -24.77   -6.02   25.49   193.7
G07       6.22   10.92   11.64   39.44  -38.43   -8.54   39.37   192.5
G08       4.24    8.51   11.31   35.01  -43.38  -15.20   45.97   199.3
G09      41.22   45.01   39.44   72.90   -6.49   -3.14    7.21   205.8
G10      38.41   44.36   39.63   72.47  -13.40   -4.13   14.03   197.1
G11      36.22   44.23   40.68   72.38  -20.13   -5.66   20.91   195.7
G12      32.93   42.14   40.07   70.97  -25.33   -7.30   26.36   196.1
G13      26.37   36.69   48.79   67.05  -33.39  -24.72   41.54   216.5
G14      43.10   30.08   44.23   61.72   47.35  -28.51   55.27   328.9
G15      63.09   63.27   15.28   83.58    4.89   57.68   57.88    85.2
G16      11.82   12.43   11.12   41.89   -1.10   -2.77    2.98   248.3
G17      34.04   24.29   10.79   56.38   41.43   23.26   47.51    29.3
G18      18.75   27.54   11.90   59.47  -35.63   25.21   43.65   144.7
G19      14.56   12.95   32.41   42.69   13.32  -45.31   47.23   286.4
G20      37.39   36.44   19.31   66.86    7.52   19.58   20.97    69.0
G21      30.45   28.00   14.01   59.89   13.41   20.09   24.15    56.3
G22      39.50   34.95   18.79   65.71   19.22   18.71   26.82    44.2
H01       2.47    2.90    3.76   19.64   -6.30  -10.00   11.82   237.8
H02       1.96    2.64    4.85   18.55  -12.43  -18.20   22.04   235.7
H03       1.95    2.81    6.03   19.27  -15.68  -22.83   27.69   235.5
H04       1.99    2.84    6.24   19.38  -15.36  -23.59   28.15   236.9
H05      10.12   11.70   13.19   40.73   -8.66  -10.76   13.81   231.2
H06       9.32   11.95   17.11   41.13  -16.71  -19.92   26.00   230.0
H07       8.02   11.54   20.09   40.48  -25.15  -27.53   37.29   227.6
H08       6.92   10.83   22.02   39.29  -30.53  -33.48   45.31   227.6
H09      41.50   44.92   42.25   72.84   -5.39   -6.88    8.74   231.9
H10      39.56   44.43   44.82   72.52   -9.94  -10.61   14.54   226.9
H11      37.62   44.13   48.17   72.31  -15.27  -14.93   21.36   224.4
H12      35.44   42.79   50.29   71.41  -18.56  -18.91   26.50   225.5
H13      20.76   30.56   44.52   62.13  -37.08  -28.15   46.55   217.2
H14      37.54   23.96   39.42   56.05   54.60  -32.18   63.38   329.5
H15      60.63   59.62   10.48   81.63    7.59   67.78   68.20    83.6
H16       7.06    7.45    6.90   32.81   -1.23   -3.33    3.55   249.7
H17      28.97   19.14    7.26   50.85   46.77   26.27   53.65    29.3
H18      13.66   21.73    8.47   53.74  -39.94   26.59   47.98   146.3
H19      10.15    8.60   27.43   35.19   15.50  -50.32   52.65   287.1
H20      29.51   28.07   16.92   59.95    9.62   12.99   16.17    53.5
H21      38.20   35.42   23.17   66.07   13.52   10.50   17.12    37.8
H22      32.06   27.74   16.92   59.65   20.33   12.47   23.85    31.5
I01       4.32    4.47    6.89   25.17    0.19  -16.47   16.47   270.7
I02       4.38    4.55    9.80   25.41   -0.15  -26.93   26.93   269.7
I03       4.30    4.51   13.28   25.27   -0.52  -37.66   37.66   269.2
I04       4.05    4.22   15.57   24.37   -0.13  -45.15   45.15   269.8
I05      14.84   15.47   17.46   46.27   -0.44  -11.84   11.85   267.9
I06      14.99   15.44   22.49   46.23    0.64  -22.43   22.44   271.6
I07      14.76   15.26   26.85   45.98    0.35  -30.74   30.74   270.7
I08      14.37   15.00   30.23   45.63   -0.55  -36.89   36.89   269.1
I09      42.89   44.72   42.46   72.71   -0.62   -7.36    7.39   265.2
I10      42.46   44.36   45.64   72.47   -0.88  -11.69   11.72   265.7
I11      43.06   45.00   49.26   72.89   -0.93  -15.18   15.21   266.5
I12      42.49   44.30   51.40   72.42   -0.61  -18.40   18.41   268.1
I13      17.00   26.18   41.23   58.20  -39.41  -30.81   50.02   218.0
I14      33.69   20.06   35.91   51.90   59.55  -34.53   68.84   329.9
I15      58.53   56.47    7.34   79.88   10.16   76.02   76.69    82.4
I16       4.51    4.81    4.49   26.17   -1.66   -3.10    3.51   241.8
I17      25.34   15.73    4.85   46.62   50.41   30.19   58.76    30.9
I18      10.22   17.49    5.95   48.87  -42.95   28.55   51.57   146.4
I19       7.43    5.86   23.62   29.06   18.57  -54.16   57.26   288.9
I20      37.13   36.01   26.14   66.53    8.09    5.92   10.02    36.2
I21      30.90   28.15   20.94   60.02   14.56    4.42   15.21    16.9
I22      39.58   35.05   26.57   65.79   19.09    3.90   19.48    11.5
J01       2.05    1.76    3.56   14.15    8.55  -18.15   20.07   295.2
J02       2.19    1.61    5.55   13.28   15.47  -30.87   34.53   296.6
J03       2.41    1.51    7.94   12.65   22.66  -42.26   47.95   298.2
J04       2.57    1.43   10.57   12.12   28.19  -52.36   59.47   298.3
J05      12.05   11.68   13.85   40.70    5.60  -12.60   13.78   294.0
J06      12.97   11.82   18.42   40.92   10.88  -23.22   25.64   295.1
J07      13.45   11.64   22.64   40.63   15.22  -32.36   35.76   295.2
J08      14.02   11.49   26.87   40.39   19.89  -40.42   45.05   296.2
J09      43.89   44.83   42.61   72.78    1.99   -7.43    7.69   285.0
J10      44.34   44.88   45.50   72.81    3.17  -10.92   11.37   286.2
J11      45.26   44.93   49.32   72.85    5.68  -15.33   16.35   290.3
J12      45.94   44.53   51.68   72.58    8.77  -18.43   20.41   295.4
J13      13.67   21.98   37.57   54.01  -41.01  -33.20   52.77   219.0
J14      29.75   16.45   32.13   47.55   63.97  -36.52   73.66   330.3
J15      56.09   53.01    5.03   77.88   12.79   83.17   84.15    81.3
J16       2.61    2.83    2.70   19.34   -2.16   -3.05    3.74   234.7
J17      21.94   12.78    3.16   42.44   53.39   33.28   62.91    31.9
J18       7.45   13.81    4.22   43.95  -45.47   29.09   53.98   147.4
J19       5.09    3.91   18.65   23.34   18.03  -54.03   56.96   288.5
J20      24.16   22.02   10.31   54.05   13.34   20.78   24.69    57.3
J21      19.10   16.43    7.06   47.52   17.71   21.38   27.76    50.4
J22      25.80   21.15    9.99   53.11   24.34   20.19   31.63    39.7
K01       5.32    4.38    5.93   24.89   14.09  -12.66   18.94   318.0
K02       6.49    4.14    7.69   24.12   30.48  -21.54   37.32   324.8
K03       8.41    4.29    9.21   24.60   46.81  -26.31   53.70   330.7
K04       8.79    4.45    9.51   25.10   47.88  -26.48   54.71   331.1
K05      17.04   15.56   17.01   46.38   11.71  -10.62   15.81   317.8
K06      19.29   15.54   20.97   46.36   23.65  -19.21   30.47   320.9
K07      20.79   15.03   24.12   45.66   34.06  -26.44   43.12   322.2
K08      22.46   14.23   27.38   44.56   46.65  -34.08   57.77   323.9
K09      45.34   44.90   42.11   72.83    6.00   -6.71    9.00   311.8
K10      46.43   43.87   44.23   72.14   12.05  -10.54   16.01   318.8
K11      50.14   45.34   47.68   73.12   18.02  -12.98   22.21   324.2
K12      51.10   44.02   50.13   72.24   24.32  -17.30   29.85   324.6
K13      10.77   18.01   33.67   49.51  -41.49  -35.44   54.57   220.5
K14      25.50   13.00   27.91   42.76   67.72  -38.08   77.69   330.7
K15      52.71   48.48    3.13   75.12   16.10   89.85   91.29    79.8
K16       1.38    1.50    1.48   12.62   -2.03   -3.02    3.64   236.1
K17      18.25    9.93    1.77   37.72   55.52   37.08   66.76    33.7
K18       5.19   10.35    2.50   38.46  -45.94   31.56   55.74   145.5
K19       3.79    2.38   16.34   17.34   26.35  -59.11   64.72   294.0
K20      18.18   16.33    7.90   47.40   13.50   17.77   22.32    52.8
K21      24.35   20.94   11.07   52.89   19.17   16.36   25.20    40.5
K22      20.13   16.32    7.90   47.39   23.44   17.77   29.41    37.2
L01       3.76    2.93    3.10   19.75   15.47   -5.32   16.36   341.0
L02       4.77    2.74    3.24   18.96   32.82   -7.75   33.72   346.7
L03       7.60    4.07    2.96   23.90   42.38    2.86   42.48     3.9
L04       7.60    4.08    2.95   23.93   42.27    2.99   42.38     4.1
L05      13.83   11.80   11.03   40.89   16.53   -4.19   17.05   345.8
L06      16.25   11.45   11.76   40.32   33.42   -7.37   34.22   347.6
L07      18.45   10.87   12.44   39.37   49.50  -11.00   50.70   347.5
L08      19.52    9.93   12.47   37.71   62.11  -13.96   63.66   347.3
L09      46.04   45.24   39.43   73.05    7.01   -2.86    7.57   337.8
L10      48.07   44.74   40.15   72.72   14.12   -4.39   14.78   342.7
L11      50.05   44.41   40.75   72.50   20.44   -5.55   21.18   344.8
L12      50.52   42.24   40.45   71.04   27.98   -7.67   29.01   344.7
L13       8.22   14.12   29.25   44.41  -40.33  -37.43   55.03   222.9
L14      20.44    9.48   22.63   36.90   70.16  -38.77   80.16   331.1
L15      48.76   43.68    2.08   72.02   19.04   93.08   95.01    78.4
L16       0.68    0.72    0.78    6.52   -0.79   -3.44    3.53   257.1
L17      14.08    7.11    0.89   32.06   56.15   38.65   68.17    34.5
L18       3.29    7.10    1.42   32.04  -44.89   31.17   54.65   145.2
L19       2.56    1.29   12.26   11.17   31.99  -59.11   67.21   298.4
L20      23.69   21.44   12.95   53.43   13.91   11.81   18.25    40.3
L21      19.22   16.44    9.42   47.54   18.22   12.51   22.10    34.5
L22      25.64   21.06   12.69   53.01   24.10   11.79   26.83    26.1
Dmin     77.13   79.71   66.35   91.56    0.61   -0.60    0.85   315.8
GS1      70.14   72.83   60.65   88.37   -0.12   -0.60    0.61   258.5
GS2      63.77   66.40   55.49   85.20   -0.50   -0.79    0.94   237.4
GS3      55.77   58.16   49.12   80.83   -0.72   -1.33    1.52   241.6
GS4      49.22   51.37   43.65   76.90   -0.81   -1.61    1.81   243.3
GS5      42.93   44.82   38.27   72.77   -0.80   -1.79    1.96   245.8
GS6      37.51   39.17   33.85   68.87   -0.79   -2.30    2.43   251.1
GS7      32.28   33.64   29.28   64.68   -0.54   -2.54    2.59   258.1
GS8      26.36   27.41   24.17   59.35   -0.21   -2.94    2.95   265.9
GS9      22.46   23.37   20.51   55.45   -0.29   -2.60    2.62   263.6
GS10     18.44   19.24   16.96   50.96   -0.54   -2.60    2.65   258.3
GS11     15.21   15.90   13.99   46.84   -0.70   -2.39    2.49   253.7
GS12     12.67   13.27   11.79   43.16   -0.74   -2.61    2.71   254.2
GS13      9.71   10.21    9.33   38.21   -1.00   -3.26    3.41   252.9
GS14      7.76    8.15    7.52   34.29   -0.92   -3.32    3.44   254.5
GS15      6.00    6.36    5.84   30.31   -1.48   -2.89    3.24   242.9
GS16      4.69    4.99    4.62   26.70   -1.52   -2.87    3.25   242.1
GS17      3.50    3.75    3.49   22.80   -1.80   -2.79    3.32   237.2
GS18      2.57    2.77    2.68   19.09   -1.99   -3.34    3.89   239.3
GS19      1.78    1.94    1.89   15.14   -2.03   -3.09    3.70   236.7
GS20      1.35    1.47    1.46   12.40   -1.93   -3.15    3.69   238.6
GS21      0.87    0.94    0.96    8.49   -1.33   -3.04    3.31   246.4
GS22      0.50    0.52    0.65    4.75   -0.01   -4.11    4.11   269.9
Dmax      0.51    0.52    0.65    4.73    0.05   -4.08    4.08   270.6
END_DATA
