IT8.7/1
ORIGINATOR "FotoTune"
DESCRIPTOR "Agfa IT8"
MATERIAL "AgfachromeRS100Plus"
MANUFACTURER "Agfa"
CREATED "Fri Feb 20 11:21:06 1998"
PROD_DATE "1998:02"
SERIAL "35mm ap0218xx"
NUMBER_OF_FIELDS 9
BEGIN_DATA_FORMAT
SAMPLE_ID XYZ_X XYZ_Y XYZ_Z LAB_L LAB_A LAB_B LAB_C LAB_H
END_DATA_FORMAT
NUMBER_OF_SETS 288
BEGIN_DATA
A1     2.20    1.88    1.44   14.88    8.77    1.37    8.89    8.90
A2     2.62    1.74    1.07   14.06   20.72    4.93   21.30   13.40
A3     3.44    2.00    1.01   15.45   29.08    8.03   30.17   15.45
A4     4.53    2.22    1.06   16.63   39.74    9.43   40.83   13.35
A5     9.11    7.99    5.66   33.96   12.47    4.28   13.19   18.94
A6    11.43    8.24    4.95   34.49   28.01    8.81   29.37   17.47
A7    13.48    8.14    4.07   34.26   42.81   13.35   44.85   17.31
A8    14.49    7.68    3.21   33.31   53.26   17.29   55.99   17.99
A9    27.52   26.11   18.86   58.15    9.59    5.61   11.10   30.30
A10   30.07   26.46   18.81   58.47   18.07    6.28   19.14   19.15
A11   31.06   25.37   17.42   57.44   26.20    7.60   27.29   16.16
A12   31.28   24.94   15.01   57.02   28.82   12.62   31.48   23.66
A13   51.71   55.04   47.64   79.07   -3.53   -2.57    4.36  216.08
A14   52.76   51.50   46.22   76.98    8.18   -4.49    9.33  331.32
A15   55.05   56.93   40.42   80.15    0.38    8.16    8.17   87.31
A16   50.67   52.01   42.46   77.29    1.38    0.65    1.54   25.67
A17   51.69   50.99   39.81   76.67    6.72    2.97    7.36   23.89
A18   50.94   54.55   41.35   78.78   -4.34    4.62    6.35  133.24
A19   49.55   50.47   46.72   76.35    2.38   -6.16    6.61  291.18
A20    1.68    1.04    0.47    9.31   20.56    7.31   21.82   19.56
A21    5.33    2.76    0.47   19.08   39.26   23.93   45.97   31.36
A22    9.45    4.51    0.41   25.30   52.51   36.04   63.68   34.46
B1     3.29    2.95    1.77   19.86    7.59    6.26    9.84   39.53
B2     4.07    3.09    1.16   20.38   17.17   14.41   22.42   40.00
B3     4.86    3.22    0.76   20.90   25.72   21.62   33.60   40.05
B4     4.81    2.82    0.36   19.27   32.03   26.43   41.53   39.53
B5    13.07   11.51    6.43   40.42   13.59   11.87   18.05   41.15
B6    14.65   11.13    4.02   39.80   26.27   23.19   35.04   41.43
B7    15.75   10.39    2.40   38.54   38.24   32.57   50.23   40.42
B8    17.26   10.46    1.66   38.65   46.19   39.90   61.04   40.82
B9    28.68   28.49   20.30   60.33    4.76    6.34    7.93   53.12
B10   31.26   29.06   18.78   60.82   12.34   10.42   16.15   40.18
B11   33.42   29.19   16.85   60.95   19.55   14.95   24.61   37.41
B12   34.40   29.11   13.41   60.88   23.23   23.46   33.01   45.28
B13   45.53   50.75   47.26   76.53   -9.50   -6.48   11.51  214.31
B14   47.42   43.02   43.54   71.57   17.22  -10.58   20.22  328.45
B15   53.11   55.37   30.81   79.25   -0.71   20.27   20.29   91.99
B16   40.10   40.84   32.61   70.06    2.23    1.67    2.80   37.04
B17   45.38   42.25   29.65   71.04   13.70    7.95   15.86   30.09
B18   43.35   49.33   32.62   75.66  -12.07   11.31   16.53  136.86
B19   39.55   39.44   44.10   69.07    4.80  -15.56   16.29  287.14
B20    3.32    2.07    0.56   15.81   25.67   16.60   30.57   32.89
B21    8.57    4.14    0.39   24.13   50.15   34.30   60.75   34.38
B22   31.97   27.36   14.41   59.31   21.46   18.09   28.07   40.12
C1     6.12    5.86    3.01   29.07    5.28   11.39   12.55   65.13
C2     6.95    6.36    2.16   30.28    8.59   20.47   22.19   67.24
C3     6.77    5.65    1.16   28.53   14.34   28.45   31.86   63.25
C4     7.61    6.02    0.55   29.45   18.58   40.35   44.43   65.28
C5    21.62   21.02    9.82   52.97    6.49   20.58   21.58   72.50
C6    24.71   21.36    5.59   53.35   18.68   38.07   42.40   63.86
C7    25.78   20.53    2.57   52.43   27.15   55.06   61.39   63.75
C8    26.18   20.12    1.77   51.97   30.80   61.61   68.88   63.44
C9    37.11   36.76   25.64   67.10    5.51    7.88    9.62   54.98
C10   38.76   37.37   19.44   67.55    8.85   20.57   22.40   66.68
C11   39.53   36.75   16.23   67.09   13.28   27.00   30.09   63.80
C12   37.62   33.97   12.15   64.94   16.48   33.97   37.76   64.11
C13   40.50   47.09   46.51   74.25  -14.55   -9.55   17.40  213.29
C14   43.00   36.29   41.40   66.74   25.35  -16.19   30.08  327.42
C15   51.94   54.32   24.32   78.65   -1.14   30.15   30.17   92.16
C16   31.98   32.60   26.30   63.83    1.98    1.10    2.26   28.95
C17   40.17   35.18   22.31   65.90   20.42   11.92   23.65   30.27
C18   37.06   44.56   25.28   72.60  -18.37   17.99   25.71  135.59
C19   31.79   30.92   41.47   62.44    7.31  -23.70   24.81  287.11
C20    2.22    1.70    0.76   13.83   13.79    9.41   16.68   34.30
C21   25.47   19.28    6.43   51.01   31.95   30.13   43.92   43.32
C22   37.19   34.44   20.24   65.31   13.52   15.05   20.23   48.06
D1     3.74    3.88    2.05   23.27   -0.02    9.41    9.41   90.10
D2     3.62    3.59    1.13   22.25    2.57   18.01   18.19   81.88
D3     4.11    4.34    0.89   24.76   -1.08   26.01   26.03   92.38
D4     4.50    4.61    0.41   25.58    0.80   36.39   36.39   88.74
D5    16.99   17.64    8.73   49.07   -0.12   17.64   17.64   90.41
D6    17.49   18.12    4.93   49.64    0.12   35.03   35.03   89.81
D7    16.69   17.53    2.42   48.92   -1.18   50.24   50.26   91.34
D8    15.26   15.95    1.52   46.91   -0.76   55.64   55.65   90.79
D9    43.49   44.97   23.26   72.88    0.36   22.15   22.15   89.06
D10   43.61   45.15   12.24   72.99    0.25   47.61   47.62   89.70
D11   43.39   45.16    5.91   73.00   -0.44   70.43   70.43   90.36
D12   43.28   45.17    5.84   73.01   -0.83   70.78   70.79   90.67
D13   37.08   44.75   46.14   72.73  -18.85  -11.73   22.20  211.87
D14   40.25   32.44   39.46   63.71   30.08  -18.91   35.54  327.85
D15   50.94   53.22   19.45   78.01   -1.01   38.59   38.60   91.51
D16   23.41   23.95   18.27   56.03    1.40    3.24    3.59   65.73
D17   36.69   30.83   16.97   62.35   24.58   17.10   29.95   34.83
D18   33.31   41.85   20.95   70.77  -23.18   23.01   32.67  135.21
D19   26.80   25.66   39.46   57.71    8.60  -29.26   30.49  286.38
D20   17.40   13.32    4.38   43.24   27.16   27.01   38.29   44.85
D21   25.42   24.33   14.35   56.42    8.48   13.25   15.74   57.36
D22   40.43   38.93   23.39   68.70    9.15   14.73   17.34   58.13
E1     4.88    5.42    3.05   27.90   -4.32    9.11   10.09  115.35
E2     4.22    5.24    1.85   27.39  -10.81   18.50   21.42  120.29
E3     4.84    6.28    1.36   30.11  -14.36   28.70   32.10  116.57
E4     3.76    5.47    0.76   28.02  -20.31   34.04   39.65  120.84
E5    22.45   25.44   13.30   57.50   -9.24   17.93   20.17  117.24
E6    21.11   26.41    8.66   58.42  -19.44   34.01   39.18  119.75
E7    20.47   27.93    5.07   59.82  -28.56   51.85   59.19  118.85
E8    18.81   27.07    3.70   59.04  -33.49   58.35   67.28  119.85
E9    41.96   44.91   31.28   72.84   -4.03    8.48    9.39  115.40
E10   40.05   45.78   23.47   73.40  -12.30   22.67   25.79  118.49
E11   36.97   43.58   16.73   71.94  -15.88   34.19   37.69  114.90
E12   34.41   41.65   13.45   70.62  -18.74   40.14   44.30  115.03
E13   32.29   40.99   45.60   70.17  -24.19  -15.49   28.73  212.65
E14   36.12   26.88   36.96   58.86   37.76  -23.88   44.67  327.69
E15   49.56   51.57   14.39   77.02   -0.44   48.69   48.70   90.52
E16   18.11   18.38   14.23   49.95    2.07    2.44    3.21   49.86
E17   32.19   25.10   11.72   57.17   31.45   21.85   38.30   34.79
E18   27.39   36.83   15.51   67.15  -29.76   28.85   41.44  135.90
E19   20.22   18.51   36.42   50.11   12.04  -38.22   40.08  287.48
E20   21.48   14.38    1.19   44.78   41.12   56.10   69.57   53.76
E21   21.82   17.92    4.15   49.40   22.79   38.93   45.11   59.65
E22   32.10   27.99    9.94   59.89   19.46   32.08   37.53   58.77
F1     3.05    3.76    2.63   22.85   -9.35    3.60   10.02  158.95
F2     2.95    4.34    2.70   24.76  -19.26    6.36   20.28  161.74
F3     2.28    4.08    2.15   23.94  -28.67    9.59   30.23  161.51
F4     1.85    3.85    1.66   23.17  -35.03   13.08   37.39  159.52
F5    10.66   13.45    8.96   43.44  -16.21    7.12   17.70  156.28
F6     8.72   13.51    7.57   43.52  -32.14   12.44   34.47  158.85
F7     7.10   13.47    6.18   43.47  -46.73   18.28   50.17  158.64
F8     6.77   14.65    5.42   45.14  -57.27   24.74   62.39  156.63
F9    26.06   30.05   23.10   61.69  -11.62    3.19   12.06  164.68
F10   24.59   31.93   20.08   63.28  -24.69   11.88   27.40  154.31
F11   22.88   32.79   18.77   64.00  -35.27   15.87   38.68  155.78
F12   21.55   32.07   17.18   63.40  -38.79   18.40   42.93  154.62
F13   29.35   38.72   45.51   68.55  -28.08  -18.17   33.45  212.89
F14   32.97   23.01   34.86   55.09   43.21  -27.44   51.19  327.58
F15   49.42   51.16   12.13   76.78    0.25   54.45   54.45   89.74
F16   12.32   12.36    9.54   41.78    2.73    2.25    3.57   39.55
F17   28.94   21.22    8.86   53.18   36.58   24.24   43.89   33.53
F18   23.66   33.50   12.50   64.57  -34.24   32.33   47.09  136.64
F19   16.40   14.54   33.85   45.00   14.12  -43.39   45.63  288.03
F20   28.28   27.24   13.35   59.20    8.08   20.74   22.26   68.71
F21   35.40   32.32   11.86   63.60   14.88   32.53   35.77   65.43
F22   39.36   37.59   17.02   67.71   10.05   26.22   28.08   69.03
G1     2.29    2.78    2.35   19.12   -7.69   -0.43    7.70  183.20
G2     2.24    3.05    2.80   20.24  -13.47   -2.22   13.65  189.33
G3     1.71    2.74    2.67   18.99  -20.38   -3.43   20.67  189.56
G4     1.12    2.45    2.43   17.70  -32.15   -3.69   32.35  186.55
G5    10.57   12.89   11.23   42.60  -13.28   -1.81   13.41  187.81
G6     8.74   12.75   11.86   42.39  -27.17   -4.06   27.48  188.50
G7     7.19   12.44   12.07   41.91  -39.20   -5.49   39.58  187.97
G8     5.77   12.13   10.52   41.43  -52.00   -1.59   52.03  181.75
G9    25.52   29.40   24.31   61.14  -11.47   -0.03   11.48  180.15
G10   24.70   32.03   27.43   63.36  -24.50   -1.66   24.56  183.88
G11   23.61   33.44   29.55   64.51  -34.26   -3.14   34.41  185.24
G12   22.87   33.31   29.73   64.41  -37.08   -3.62   37.26  185.57
G13   25.90   35.69   45.03   66.29  -32.08  -21.49   38.62  213.83
G14   30.18   19.71   32.67   51.50   48.50  -30.41   57.25  327.91
G15   49.00   50.44   10.00   76.34    0.99   60.26   60.28   89.06
G16    8.56    8.67    6.50   35.34    1.74    2.82    3.32   58.15
G17   26.00   17.78    6.45   49.23   41.86   26.95   49.79   32.78
G18   19.80   29.92   10.12   61.58  -39.43   34.45   52.36  138.86
G19   12.70   10.79   31.56   39.22   16.43  -49.91   52.54  288.23
G20   36.23   35.22   14.66   65.93    7.68   28.86   29.87   75.09
G21   37.04   35.92   11.08   66.46    8.04   39.79   40.60   78.58
G22   42.75   40.23    2.89   69.63   12.17   82.19   83.10   81.58
H1     2.03    2.30    2.53   17.01   -4.18   -5.66    7.05  233.65
H2     2.05    2.59    3.48   18.32   -9.43  -10.40   14.04  227.79
H3     1.92    2.75    4.46   19.00  -15.34  -15.21   21.60  224.76
H4     1.40    2.38    4.81   17.38  -21.90  -19.96   29.64  222.36
H5     8.81   10.20   10.48   38.19   -8.43   -7.05   10.99  219.86
H6     7.82   10.02   12.93   37.88  -15.89  -14.88   21.77  223.12
H7     6.84    9.70   16.81   37.30  -22.84  -25.74   34.41  228.42
H8     5.99    9.38   19.23   36.70  -29.11  -32.17   43.39  227.86
H9    26.90   28.98   26.44   60.76   -4.18   -4.46    6.11  226.70
H10   26.42   29.60   31.74   61.31   -8.44  -12.09   14.76  235.07
H11   27.01   31.93   37.64   63.28  -14.59  -17.20   22.56  229.71
H12   25.91   32.65   43.03   63.87  -21.64  -23.22   31.73  227.01
H13   23.47   33.41   44.65   64.49  -34.77  -24.12   42.32  214.76
H14   26.44   15.75   29.60   46.65   54.78  -34.03   64.49  328.15
H15   48.68   49.65    7.71   75.85    2.18   67.66   67.69   88.15
H16    6.03    6.11    4.61   29.69    1.54    2.34    2.80   56.76
H17   22.50   14.14    4.15   44.42   47.36   30.35   56.25   32.65
H18   16.43   26.44    7.49   58.46  -43.69   38.54   58.26  138.58
H19    9.44    7.30   28.16   32.47   21.56  -56.14   60.13  291.01
H20   40.36   41.16   14.93   70.29    2.09   35.68   35.74   86.64
H21   34.66   35.93   23.30   66.47    0.03   11.05   11.05   89.82
H22   38.76   42.15   12.95   70.97   -5.92   42.14   42.55   97.99
I1     3.47    3.53    5.39   22.05    0.94  -14.90   14.94  273.60
I2     3.93    4.09    8.45   23.97   -0.24  -24.62   24.62  269.45
I3     3.83    3.62   12.30   22.36    5.18  -39.86   40.19  277.40
I4     3.79    3.77   15.53   22.88    2.35  -47.53   47.59  272.83
I5    12.76   13.10   13.62   42.91    0.86   -8.09    8.14  276.00
I6    13.24   13.41   18.52   43.38    1.95  -19.11   19.22  275.77
I7    13.53   13.49   24.67   43.50    3.31  -31.08   31.26  276.08
I8    13.94   13.81   31.76   43.96    4.02  -42.05   42.24  275.46
I9    28.05   28.48   26.80   60.32    2.28   -5.82    6.26  291.47
I10   28.62   28.89   32.42   60.68    2.99  -14.22   14.53  281.91
I11   29.56   29.78   37.08   61.47    3.26  -19.58   19.85  279.45
I12   27.69   27.83   40.85   59.74    3.44  -27.56   27.78  277.12
I13   20.76   30.76   43.93   62.30  -37.84  -27.01   46.50  215.52
I14   23.24   12.75   26.60   42.39   59.49  -36.41   69.75  328.53
I15   48.14   48.56    5.86   75.18    3.62   74.46   74.54   87.21
I16    3.62    3.66    2.83   22.54    1.34    1.48    1.99   47.96
I17   19.44   11.22    2.49   39.94   52.01   34.20   62.25   33.33
I18   13.18   22.74    5.45   54.81  -47.67   41.27   63.05  139.11
I19    7.03    4.89   24.99   26.43   25.95  -61.09   66.38  293.02
I20   42.53   46.58   16.32   73.93   -7.02   38.55   39.19  100.33
I21   14.99   19.49    5.15   51.26  -21.10   36.64   42.28  119.94
I22   31.98   39.53   20.10   69.13  -20.85   21.90   30.25  133.60
J1     1.12    0.95    1.73    8.57    7.33  -12.78   14.73  299.83
J2     1.59    1.14    4.08   10.12   14.51  -28.33   31.83  297.11
J3     1.66    0.96    6.08    8.66   22.85  -41.31   47.21  298.96
J4     1.88    0.99    8.48    8.85   27.51  -50.79   57.76  298.44
J5     7.85    7.55    8.43   33.03    5.33   -8.93   10.41  300.79
J6     8.66    7.63   11.75   33.21   11.76  -19.56   22.83  301.01
J7     9.61    7.86   16.89   33.68   17.72  -32.16   36.72  298.85
J8    10.48    7.99   22.38   33.96   23.32  -43.28   49.16  298.31
J9    24.42   24.16   22.58   56.25    4.97   -5.22    7.20  313.53
J10   26.34   25.08   27.80   57.16    9.07  -12.98   15.84  304.96
J11   27.69   25.56   32.64   57.62   12.52  -19.83   23.45  302.27
J12   28.49   25.33   38.65   57.39   16.67  -28.73   33.21  300.11
J13   18.44   28.24   43.22   60.10  -39.97  -29.94   49.94  216.83
J14   19.92    9.98   23.08   37.81   63.63  -37.99   74.10  329.16
J15   48.22   48.03    4.47   74.85    5.28   81.02   81.19   86.27
J16    2.03    2.01    1.50   15.52    2.13    1.82    2.82   40.58
J17   16.62    8.82    1.37   35.64   55.72   38.03   67.46   34.31
J18   10.38   19.26    3.81   50.99  -50.86   43.78   67.10  139.29
J19    4.89    2.86   20.79   19.48   32.09  -65.09   72.57  296.24
J20   32.85   41.21   26.58   70.32  -22.90   11.79   25.74  152.76
J21    3.32    6.50    1.35   30.64  -38.31   29.68   48.47  142.24
J22    0.65    1.29    0.57   11.20  -21.77    8.53   23.38  158.60
K1     2.05    1.64    1.87   13.48   11.63   -5.72   12.97  333.81
K2     2.37    1.50    2.68   12.60   22.01  -14.42   26.31  326.77
K3     3.33    1.85    4.16   14.65   30.73  -21.00   37.22  325.65
K4     3.70    1.77    5.15   14.22   38.42  -27.24   47.10  324.66
K5     6.82    5.80    6.69   28.89   13.37   -9.16   16.21  325.61
K6     7.62    5.33    8.07   27.65   26.42  -16.81   31.31  327.52
K7     9.40    5.45   11.43   27.98   40.54  -27.62   49.05  325.73
K8    10.53    5.47   13.89   28.03   49.26  -34.48   60.13  325.01
K9    22.09   20.39   18.91   52.28   11.67   -4.61   12.55  338.42
K10   23.82   20.14   22.35   52.00   20.62  -12.11   23.92  329.57
K11   26.51   20.15   26.76   52.01   31.94  -20.11   37.74  327.80
K12   28.15   19.81   30.89   51.62   40.19  -27.49   48.69  325.63
K13   15.64   24.93   41.86   57.00  -41.97  -33.58   53.75  218.65
K14   16.50    7.55   19.08   33.03   66.29  -38.18   76.49  330.06
K15   48.15   47.19    3.22   74.31    7.42   87.88   88.19   85.18
K16    0.99    0.95    0.63    8.57    2.66    2.72    3.81   45.75
K17   13.55    6.58    0.57   30.83   58.10   42.24   71.83   36.02
K18    7.52   15.31    2.42   46.06  -53.86   45.32   70.39  139.92
K19    3.21    1.47   15.99   12.39   38.49  -66.75   77.05  299.97
K20    2.85    3.67    2.55   22.56  -11.78    3.72   12.35  162.51
K21    1.44    1.95    1.79   15.22  -11.52   -1.96   11.69  189.69
K22    1.93    2.51    3.45   17.97  -10.62  -10.85   15.18  225.61
L1     2.00    1.68    1.31   13.75    9.09    1.07    9.16    6.69
L2     2.64    1.77    1.45   14.28   20.24    0.27   20.25  180.75
L3     3.42    1.95    2.03   15.23   29.62   -4.30   29.94  351.74
L4     4.22    2.05    2.85   15.73   39.33  -10.40   40.68  345.19
L5     7.38    6.11    5.76   29.67   15.41   -3.57   15.82  346.96
L6     8.24    5.41    5.55   27.89   31.06   -5.62   31.57  349.73
L7     9.62    5.10    5.46   26.99   46.60   -6.73   47.10  351.79
L8    10.26    5.14    5.17   27.10   51.18   -5.07   51.42  354.35
L9    22.32   20.74   16.92   52.67   11.02    0.50   11.03    2.60
L10   24.46   20.22   16.95   52.09   22.99   -0.58   23.00  358.56
L11   27.88   21.29   20.54   53.26   32.06   -6.33   32.68  348.83
L12   26.63   19.22   16.53   50.94   37.08   -1.58   37.11  357.56
L13   13.03   21.42   40.26   53.40  -42.54  -37.72   56.85  221.57
L14   12.35    5.14   13.50   27.11   66.18  -35.02   74.87  332.11
L15   47.87   45.38    1.85   73.15   11.67   97.32   98.03   83.16
L16    0.21    0.16    0.09    1.44    2.29    0.75    2.41   18.22
L17    9.93    4.42    0.12   25.01   57.63   40.74   70.58   35.26
L18    4.95   10.88    1.09   39.38  -52.83   48.21   71.52  137.62
L19    1.74    0.56    9.38    4.99   40.47  -60.65   72.90  303.71
L20    0.58    0.69    0.87    6.30   -3.64   -5.36    6.48  235.82
L21    1.00    0.89    1.11    8.02    5.54   -6.12    8.26  312.15
L22    2.80    2.13    2.03   16.16   15.07   -2.68   15.30  349.91
GS0    59.38   60.92   49.94   82.33    1.54    0.44    1.66   15.76
GS1    58.19   60.11   48.92   81.90    0.56    0.84    1.01   55.96
GS2    51.53   53.51   44.10   78.18   -0.19    0.14    0.26  144.88
GS3    43.03   44.32   36.85   72.44    0.87   -0.34    0.94  337.46
GS4    36.91   38.35   30.95   68.28   -0.23    1.12    1.17  102.88
GS5    33.70   34.78   27.69   65.57    0.58    1.71    1.93   67.48
GS6    28.98   30.03   23.06   61.68    0.07    3.24    3.26   88.39
GS7    23.72   24.48   19.71   56.57    0.48    1.08    1.35   60.39
GS8    20.66   21.23   17.16   53.21    0.87    0.87    1.23   45.26
GS9    16.99   17.38   13.69   48.72    1.30    1.74    2.19   53.96
GS10   13.68   14.02   11.03   44.26    1.00    1.68    2.05   63.04
GS11   11.62   11.95    9.45   41.14    0.72    1.41    1.74   62.69
GS12    9.31    9.59    7.76   37.09    0.56    0.61    0.83   46.04
GS13    7.53    7.83    6.18   33.62   -0.22    1.26    1.30  103.55
GS14    5.95    6.11    4.62   29.67    0.78    2.23    2.42   71.39
GS15    4.28    4.37    3.63   24.85    0.91   -0.16    1.13  159.83
GS16    3.16    3.27    2.63   21.10    0.15    0.58    0.76   96.44
GS17    2.20    2.22    1.78   16.57    1.38    0.42    1.43   16.95
GS18    1.51    1.56    1.25   13.01    0.11    0.44    0.55  101.62
GS19    1.16    1.14    0.87   10.18    1.81    1.33    2.24   36.57
GS20    0.56    0.52    0.41    4.77    2.01    0.43    2.06   11.92
GS21    0.34    0.34    0.31    3.09    0.43   -0.47    0.63  311.97
GS22    0.22    0.23    0.22    2.11   -0.33   -0.56    0.64  239.24
GS23    0.04    0.05    0.06    0.48   -0.32   -0.31    0.45  223.67
END_DATAA