IT8.7/1
ORIGINATOR "FotoTune"
DESCRIPTOR "Agfa IT8"
MATERIAL "AgfachromeRS100Plus"
MANUFACTURER "Agfa"
CREATED "Tue Oct 13 07:28:23 1998"
PROD_DATE "1998:010"
SERIAL "35mm ap1012xx"
NUMBER_OF_FIELDS 9
BEGIN_DATA_FORMAT
SAMPLE_ID XYZ_X XYZ_Y XYZ_Z LAB_L LAB_A LAB_B LAB_C LAB_H
END_DATA_FORMAT
NUMBER_OF_SETS 288
BEGIN_DATA
A1     2.07    1.82    1.30   14.52    7.28    2.47    7.69   18.72
A2     2.71    1.93    1.00   15.13   17.82    7.78   19.44   23.59
A3     3.55    2.16    1.12   16.31   27.04    8.02   28.21   16.52
A4     4.37    2.27    0.94   16.83   36.76   11.68   38.57   17.64
A5     9.24    8.16    6.08   34.32   11.88    2.97   12.26   14.05
A6    11.67    8.58    5.41   35.14   26.85    7.59   27.91   15.78
A7    13.62    8.39    4.52   34.77   41.54   11.62   43.14   15.64
A8    15.57    8.70    3.62   35.40   50.76   18.15   53.92   19.67
A9    27.06   26.52   19.89   58.52    6.10    4.08    7.34   33.80
A10   30.20   26.88   19.60   58.85   16.90    5.24   17.69   17.26
A11   31.30   26.23   17.44   58.25   23.59    8.94   25.24   20.78
A12   31.35   25.71   14.23   57.76   25.89   15.92   30.40   31.58
A13   49.09   52.01   43.52   77.29   -2.87   -0.69    2.96  193.56
A14   50.24   48.82   42.31   75.33    8.63   -2.53    9.01  343.73
A15   52.55   54.22   36.06   78.59    0.68   11.39   11.41   86.57
A16   52.25   53.91   42.39   78.40    0.69    2.66    2.77   74.48
A17   49.25   48.52   35.54   75.15    6.77    6.18    9.17   42.34
A18   48.82   52.25   37.08   77.43   -4.21    7.96    9.01  117.88
A19   47.50   48.19   43.55   74.94    2.88   -4.76    5.57  301.19
A20    1.90    1.29    0.59   11.15   18.05    8.09   19.78   24.14
A21    5.82    3.19    0.61   20.80   37.49   24.31   44.69   32.97
A22   10.33    5.16    0.56   27.18   51.31   36.24   62.82   35.23
B1     3.01    2.82    1.62   19.30    5.19    6.94    8.67   53.21
B2     3.97    3.18    1.11   20.75   14.28   15.93   21.39   48.14
B3     4.85    3.34    0.73   21.36   23.53   23.08   32.96   44.44
B4     5.18    3.19    0.45   20.81   29.96   27.42   40.61   42.45
B5    12.80   11.78    6.55   40.85    9.96   12.14   15.70   50.61
B6    14.19   11.38    4.27   40.21   21.65   22.42   31.17   46.00
B7    15.83   10.66    2.56   38.99   36.68   32.07   48.72   41.16
B8    18.15   11.51    1.95   40.42   43.31   39.95   58.93   42.69
B9    32.04   31.66   22.05   63.06    5.50    7.55    9.34   53.85
B10   33.42   31.25   18.57   62.72   11.88   14.14   18.47   49.93
B11   35.12   31.27   17.34   62.72   17.71   16.89   24.48   43.64
B12   35.73   30.94   13.74   62.45   20.96   25.30   32.85   50.36
B13   43.04   47.79   42.50   74.69   -8.78   -3.89    9.61  203.94
B14   45.21   40.97   39.62   70.15   17.08   -8.01   18.87  334.89
B15   50.53   52.51   27.51   77.58   -0.25   22.73   22.73   90.63
B16   41.36   43.17   35.69   71.67   -0.80   -0.03    0.87  173.52
B17   43.63   40.73   26.43   69.98   13.23   11.47   17.53   40.88
B18   41.79   47.47   28.93   74.49  -11.66   15.06   19.06  127.79
B19   38.11   38.03   40.91   68.04    4.70  -13.34   14.14  289.39
B20    3.74    2.47    0.71   17.81   23.49   17.29   29.17   36.35
B21    9.52    4.82    0.55   26.21   49.17   34.93   60.31   35.39
B22   32.24   28.11   13.86   59.99   19.48   20.72   28.44   46.75
C1     6.47    6.45    3.27   30.51    2.71   12.08   12.39   77.31
C2     7.29    6.92    2.36   31.62    6.11   20.96   21.83   73.75
C3     7.17    6.21    1.31   29.93   12.26   29.00   31.49   67.08
C4     8.14    6.68    0.67   31.05   16.56   40.93   44.15   67.97
C5    21.93   21.55    9.82   53.53    5.47   21.58   22.27   75.80
C6    24.72   21.79    5.80   53.79   16.72   37.81   41.35   66.13
C7    25.99   21.14    2.80   53.08   25.16   54.40   59.94   65.18
C8    26.39   20.81    2.01   52.72   28.35   60.53   66.84   64.90
C9    41.24   41.26   27.39   70.35    4.48   10.48   11.40   66.80
C10   40.96   40.12   21.85   69.54    7.09   19.15   20.42   69.70
C11   41.27   39.34   17.60   68.99   10.46   27.08   29.04   68.88
C12   39.13   36.14   12.96   66.62   14.03   34.58   37.32   67.91
C13   39.11   45.19   42.33   73.01  -13.61   -6.56   15.11  205.74
C14   41.24   35.22   37.54   65.91   23.63  -12.52   26.74  332.08
C15   49.47   51.45   21.97   76.94   -0.38   31.66   31.66   90.69
C16   30.98   32.63   26.81   63.86   -1.78    0.25    1.81  171.63
C17   39.24   34.79   20.06   65.58   18.85   15.90   24.66   40.14
C18   36.60   43.67   23.24   72.00  -17.31   20.69   26.98  129.91
C19   30.86   30.19   38.33   61.81    6.58  -20.67   21.69  287.66
C20    2.58    2.12    0.93   16.07   11.33   10.46   15.42   42.69
C21   26.10   20.43    6.68   52.31   28.95   31.30   42.63   47.23
C22   36.74   34.24   19.11   65.15   12.68   17.14   21.32   53.50
D1     3.93    4.29    2.28   24.60   -2.88    9.51    9.94  106.85
D2     3.75    3.88    1.23   23.26    0.21   18.51   18.51   89.34
D3     4.34    4.71    1.00   25.89   -2.73   26.31   26.45   95.91
D4     4.67    4.89    0.47   26.42   -0.67   36.76   36.77   91.05
D5    16.98   17.84    8.72   49.28   -1.22   18.07   18.11   93.85
D6    17.44   18.23    5.00   49.76   -0.77   34.89   34.90   91.27
D7    16.49   17.28    2.52   48.60   -0.97   48.92   48.93   91.14
D8    15.49   16.23    1.68   47.26   -0.95   54.47   54.48   91.00
D9    44.23   45.48   22.85   73.20    1.10   23.51   23.54   87.32
D10   44.27   45.61   12.50   73.28    0.84   47.36   47.37   88.98
D11   44.01   45.58    6.61   73.26    0.18   67.76   67.76   89.85
D12   43.45   45.31    6.68   73.08   -0.69   67.14   67.14   90.59
D13   35.58   42.72   42.01   71.36  -17.95   -9.01   20.09  206.66
D14   38.76   31.67   36.13   63.07   28.17  -15.48   32.14  331.22
D15   48.46   50.36   17.91   76.29   -0.26   38.99   38.99   90.38
D16   23.37   24.60   20.01   56.68   -1.56    0.66    1.73  156.15
D17   36.22   30.87   15.85   62.39   22.88   19.83   30.28   40.92
D18   32.32   40.35   19.05   69.71  -22.14   25.15   33.51  131.36
D19   26.18   25.39   36.65   57.44    7.17  -25.90   26.88  285.48
D20   17.97   14.28    4.55   44.63   24.26   28.43   37.37   49.53
D21   25.60   24.81   13.39   56.89    7.16   16.65   18.12   66.72
D22   39.45   38.05   21.31   68.05    8.88   17.61   19.73   63.25
E1     5.18    5.97    3.26   29.32   -6.74   10.04   12.09  123.88
E2     4.40    5.62    2.00   28.44  -12.80   18.73   22.69  124.35
E3     4.94    6.48    1.46   30.59  -15.09   28.21   32.00  118.14
E4     3.77    5.52    0.83   28.15  -20.72   32.87   38.86  122.22
E5    22.04   24.92   12.59   56.97   -8.90   19.01   21.00  115.09
E6    20.40   25.25    8.57   57.31  -18.11   32.42   37.13  119.19
E7    19.79   26.71    5.21   58.69  -27.06   49.20   56.15  118.81
E8    19.13   27.39    3.97   59.33  -33.10   57.20   66.08  120.05
E9    46.27   49.39   32.42   75.68   -3.76   11.68   12.27  107.84
E10   42.71   47.38   23.00   74.42   -8.65   25.33   26.77  108.87
E11   40.70   45.66   18.25   73.32   -9.96   33.12   34.58  106.75
E12   37.79   43.35   14.27   71.78  -12.51   39.99   41.90  107.36
E13   31.23   39.47   41.75   69.08  -23.40  -12.60   26.58  208.31
E14   35.01   26.75   33.90   58.74   34.54  -19.75   39.78  330.24
E15   47.35   48.99   13.73   75.44    0.32   47.72   47.72   89.61
E16   16.72   17.70   14.88   49.13   -1.96   -0.63    2.11  197.00
E17   31.86   25.28   11.01   57.34   29.49   24.30   38.22   39.49
E18   26.86   35.79   14.52   66.36  -28.45   30.00   41.35  133.49
E19   20.14   18.97   34.12   50.64    9.39  -34.03   35.30  285.42
E20   21.92   15.30    1.43   46.03   37.75   55.19   66.86   55.62
E21   22.02   18.51    4.37   50.10   20.64   38.92   44.06   62.06
E22   31.81   28.10    9.90   59.97   17.97   32.40   37.05   60.98
F1     3.24    4.14    2.79   24.13  -11.62    4.58   12.50  158.48
F2     3.13    4.71    2.86   25.88  -21.03    7.10   22.19  161.36
F3     2.38    4.28    2.24   24.57  -29.29    9.91   30.92  161.31
F4     1.93    3.99    1.75   23.64  -34.97   12.99   37.31  159.62
F5    11.15   14.05    9.91   44.28  -16.35    5.32   17.19  161.97
F6     8.66   13.30    7.50   43.19  -31.28   12.20   33.58  158.70
F7     7.90   15.13    7.52   45.80  -49.29   16.61   52.01  161.38
F8     6.89   14.50    5.69   44.94  -55.16   23.10   59.80  157.28
F9    25.51   29.14   20.88   60.88  -10.48    6.14   12.15  149.60
F10   24.10   30.66   20.12   62.21  -22.22    9.97   24.35  155.84
F11   23.79   33.58   19.90   64.62  -33.96   14.58   36.96  156.76
F12   21.32   31.34   16.12   62.78  -37.30   19.86   42.25  151.96
F13   28.25   37.10   41.35   67.34  -27.19  -15.08   31.09  209.02
F14   32.47   23.51   32.26   55.58   39.31  -22.75   45.41  329.93
F15   46.52   47.92   11.41   74.77    0.89   53.14   53.15   89.04
F16   12.52   13.26   10.85   43.15   -1.76    0.33    1.88  167.00
F17   28.93   21.73    8.45   53.74   34.11   26.70   43.32   38.05
F18   23.44   32.90   11.97   64.07  -33.11   33.04   46.78  135.06
F19   16.34   15.02   31.95   45.65   10.94  -39.41   40.90  285.52
F20   27.46   26.67   12.30   58.66    7.10   22.74   23.83   72.65
F21   34.65   31.89   11.41   63.24   13.89   33.25   36.04   67.33
F22   37.83   36.01   15.45   66.51   10.33   27.90   29.75   69.68
G1     2.49    3.17    2.58   20.72  -10.40    0.33   10.41  178.16
G2     2.45    3.49    3.03   21.90  -16.48   -1.13   16.52  183.93
G3     1.85    3.07    2.84   20.31  -22.66   -2.43   22.79  186.10
G4     1.23    2.69    2.59   18.76  -32.88   -3.11   33.03  185.40
G5    10.84   13.37   10.98   43.29  -14.32    0.22   14.33  179.10
G6     9.25   13.69   12.16   43.77  -28.82   -2.50   28.94  184.97
G7     8.55   15.00   15.29   45.63  -42.70   -7.70   43.40  190.23
G8     6.45   12.93   10.83   42.65  -49.94   -0.44   49.94  180.50
G9    29.00   32.74   26.02   63.93   -9.61    1.77    9.78  169.64
G10   24.22   30.62   26.46   62.17  -21.57   -2.03   21.67  185.37
G11   23.32   32.40   29.23   63.67  -31.92   -4.08   32.18  187.29
G12   22.10   32.12   26.32   63.44  -36.44    0.39   36.44  179.39
G13   25.26   34.67   41.38   65.49  -31.34  -18.33   36.31  210.32
G14   29.93   20.36   30.60   52.23   44.42  -25.99   51.47  329.66
G15   46.98   48.26    9.95   74.99    1.24   58.11   58.12   88.78
G16    8.43    8.93    7.32   35.84   -1.52    0.23    1.60  170.36
G17   26.39   18.66    6.52   50.28   38.90   28.51   48.23   36.23
G18   19.64   29.48    9.88   61.19  -38.55   34.59   51.79  138.11
G19   12.63   11.22   29.70   39.94   12.75  -45.74   47.49  285.57
G20   34.47   33.51   13.59   64.56    7.53   29.32   30.28   75.58
G21   35.53   34.36   10.74   65.24    8.26   38.77   39.63   77.97
G22   41.52   39.07    3.17   68.79   12.07   78.77   79.69   81.29
H1     2.26    2.74    2.80   18.97   -7.65   -4.42    8.85  210.01
H2     2.26    3.01    3.75   20.07  -12.32   -9.13   15.35  216.55
H3     2.12    3.12    4.88   20.52  -17.41  -14.89   22.91  220.56
H4     1.49    2.62    4.76   18.46  -24.06  -17.83   29.94  216.53
H5     9.36   11.00   11.07   39.56   -9.76   -6.54   11.75  213.81
H6     8.32   10.58   14.69   38.85  -15.53  -17.88   23.68  229.01
H7     7.93   11.38   19.57   40.20  -24.91  -26.83   36.61  227.12
H8     5.88    9.42   17.40   36.76  -30.64  -27.99   41.50  222.41
H9    30.44   32.33   28.66   63.59   -2.71   -3.28    4.26  230.32
H10   29.48   32.76   33.07   63.95   -7.85   -9.52   12.35  230.50
H11   28.05   32.62   36.52   63.84  -12.92  -14.68   19.56  228.65
H12   24.70   30.75   39.18   62.28  -19.92  -20.99   28.94  226.49
H13   22.80   32.46   40.83   63.72  -34.44  -20.67   40.17  210.98
H14   26.63   16.69   28.01   47.86   50.30  -29.34   58.24  329.75
H15   46.61   47.49    7.72   74.50    2.30   65.27   65.31   87.98
H16    5.12    5.51    4.70   28.15   -2.41   -0.80    2.54  198.05
H17   22.93   14.88    4.23   45.47   44.81   31.74   54.91   35.32
H18   16.45   26.23    7.39   58.25  -42.73   38.60   57.59  137.91
H19    9.49    7.84   26.77   33.65   16.78  -51.76   54.42  287.96
H20   37.78   38.23   13.65   68.17    3.00   35.42   35.55   85.16
H21   32.31   33.43   20.27   64.50    0.29   13.59   13.59   88.77
H22   36.80   39.67   12.39   69.23   -4.72   40.71   40.98   96.62
I1     3.70    4.03    5.46   23.75   -2.73  -12.30   12.61  257.48
I2     4.17    4.43    9.11   25.04   -1.44  -25.16   25.20  266.71
I3     4.03    4.07   12.61   23.88    1.65  -38.10   38.13  272.48
I4     3.62    3.99   13.99   23.63   -3.43  -42.30   42.44  265.37
I5    13.36   13.93   14.43   44.13   -0.47   -8.10    8.12  266.67
I6    13.74   14.10   19.79   44.37    0.92  -20.10   20.12  272.60
I7    13.92   14.18   24.61   44.47    1.56  -29.27   29.31  273.05
I8    13.99   14.32   29.01   44.67    1.16  -36.47   36.50  271.82
I9    31.72   32.63   28.45   63.84    0.96   -2.51    2.69  290.72
I10   32.33   33.18   32.07   64.29    1.23   -7.45    7.55  279.38
I11   32.62   33.07   35.70   64.20    2.64  -12.91   13.18  281.58
I12   29.37   29.57   38.09   61.27    3.31  -21.28   21.53  278.83
I13   20.13   29.88   40.33   61.54  -37.67  -23.77   44.54  212.26
I14   23.70   13.72   25.55   43.83   55.29  -32.10   63.93  329.86
I15   46.32   46.80    6.11   74.06    3.38   71.34   71.42   87.29
I16    3.12    3.37    2.77   21.46   -2.07    0.11    2.14  177.54
I17   20.28   12.20    2.68   41.53   49.36   35.40   60.74   35.65
I18   13.38   22.92    5.55   54.99  -47.13   41.12   62.55  138.89
I19    7.03    5.32   23.99   27.62   20.80  -57.22   60.88  289.98
I20   39.83   43.29   14.83   71.74   -5.89   38.47   38.92   98.70
I21   14.47   18.56    5.14   50.15  -19.51   34.84   39.93  119.25
I22   30.13   36.97   17.93   67.25  -19.58   23.35   30.49  129.99
J1     1.13    0.97    2.01    8.73    7.12  -15.32   16.90  294.91
J2     1.64    1.24    4.36   10.83   12.97  -28.74   31.53  294.29
J3     1.69    1.00    6.26    9.02   21.98  -41.49   46.96  297.91
J4     1.85    1.13    7.99   10.08   21.40  -46.83   51.49  294.56
J5     8.14    7.97    8.89   33.91    4.17   -9.06    9.98  294.75
J6     8.90    7.95   12.52   33.88   10.93  -20.62   23.34  297.92
J7     9.57    7.83   17.12   33.61   17.56  -32.78   37.19  298.17
J8    10.72    8.76   20.53   35.51   18.33  -36.91   41.22  296.41
J9    28.53   28.46   25.87   60.28    4.33   -4.26    6.09  315.42
J10   29.69   28.74   30.05   60.53    7.67  -10.79   13.24  305.40
J11   29.32   27.39   32.86   59.31   11.52  -17.22   20.72  303.79
J12   29.43   26.46   36.12   58.45   15.66  -23.42   28.18  303.79
J13   18.01   27.74   39.87   59.65  -40.29  -26.45   48.20  213.29
J14   20.52   10.89   22.52   39.38   59.79  -34.18   68.86  330.24
J15   46.36   46.35    4.68   73.77    4.76   77.94   78.09   86.51
J16    1.71    1.86    1.52   14.75   -2.10    0.19    2.16  173.18
J17   17.45    9.63    1.56   37.17   53.65   38.43   65.99   35.62
J18   10.71   19.68    3.97   51.48  -50.49   43.60   66.71  139.18
J19    5.04    3.30   20.63   21.19   26.64  -61.81   67.31  293.32
J20   30.80   38.41   23.18   68.31  -21.69   14.44   26.07  146.35
J21    3.32    6.42    1.44   30.45  -37.66   28.24   47.07  143.14
J22    0.77    1.51    0.70   12.69  -23.68    8.77   25.26  159.68
K1     2.26    1.97    2.12   15.32    8.17   -5.05    9.61  328.27
K2     2.62    1.82    2.89   14.50   18.80  -12.86   22.78  325.62
K3     3.55    2.11    4.41   16.01   28.25  -20.08   34.67  324.59
K4     4.00    2.07    5.17   15.87   35.69  -24.46   43.26  325.58
K5     7.16    6.34    6.95   30.26   10.67   -7.86   13.25  323.60
K6     7.38    5.17    8.20   27.22   25.94  -18.08   31.62  325.13
K7     8.92    5.18   11.23   27.23   39.78  -28.32   48.83  324.55
K8    10.81    6.06   12.92   29.54   44.78  -29.22   53.47  326.87
K9    23.99   22.38   20.69   54.41   10.94   -4.65   11.89  336.95
K10   25.36   21.72   23.01   53.72   19.81  -10.39   22.37  332.34
K11   27.80   21.77   26.96   53.78   29.49  -17.37   34.22  329.49
K12   29.15   21.41   29.18   53.38   36.46  -21.73   42.44  329.21
K13   15.43   24.79   38.96   56.86  -42.61  -30.05   52.14  215.19
K14   17.25    8.35   19.07   34.71   63.19  -35.26   72.36  330.84
K15   46.52   45.85    3.39   73.45    6.60   85.21   85.46   85.57
K16    0.78    0.88    0.72    7.92   -2.77    0.01    2.82  179.66
K17   14.63    7.38    0.72   32.67   56.92   42.74   71.19   36.90
K18    7.78   15.74    2.53   46.63  -53.92   45.41   70.49  139.90
K19    3.33    1.72   16.30   13.95   33.76  -64.79   73.06  297.53
K20    3.01    4.01    2.64   23.69  -13.66    4.97   14.54  160.02
K21    1.60    2.28    1.95   16.90  -14.24   -0.64   14.26  182.54
K22    2.18    2.97    3.75   19.93  -13.46   -9.40   16.41  214.93
L1     2.19    1.96    1.74   15.27    6.71   -1.22    6.82  349.69
L2     2.89    2.09    1.87   15.94   17.64   -1.48   17.70  355.19
L3     3.71    2.26    2.38   16.81   27.44   -4.69   27.84  350.30
L4     4.45    2.31    2.91   17.06   36.87   -8.59   37.85  346.88
L5     7.44    6.43    5.81   30.46   12.57   -2.41   12.80  349.09
L6     8.21    5.53    5.78   28.18   29.49   -6.25   30.15  348.04
L7     9.59    5.06    5.81   26.89   46.72   -8.57   47.49  349.60
L8    11.59    6.16    5.60   29.81   49.28   -2.57   49.35  357.02
L9    24.03   22.53   17.75   54.58   10.39    1.90   10.57   10.41
L10   26.45   22.16   18.59   54.19   22.30   -0.62   22.31  358.41
L11   27.11   21.43   18.04   53.41   28.36   -0.75   28.38  358.49
L12   28.16   21.18   16.23   53.14   33.70    2.96   33.83    5.03
L13   12.88   21.50   37.47   53.48  -43.96  -33.85   55.48  217.60
L14   13.28    5.78   14.20   28.85   64.92  -33.89   73.23  332.43
L15   46.95   45.15    2.10   72.99    9.76   94.65   95.15   84.11
L16    0.26    0.23    0.14    2.07    1.65    0.93    1.91   29.24
L17   11.10    5.08    0.19   26.95   58.08   42.85   72.17   36.42
L18    5.33   11.66    1.27   40.67  -53.88   47.96   72.14  138.33
L19    1.94    0.71   10.45    6.41   39.38  -61.78   73.26  302.51
L20    0.67    0.87    1.01    7.85   -7.00   -5.04    8.64  215.70
L21    1.11    1.09    1.25    9.73    1.98   -5.03    5.43  291.20
L22    3.17    2.60    2.26   18.35   12.09   -1.03   12.14  355.18
GS0    55.70   57.10   45.70   80.22    1.63    1.73    2.41   46.46
GS1    54.82   56.33   45.21   79.79    1.29    1.58    2.06   50.57
GS2    49.00   50.78   40.21   76.54    0.08    2.24    2.25   88.02
GS3    43.07   44.88   36.19   72.80   -0.61    1.24    1.39  115.90
GS4    38.07   40.05   32.06   69.49   -1.73    1.53    2.32  138.07
GS5    32.69   34.10   27.34   65.03   -0.65    1.38    1.57  111.50
GS6    26.76   28.30   23.27   60.15   -2.13    0.20    2.14  174.68
GS7    22.65   24.20   18.96   56.28   -3.10    2.18    3.79  144.72
GS8    19.90   21.06   16.90   53.01   -2.02    1.16    2.34  150.24
GS9    16.06   17.16   13.63   48.46   -2.76    1.44    3.12  152.57
GS10   14.00   14.80   12.14   45.35   -1.66    0.26    1.70  170.87
GS11   11.22   11.83    9.64   40.94   -1.38    0.47    1.48  159.55
GS12    9.35    9.86    8.12   37.58   -1.26    0.11    1.26  174.10
GS13    7.45    7.93    6.42   33.83   -1.89    0.56    1.99  163.38
GS14    5.82    6.22    5.13   29.95   -1.94    0.03    1.94  179.62
GS15    4.18    4.46    3.61   25.14   -1.67    0.55    1.78  160.05
GS16    3.00    3.25    2.84   21.02   -2.30   -1.17    2.60  207.36
GS17    2.19    2.41    1.88   17.49   -2.88    1.14    3.12  158.16
GS18    1.56    1.72    1.42   13.94   -2.63   -0.02    2.67  179.54
GS19    0.93    1.02    0.88    9.16   -1.94   -0.65    2.08  197.78
GS20    0.63    0.71    0.54    6.40   -2.02    0.76    2.18  159.05
GS21    0.37    0.43    0.37    3.88   -1.66   -0.27    1.69  189.01
GS22    0.26    0.32    0.30    2.88   -2.01   -0.61    2.11  196.83
GS23    0.06    0.08    0.09    0.75   -0.89   -0.31    0.94  199.56
END_DATA

