IT8.7/1
ORIGINATOR "FotoTune"
DESCRIPTOR "Agfa IT8"
MATERIAL "AgfachromeRS100Plus"
MANUFACTURER "Agfa"
CREATED "Thu Apr  1 09:03:22 1999"
PROD_DATE "1999:04"
SERIAL "35mm az0329xx"
NUMBER_OF_FIELDS 9
BEGIN_DATA_FORMAT
SAMPLE_ID XYZ_X XYZ_Y XYZ_Z LAB_L LAB_A LAB_B LAB_C LAB_H
END_DATA_FORMAT
NUMBER_OF_SETS 288
BEGIN_DATA
A1     2.65    2.38    1.82   17.35    7.25    1.43    7.41   11.19
A2     3.34    2.40    1.52   17.47   18.70    4.91   19.34   14.69
A3     3.83    2.28    1.19   16.87   28.81    7.95   29.89   15.43
A4     4.80    2.48    1.15   17.81   38.12   10.22   39.47   15.01
A5    11.55   10.24    7.49   38.26   12.59    3.72   13.14   16.47
A6    13.39    9.99    6.22   37.82   26.92    8.35   28.20   17.22
A7    15.23    9.67    5.15   37.23   40.83   12.48   42.70   16.98
A8    16.81    9.39    4.38   36.72   52.07   15.79   54.42   16.86
A9    31.42   30.13   23.42   61.77    8.86    2.71    9.31   17.01
A10   33.30   29.91   22.03   61.57   16.43    5.02   17.19   16.98
A11   33.73   28.69   19.28   60.51   22.49    8.78   24.16   21.31
A12   33.48   27.18   17.31   59.14   27.52   10.76   29.56   21.34
A13   50.10   52.79   46.96   77.75   -2.14   -4.03    4.57  241.93
A14   51.35   50.70   45.82   76.50    6.57   -4.84    8.16  323.58
A15   53.38   55.13   41.54   79.11    0.56    4.95    4.99   83.39
A16   53.93   55.41   45.61   79.28    1.27    0.20    1.32  188.37
A17   51.60   51.75   41.38   77.13    4.48    1.74    4.82   20.93
A18   50.58   53.92   42.81   78.41   -3.71    2.14    4.32  150.90
A19   49.93   51.23   47.21   76.82    1.42   -5.94    6.11  283.49
A20    2.40    1.59    0.75   13.19   20.19    8.55   21.93   22.94
A21    6.77    3.77    0.78   22.92   38.48   24.82   45.79   32.82
A22   11.84    6.00    0.75   29.41   52.69   36.60   64.16   34.79
B1     3.90    3.60    2.13   22.30    6.59    6.98    9.60   46.65
B2     4.59    3.57    1.44   22.18   16.61   13.94   21.68   40.00
B3     5.22    3.63    0.91   22.39   23.71   21.70   32.14   42.47
B4     5.46    3.31    0.54   21.25   31.43   26.48   41.09   40.11
B5    14.52   13.10    7.65   42.91   12.03   11.10   16.38   42.65
B6    16.70   13.10    5.27   42.91   24.81   21.64   32.92   41.09
B7    17.83   12.11    2.89   41.39   37.46   33.51   50.26   41.81
B8    19.56   12.46    2.32   41.93   44.09   39.06   58.90   41.54
B9    36.79   36.60   26.68   66.97    4.99    5.84    7.70   49.23
B10   37.79   35.61   22.49   66.22   11.51   12.14   16.75   46.42
B11   38.85   35.27   21.42   65.96   16.01   13.80   21.13   40.73
B12   37.11   32.37   16.19   63.64   20.39   21.15   29.38   46.04
B13   44.82   49.10   45.69   75.51   -7.15   -6.38    9.58  221.75
B14   47.15   43.81   43.49   72.10   14.16   -9.58   17.10  325.89
B15   51.60   53.72   34.26   78.30   -0.55   13.43   13.44   92.33
B16   44.91   46.98   37.32   74.17   -1.13    2.02    2.32  119.76
B17   46.23   44.22   33.06   72.37   10.41    4.99   11.57   25.54
B18   44.36   49.56   35.64   75.80   -9.72    7.16   12.07  143.66
B19   41.50   41.79   44.59   70.73    3.67  -13.31   13.81  285.41
B20    4.36    2.88    0.93   19.58   24.78   16.48   29.77   33.62
B21   10.58    5.43    0.73   27.93   49.95   34.43   60.67   34.58
B22   33.66   29.52   16.56   61.24   19.12   16.14   25.03   40.12
C1     7.70    7.73    4.12   33.42    2.21   11.57   11.78   79.12
C2     7.95    7.44    2.59   32.79    7.32   21.10   22.34   70.89
C3     8.34    7.34    1.47   32.56   11.72   31.43   33.54   69.56
C4     9.31    7.50    0.66   32.92   18.49   44.33   48.03   67.36
C5    23.92   22.95   10.99   55.02    8.04   20.36   21.90   68.43
C6    26.07   23.09    6.65   55.17   16.55   36.34   39.93   65.51
C7    29.04   24.02    3.24   56.11   24.33   56.38   61.40   66.66
C8    27.57   21.85    2.30   53.87   28.21   59.90   66.21   64.78
C9    41.54   41.53   28.15   70.54    4.60    9.53   10.59   64.17
C10   43.86   43.56   24.00   71.93    5.52   19.15   19.94   73.92
C11   43.28   41.73   19.04   70.68    9.19   26.83   28.36   71.08
C12   42.11   40.11   15.95   69.55   10.60   31.92   33.63   71.61
C13   39.85   45.70   45.45   73.35  -12.70   -9.82   16.06  217.73
C14   43.30   37.81   41.44   67.88   21.32  -14.28   25.66  326.18
C15   50.11   52.43   27.03   77.54   -1.22   23.46   23.49   92.97
C16   35.47   36.93   30.43   67.22   -0.47    0.12    0.87  188.68
C17   41.17   37.36   25.08   67.55   16.39    9.63   19.01   30.39
C18   37.54   44.66   28.14   72.66  -17.11   13.20   21.62  142.38
C19   33.32   32.97   41.81   64.14    5.45  -21.22   21.91  284.40
C20    2.86    2.35    1.06   17.21   11.70   10.47   15.70   41.83
C21   27.42   21.54    8.03   53.54   29.05   27.93   40.31   43.87
C22   39.38   37.03   23.06   67.30   11.91   12.93   17.59   47.24
D1     5.22    5.64    3.15   28.48   -2.55    9.37    9.71  105.22
D2     5.03    5.40    2.14   27.85   -2.20   16.40   16.55   97.65
D3     4.98    5.36    1.18   27.72   -2.28   26.83   26.93   94.87
D4     5.51    5.86    0.71   29.07   -1.64   36.71   36.74   92.57
D5    18.47   19.47    9.85   51.22   -1.54   17.47   17.54   95.03
D6    18.53   19.58    5.78   51.35   -1.78   33.74   33.79   93.02
D7    17.97   19.01    2.66   50.69   -1.89   51.37   51.41   92.11
D8    17.12   18.23    2.01   49.78   -2.53   55.46   55.51   92.61
D9    47.29   49.21   24.93   75.57   -0.43   23.75   23.75   91.04
D10   46.08   48.20   13.41   74.95   -1.13   47.71   47.73   91.36
D11   46.08   47.69    7.07   74.63    0.25   68.13   68.13   89.79
D12   44.48   46.87    7.60   74.10   -2.05   65.07   65.11   91.80
D13   35.64   42.76   45.07   71.39  -17.85  -12.74   21.93  215.52
D14   39.62   32.40   39.20   63.67   28.30  -18.62   33.88  326.65
D15   48.91   51.30   21.37   76.86   -1.52   32.67   32.71   92.67
D16   26.10   27.44   21.70   59.38   -1.50    1.88    2.42  129.57
D17   37.11   31.87   19.04   63.24   22.17   13.99   26.22   32.23
D18   32.79   41.19   22.79   70.31  -23.03   18.62   29.61  141.06
D19   26.91   25.91   39.31   57.95    7.96  -28.62   29.70  285.53
D20   19.19   15.36    5.70   46.11   24.20   25.06   34.84   45.99
D21   27.01   26.19   16.72   58.22    7.24   10.53   12.80   55.36
D22   43.42   42.37   26.47   71.13    7.70   13.37   15.43   60.04
E1     6.52    7.61    4.14   33.15   -8.15   11.00   13.69  126.54
E2     5.89    7.38    2.52   32.66  -12.87   21.40   24.97  121.02
E3     5.62    7.35    1.71   32.58  -15.51   28.85   32.76  118.27
E4     5.19    7.36    0.90   32.61  -20.70   39.39   44.49  117.72
E5    24.40   27.80   14.01   59.70  -10.07   19.84   22.26  116.94
E6    22.67   28.51    9.81   60.34  -20.49   33.31   39.11  121.60
E7    21.14   28.72    5.54   60.53  -28.36   50.69   58.08  119.24
E8    19.49   28.44    4.53   60.28  -35.35   55.53   65.82  122.48
E9    45.24   48.89   31.64   75.39   -5.36   12.32   13.45  113.57
E10   41.53   46.85   23.76   74.10  -10.73   23.32   25.67  114.72
E11   35.16   42.19   15.95   71.00  -17.82   34.42   38.76  117.36
E12   35.95   42.74   16.24   71.38  -16.77   34.36   38.23  116.01
E13   31.38   39.57   44.42   69.16  -23.15  -15.80   28.03  214.32
E14   35.71   27.06   36.62   59.03   35.64  -23.12   42.48  327.02
E15   47.59   49.84   16.15   75.97   -1.29   42.49   42.51   91.75
E16   20.07   21.25   16.60   53.22   -2.06    2.19    3.07  135.49
E17   33.07   26.57   13.37   58.57   28.52   19.58   34.60   34.45
E18   27.79   37.26   17.33   67.47  -29.52   25.09   38.74  139.65
E19   21.14   19.65   36.41   51.44   10.76  -35.92   37.50  286.68
E20   23.92   16.78    1.80   47.99   38.36   54.43   66.59   54.83
E21   22.80   19.38    5.04   51.13   19.80   37.01   41.97   61.84
E22   32.96   29.16   11.23   60.92   18.02   29.80   34.83   58.84
F1     3.76    4.70    3.29   25.87  -11.01    3.89   11.68  160.54
F2     3.54    5.26    3.31   27.46  -21.08    6.49   22.06  162.88
F3     2.93    5.16    2.80   27.19  -30.10    9.72   31.63  162.10
F4     2.28    4.74    2.19   25.98  -37.44   12.74   39.55  161.21
F5    11.94   15.11   10.34   45.78  -17.12    6.49   18.31  159.25
F6     9.38   14.49    8.56   44.92  -32.70   11.13   34.54  161.21
F7     8.04   15.37    7.03   46.14  -49.40   19.15   52.99  158.81
F8     7.55   16.37    6.55   47.45  -59.58   23.46   64.03  158.51
F9    27.95   32.27   23.26   63.57  -12.09    6.11   13.55  153.22
F10   25.62   33.12   21.83   64.26  -24.54   10.05   26.52  157.77
F11   23.53   33.39   20.58   64.47  -34.42   12.91   36.77  159.45
F12   22.04   32.49   19.39   63.74  -38.00   14.13   40.55  159.62
F13   27.76   36.69   43.89   67.04  -27.76  -18.81   33.53  214.12
F14   32.79   23.30   34.69   55.37   41.34  -26.70   49.22  327.14
F15   46.71   48.66   13.28   75.24   -0.59   48.57   48.57   90.70
F16   14.08   14.76   11.41   45.30   -0.95    2.30    2.49  112.86
F17   29.72   22.39   10.05   54.44   34.12   22.34   40.80   33.20
F18   23.50   33.60   14.12   64.63  -35.25   28.04   45.05  141.52
F19   16.82   15.20   34.29   45.91   12.53  -42.45   44.26  286.44
F20   29.26   28.51   15.01   60.35    6.91   18.37   19.63   69.39
F21   36.22   33.56   13.21   64.60   13.32   30.42   33.21   66.36
F22   40.88   39.55   19.08   69.15    8.59   24.11   25.59   70.37
G1     2.91    3.68    3.18   22.58  -10.56   -1.02   10.61  185.51
G2     2.34    3.35    3.19   21.38  -16.37   -3.13   16.67  190.84
G3     2.22    3.55    3.47   22.12  -22.20   -3.81   22.53  189.74
G4     1.52    3.22    3.20   20.92  -33.64   -4.01   33.88  186.81
G5    12.35   15.13   12.72   45.81  -14.36   -0.62   14.40  182.52
G6    10.33   15.02   13.22   45.65  -28.25   -2.29   28.34  184.63
G7     8.89   15.68   14.14   46.55  -43.76   -3.19   43.88  184.18
G8     6.85   13.97   12.39   44.19  -52.38   -2.49   52.44  182.72
G9    28.47   32.68   27.98   63.90  -11.46   -1.64   11.60  188.24
G10   26.15   33.23   29.77   64.35  -22.69   -3.79   23.01  189.50
G11   24.32   34.01   31.56   64.97  -33.11   -5.50   33.58  189.45
G12   23.23   33.47   31.66   64.54  -36.03   -6.41   36.61  190.11
G13   25.12   34.52   43.76   65.37  -31.40  -21.53   38.08  214.45
G14   30.22   20.05   32.76   51.89   46.99  -29.90   55.69  327.53
G15   47.35   49.38   11.55   75.69   -0.75   54.28   54.28   90.79
G16    9.80   10.22    7.86   38.24   -0.49    2.19    2.25  103.13
G17   26.85   18.90    7.69   50.56   39.58   24.12   46.36   31.34
G18   20.07   30.51   11.71   62.09  -40.33   30.37   50.48  143.02
G19   13.33   11.56   31.98   40.51   15.01  -48.33   50.60  287.24
G20   37.80   37.28   16.94   67.49    6.08   26.00   26.71   76.82
G21   37.27   36.63   12.24   67.00    6.47   37.25   37.81   80.14
G22   42.56   40.54    3.49   69.85   10.62   78.38   79.09   82.28
H1     3.07    3.72    3.68   22.73   -8.44   -4.14    9.41  206.20
H2     2.83    3.71    4.98   22.67  -12.52  -11.72   17.16  223.11
H3     2.38    3.46    5.57   21.81  -17.26  -16.22   23.69  223.21
H4     1.83    3.07    6.02   20.30  -23.05  -20.94   31.15  222.25
H5    10.24   11.90   12.29   41.06   -9.17   -7.60   11.92  219.65
H6     8.81   11.26   14.80   40.01  -16.27  -16.17   22.95  224.82
H7     8.17   11.62   19.49   40.61  -24.43  -25.99   35.68  226.75
H8     7.51   11.65   22.35   40.65  -30.65  -31.68   44.07  225.95
H9    30.03   32.53   30.50   63.78   -4.94   -5.92    7.73  229.92
H10   29.64   33.56   35.62   64.61  -10.02  -12.12   15.73  230.39
H11   28.77   33.87   39.67   64.86  -14.42  -17.21   22.46  230.04
H12   26.17   32.81   42.84   64.00  -21.12  -22.74   31.04  227.12
H13   23.00   32.74   43.45   63.94  -34.51  -23.60   41.80  214.38
H14   27.50   16.95   30.48   48.21   52.38  -32.73   61.76  328.00
H15   47.10   48.82    9.26   75.34    0.08   61.05   61.05   89.93
H16    6.38    6.76    5.24   31.25   -1.40    1.72    2.23  130.34
H17   24.15   15.85    5.38   46.78   44.57   27.75   52.50   31.91
H18   17.21   27.68    9.19   59.59  -44.33   34.13   55.95  142.42
H19   10.53    8.61   29.54   35.21   18.30  -53.66   56.70  288.83
H20   40.67   41.74   16.50   70.69    1.32   32.57   32.60   87.69
H21   35.86   37.35   24.92   67.53   -0.52    9.89    9.90   93.01
H22   38.58   42.09   14.33   70.93   -6.27   38.35   38.86   99.29
I1     4.89    5.22    7.24   27.36   -1.83  -14.07   14.18  262.55
I2     5.06    5.26   10.34   27.45   -0.06  -25.12   25.13  269.84
I3     4.91    5.12   14.42   27.09   -0.38  -37.48   37.49  269.41
I4     4.52    4.71   17.78   25.89   -0.33  -47.64   47.65  269.59
I5    14.31   14.85   15.76   45.43   -0.07   -9.22    9.22  269.50
I6    14.38   14.80   20.26   45.35    0.68  -19.40   19.42  271.98
I7    14.71   14.97   26.20   45.59    1.70  -30.21   30.26  273.21
I8    15.08   15.23   32.76   45.93    2.43  -40.15   40.22  273.46
I9    32.84   33.74   31.19   64.76    1.08   -5.31    5.42  281.51
I10   33.06   33.92   36.08   64.90    1.25  -12.27   12.33  275.79
I11   32.97   33.74   39.50   64.75    1.60  -17.17   17.24  275.31
I12   30.76   31.73   41.42   63.12    0.60  -22.47   22.47  271.52
I13   20.44   30.32   42.88   61.92  -37.74  -26.38   46.05  214.95
I14   24.24   13.65   27.48   43.73   58.08  -35.60   68.12  328.49
I15   46.98   48.26    7.07   74.99    1.27   68.73   68.75   88.94
I16    3.87    4.12    3.22   24.06   -1.58    1.28    2.04  141.88
I17   21.20   12.76    3.31   42.40   50.08   32.24   59.57   32.77
I18   13.88   24.05    6.63   56.13  -48.89   38.10   61.98  142.08
I19    7.76    5.72   26.33   28.69   23.22  -59.56   63.93  291.30
I20   41.49   45.50   17.64   73.22   -7.10   34.28   35.01  101.71
I21   15.47   20.08    5.99   51.93  -21.08   33.72   39.77  122.00
I22   32.46   40.12   21.75   69.56  -20.99   19.33   28.53  137.38
J1     1.38    1.25    2.41   10.93    5.37  -15.14   16.07  289.51
J2     1.69    1.18    4.70   10.39   16.08  -31.43   35.31  297.09
J3     2.04    1.25    7.31   10.94   22.28  -42.68   48.15  297.57
J4     2.17    1.21    9.50   10.64   26.39  -51.35   57.74  297.19
J5     9.59    9.31   10.49   36.58    5.06   -9.88   11.10  297.11
J6    10.59    9.55   14.65   37.02   10.93  -20.94   23.63  297.58
J7    11.49    9.59   19.90   37.10   17.13  -32.89   37.08  297.52
J8    12.20    9.66   24.85   37.23   21.59  -42.22   47.43  297.08
J9    28.15   28.40   25.65   60.24    3.03   -3.98    5.01  307.76
J10   28.15   27.53   30.15   59.47    6.39  -12.80   14.30  296.52
J11   30.21   28.72   34.39   60.53    9.73  -17.38   19.92  299.23
J12   30.73   27.86   39.35   59.76   14.96  -25.56   29.62  300.34
J13   18.19   28.01   42.18   59.90  -40.37  -28.99   49.70  215.68
J14   20.99   10.77   24.17   39.19   62.87  -37.60   73.26  329.12
J15   47.13   47.88    5.29   74.75    2.72   76.46   76.51   87.97
J16    2.18    2.31    1.93   17.02   -0.84   -0.26    0.93  200.29
J17   18.45   10.16    1.81   38.13   54.84   37.35   66.35   34.26
J18   10.84   20.31    4.57   52.18  -52.60   41.35   66.90  141.83
J19    5.49    3.46   22.53   21.78   29.46  -64.56   70.96  294.53
J20   32.25   40.34   27.05   69.71  -22.39    9.93   24.50  156.11
J21    3.77    7.33    1.72   32.54  -39.52   28.74   48.86  143.98
J22    1.12    2.08    0.96   15.88  -24.18    9.64   26.03  158.26
K1     2.79    2.43    2.96   17.58    8.67   -8.04   11.83  317.22
K2     3.25    2.28    3.86   16.87   19.84  -15.35   25.09  322.28
K3     3.75    2.10    5.06   15.99   31.59  -23.65   39.47  323.18
K4     4.33    2.16    5.99   16.29   38.51  -27.73   47.45  324.24
K5     8.08    7.02    8.15   31.86   12.47   -9.88   15.91  321.62
K6     8.87    6.22    9.93   29.95   27.63  -19.47   33.80  324.84
K7     9.92    5.72   12.67   28.67   41.76  -30.02   51.44  324.29
K8    11.34    6.09   14.72   29.64   48.21  -33.84   58.90  324.93
K9    22.99   21.53   20.24   53.52   10.37   -5.29   11.65  333.03
K10   24.81   21.31   23.70   53.28   19.38  -12.46   23.05  327.29
K11   27.48   21.44   28.47   53.43   29.79  -20.50   36.17  325.46
K12   29.31   21.18   32.45   53.15   38.10  -27.24   46.84  324.44
K13   15.87   25.33   41.14   57.40  -42.36  -31.97   53.07  217.05
K14   17.51    8.14   20.16   34.26   66.47  -38.33   76.73  330.03
K15   47.15   47.23    3.83   74.33    4.52   83.88   84.01   86.92
K16    0.99    1.04    0.91    9.34   -0.67   -0.88    1.13  234.71
K17   15.24    7.61    0.84   33.15   58.47   41.36   71.62   35.28
K18    8.15   16.62    2.99   47.78  -55.45   43.80   70.66  141.70
K19    3.62    1.74   17.49   14.03   37.90  -67.43   77.35  299.34
K20    3.46    4.54    3.25   25.39  -13.45    3.37   13.87  165.95
K21    1.80    2.54    2.27   18.08  -14.21   -1.55   14.30  186.26
K22    2.49    3.36    4.61   21.41  -13.40  -11.88   17.91  221.57
L1     2.59    2.29    2.15   16.93    7.83   -2.55    8.23  341.97
L2     3.10    2.20    2.14   16.49   18.93   -3.13   19.20  350.63
L3     3.74    2.20    2.25   16.51   29.02   -4.10   29.32  351.96
L4     4.86    2.47    3.45   17.78   39.10  -11.17   40.67  344.06
L5     8.35    7.22    6.43   32.31   12.97   -2.08   13.14  350.88
L6     9.79    6.70    6.95   31.12   30.14   -6.38   30.81  348.06
L7    10.57    5.76    6.12   28.80   46.15   -6.74   46.65  351.70
L8    11.32    5.84    5.97   29.00   50.86   -5.73   51.19  353.57
L9    22.75   21.35   17.73   53.33   10.09   -0.20   10.12  178.88
L10   25.13   21.16   18.11   53.13   21.43   -1.40   21.49  356.25
L11   28.92   22.30   19.86   54.35   31.45   -3.08   31.62  354.40
L12   28.44   21.00   18.32   52.94   35.63   -2.18   35.70  356.48
L13   12.39   20.67   38.92   52.58  -43.31  -37.37   57.21  220.79
L14   12.64    5.20   13.85   27.31   67.32  -35.60   76.15  332.12
L15   47.50   46.64    2.60   73.95    7.13   91.97   92.25   85.57
L16    0.18    0.15    0.17    1.33    1.66   -0.95    1.91  330.43
L17   10.59    4.69    0.24   25.84   59.09   40.00   71.36   34.10
L18    4.59   11.06    1.62   39.68  -58.74   42.02   72.22  144.42
L19    1.77    0.54    9.64    4.86   42.01  -61.75   74.69  304.23
L20    0.75    0.93    1.13    8.36   -5.60   -5.88    8.13  226.35
L21    1.23    1.16    1.38   10.27    3.51   -5.82    6.80  301.14
L22    3.62    2.90    2.59   19.66   13.62   -1.55   13.71  353.50
GS0    53.98   55.49   46.13   79.29    1.20   -0.33    1.32  255.56
GS1    55.18   56.86   47.28   80.10    0.87   -0.36    0.98  338.18
GS2    52.03   54.03   44.45   78.48   -0.17    0.22    0.47  166.68
GS3    45.96   47.92   38.85   74.77   -0.69    0.98    1.25  124.65
GS4    41.22   43.14   35.14   71.65   -1.15    0.71    1.39  149.41
GS5    32.86   33.94   28.20   64.92    0.45   -0.27    0.67  248.49
GS6    29.68   30.96   25.36   62.48   -0.67    0.39    1.02  173.40
GS7    25.29   26.44   21.51   58.45   -0.85    0.66    1.17  148.33
GS8    21.10   21.75   17.99   53.76    0.65   -0.04    0.89  170.15
GS9    17.65   18.29   14.99   49.84    0.05    0.30    0.78  197.26
GS10   14.42   14.93   12.21   45.54    0.12    0.37    0.79  120.78
GS11   11.79   12.20    9.97   41.53    0.19    0.38    0.92  200.64
GS12    9.81   10.31    8.17   38.39   -1.01    1.27    1.67  132.33
GS13    8.07    8.48    6.79   34.94   -0.86    0.90    1.35  140.63
GS14    6.31    6.65    5.33   30.99   -1.00    0.81    1.42  148.79
GS15    4.75    4.98    3.97   26.67   -0.65    0.85    1.12  137.34
GS16    3.47    3.63    2.87   22.42   -0.47    0.98    1.09  114.51
GS17    2.46    2.56    2.08   18.20   -0.15    0.32    0.43  138.92
GS18    1.75    1.84    1.50   14.61   -0.71    0.17    0.75  167.83
GS19    1.10    1.14    0.95   10.14   -0.09   -0.04    0.40  238.29
GS20    0.65    0.68    0.58    6.13   -0.33   -0.36    0.56  220.45
GS21    0.50    0.52    0.46    4.69   -0.12   -0.63    0.66  258.10
GS22    0.31    0.35    0.40    3.13   -1.14   -2.10    2.40  241.14
GS23    0.06    0.06    0.11    0.52    0.17   -1.19    1.20  278.08
END_DATA

