IT8.7/1

ORIGINATOR "FotoTune"

DESCRIPTOR "Agfa IT8"

MATERIAL "AgfachromeRS100Plus"

MANUFACTURER "Agfa"

CREATED "Mon Jul 19 10:07:02 1999"

PROD_DATE "1999:07"

SERIAL "35mm az0623xx"

NUMBER_OF_FIELDS 9

BEGIN_DATA_FORMAT

SAMPLE_ID XYZ_X XYZ_Y XYZ_Z LAB_L LAB_A LAB_B LAB_C LAB_H

END_DATA_FORMAT

NUMBER_OF_SETS 288

BEGIN_DATA

A1     2.49    2.25    1.68   16.73    6.63    1.82    6.87   15.27

A2     3.12    2.25    1.40   16.75   18.13    5.09   18.83   15.68

A3     3.54    2.10    1.09   15.99   28.20    7.97   29.31   15.77

A4     4.47    2.31    1.06   17.04   37.28   10.19   38.65   15.29

A5    10.85    9.70    7.02   37.29   11.69    3.95   12.34   18.65

A6    12.55    9.40    5.83   36.75   25.98    8.31   27.28   17.73

A7    14.36    9.11    4.84   36.19   40.07   12.32   41.92   17.10

A8    16.08    8.98    4.08   35.94   51.28   16.20   53.78   17.54

A9    29.63   28.59   21.73   60.41    8.04    3.62    8.82   24.26

A10   31.82   28.65   20.59   60.47   15.90    5.98   16.99   20.62

A11   32.21   27.48   17.79   59.41   21.85   10.15   24.09   24.92

A12   32.15   26.13   16.29   58.15   27.05   11.45   29.38   22.93

A13   47.90   50.65   43.77   76.46   -2.57   -2.41    3.56  222.96

A14   49.73   49.21   43.23   75.58    6.20   -3.28    7.03  332.32

A15   50.96   52.71   38.54   77.69    0.36    6.44    6.45   86.79

A16   51.78   53.29   42.58   78.04    1.03    1.78    2.11   58.63

A17   49.36   49.54   38.57   75.79    4.33    3.10    5.34   35.48

A18   48.51   51.92   40.01   77.22   -4.19    3.68    5.58  138.78

A19   47.72   49.14   44.24   75.54    0.91   -4.59    4.68  281.17

A20    2.25    1.51    0.69   12.66   19.44    8.72   21.31   24.13

A21    6.36    3.55    0.73   22.13   37.63   24.39   44.85   32.95

A22   11.22    5.68    0.70   28.57   51.98   36.18   63.33   34.83

B1     3.74    3.47    2.00   21.82    6.16    7.38    9.62   50.07

B2     4.30    3.37    1.32   21.47   15.81   14.17   21.23   41.87

B3     4.93    3.42    0.82   21.66   23.17   21.93   31.90   43.42

B4     5.10    3.10    0.50   20.43   30.66   25.83   40.09   40.10

B5    13.67   12.40    7.20   41.84   11.37   11.07   15.88   44.19

B6    15.80   12.48    4.98   41.97   23.74   21.54   32.06   42.22

B7    17.06   11.64    2.67   40.64   36.56   33.98   49.91   42.90

B8    18.79   11.93    2.15   41.10   43.73   39.21   58.74   41.88

B9    34.63   34.52   24.51   65.36    4.67    6.92    8.34   56.02

B10   35.75   33.69   20.64   64.71   11.30   13.21   17.39   49.46

B11   37.00   33.62   19.90   64.66   15.64   14.63   21.42   43.08

B12   35.17   30.60   15.01   62.16   20.33   21.50   29.59   46.61

B13   42.38   46.63   42.85   73.95   -7.59   -5.60    9.44  216.50

B14   44.79   41.65   40.45   70.62   13.84   -8.28   16.13  329.12

B15   49.36   51.49   31.90   76.97   -0.76   14.67   14.68   92.99

B16   42.69   44.79   34.71   72.75   -1.51    3.23    3.57  114.90

B17   44.22   42.28   30.91   71.06   10.28    5.99   11.91   30.23

B18   42.67   47.92   33.55   74.77  -10.27    8.40   13.28  140.76

B19   39.64   40.06   41.91   69.51    3.15  -12.07   12.48  284.66

B20    4.14    2.75    0.87   19.00   24.24   16.57   29.36   34.36

B21   10.11    5.18    0.67   27.23   49.39   34.31   60.14   34.79

B22   32.15   28.16   15.44   60.02   18.97   16.74   25.30   41.41

C1     7.29    7.40    3.93   32.69    1.50   11.47   11.57   82.62

C2     7.45    7.02    2.41   31.85    6.67   20.94   21.98   72.32

C3     7.82    6.95    1.36   31.68   10.84   31.29   33.11   70.89

C4     8.69    7.02    0.62   31.85   17.86   43.27   46.81   67.57

C5    22.39   21.57   10.27   53.56    7.49   20.12   21.48   69.57

C6    24.47   21.74    6.11   53.75   15.91   36.33   39.66   66.34

C7    27.77   22.97    3.00   55.03   23.99   56.24   61.15   66.90

C8    26.36   20.90    2.14   52.84   27.74   59.53   65.68   65.01

C9    39.27   39.32   25.73   68.97    4.34   10.95   11.80   68.26

C10   41.70   41.42   22.18   70.46    5.39   20.07   20.78   74.99

C11   41.28   39.74   17.65   69.28    9.24   27.48   28.99   71.41

C12   40.05   37.99   14.79   68.01   10.90   32.13   33.93   71.26

C13   37.35   43.16   42.25   71.66  -13.35   -8.80   16.01  213.39

C14   40.93   35.66   38.48   66.26   21.20  -13.21   24.98  328.09

C15   47.98   50.30   25.30   76.25   -1.42   24.24   24.28   93.35

C16   33.52   35.10   28.25   65.82   -1.13    1.22    1.68  132.83

C17   39.23   35.58   23.30   66.20   16.17   10.56   19.32   33.15

C18   35.98   43.01   26.62   71.56  -17.46   13.85   22.29  141.57

C19   31.56   31.41   39.21   62.85    4.69  -20.07   20.61  283.15

C20    2.71    2.24    1.01   16.70   11.00   10.26   15.05   42.99

C21   26.36   20.75    7.58   52.67   28.52   28.18   40.09   44.67

C22   38.40   36.19   22.06   66.66   11.54   13.73   17.95   49.92

D1     4.94    5.35    2.96   27.71   -2.73    9.40    9.80  106.26

D2     4.81    5.21    2.01   27.34   -2.72   16.80   17.02   99.25

D3     4.65    5.02    1.07   26.79   -2.50   26.77   26.89   95.35

D4     5.13    5.47    0.65   28.01   -1.62   36.04   36.07   92.58

D5    17.17   18.21    9.02   49.74   -2.09   17.74   17.87   96.71

D6    17.19   18.25    5.29   49.79   -2.15   33.41   33.48   93.69

D7    16.41   17.40    2.35   48.75   -2.05   50.58   50.62   92.32

D8    15.98   17.10    1.85   48.38   -2.89   54.66   54.74   93.03

D9    44.97   46.72   22.92   74.00   -0.22   24.75   24.75   90.51

D10   44.22   46.25   12.45   73.71   -1.09   48.25   48.26   91.30

D11   44.26   45.75    6.59   73.38    0.42   68.02   68.03   89.65

D12   42.38   44.60    7.04   72.63   -1.88   64.79   64.82   91.67

D13   33.17   40.09   41.72   69.53  -18.36  -11.79   21.82  212.71

D14   37.37   30.44   36.28   62.03   28.20  -17.49   33.19  328.21

D15   46.79   49.04   19.88   75.47   -1.39   33.32   33.35   92.40

D16   24.47   25.85   20.15   57.90   -1.98    2.44    3.14  129.37

D17   35.42   30.33   17.61   61.93   22.19   14.89   26.73   33.87

D18   31.10   39.34   21.13   68.99  -23.47   19.59   30.58  140.16

D19   25.32   24.60   36.68   56.68    6.89  -27.26   28.12  284.20

D20   18.25   14.65    5.31   45.14   23.53   25.31   34.56   47.08

D21   25.63   24.97   15.52   57.04    6.62   11.39   13.19   59.80

D22   41.58   40.63   24.62   69.91    7.43   14.53   16.33   62.87

E1     6.19    7.29    3.95   32.45   -8.59   10.91   13.90  128.25

E2     5.52    6.99    2.34   31.78  -13.29   21.49   25.26  121.75

E3     5.29    6.96    1.59   31.71  -15.64   28.71   32.69  118.58

E4     4.84    6.89    0.84   31.56  -20.62   38.71   43.87  118.04

E5    22.72   26.08   13.02   58.11  -10.61   19.77   22.44  118.23

E6    21.12   26.75    9.13   58.74  -20.75   32.90   38.89  122.23

E7    19.87   27.16    5.11   59.12  -28.49   50.40   57.90  119.48

E8    18.39   26.97    4.14   58.94  -35.24   55.46   65.71  122.43

E9    42.97   46.52   29.40   73.88   -5.53   13.24   14.35  112.68

E10   39.61   44.84   22.31   72.79  -11.04   23.80   26.24  114.88

E11   33.35   40.21   14.99   69.62  -18.11   34.40   38.87  117.76

E12   33.85   40.45   15.02   69.79  -17.06   34.60   38.58  116.24

E13   29.31   37.28   41.36   67.49  -23.69  -14.86   27.97  212.11

E14   33.90   25.66   34.06   57.71   35.19  -21.77   41.38  328.26

E15   45.85   48.01   15.27   74.83   -1.27   42.67   42.69   91.70

E16   18.94   20.16   15.64   52.01   -2.50    2.42    3.51  136.35

E17   31.37   25.04   12.34   57.11   28.74   19.94   34.99   34.74

E18   26.19   35.41   16.06   66.07  -29.90   25.63   39.38  139.40

E19   19.91   18.74   34.32   50.37    9.44  -34.79   36.05  285.18

E20   22.95   16.09    1.74   47.08   37.97   53.51   65.62   54.64

E21   21.60   18.38    4.63   49.95   19.36   37.17   41.91   62.49

E22   31.89   28.23   10.52   60.10   17.76   30.56   35.36   59.83

F1     3.47    4.39    3.05   24.92  -11.26    4.01   11.97  160.40

F2     3.26    4.89    3.02   26.41  -21.19    6.75   22.24  162.32

F3     2.70    4.82    2.60   26.22  -30.17    9.63   31.67  162.30

F4     2.10    4.41    2.00   24.98  -37.07   12.81   39.22  160.94

F5    11.14   14.20    9.57   44.51  -17.29    6.84   18.61  158.39

F6     8.81   13.71    8.06   43.82  -32.65   11.09   34.49  161.25

F7     7.52   14.53    6.56   44.99  -49.25   19.21   52.86  158.69

F8     7.14   15.61    6.13   46.46  -59.23   23.64   63.78  158.24

F9    26.54   30.89   21.81   62.41  -12.73    6.89   14.48  151.57

F10   24.05   31.26   20.29   62.72  -24.58   10.48   26.72  156.90

F11   22.13   31.71   19.08   63.10  -34.82   13.67   37.40  158.56

F12   20.96   31.11   18.24   62.60  -38.19   14.65   40.91  159.01

F13   26.22   34.95   41.19   65.71  -28.29  -17.70   33.38  212.04

F14   31.30   22.22   32.28   54.26   40.76  -25.07   47.86  328.40

F15   45.62   47.67   12.88   74.61   -0.97   48.60   48.61   91.14

F16   13.18   13.89   10.74   44.07   -1.40    2.23    2.65  122.19

F17   28.33   21.24    9.32   53.21   34.08   22.70   40.95   33.67

F18   22.33   32.14   13.27   63.46  -35.47   28.28   45.37  141.43

F19   15.73   14.34   31.99   44.72   11.49  -41.09   42.67  285.61

F20   27.90   27.28   14.08   59.23    6.47   18.80   19.89   71.00

F21   35.03   32.42   12.47   63.69   13.27   30.90   33.63   66.77

F22   39.53   38.24   17.92   68.19    8.53   25.00   26.41   71.17

G1     2.67    3.40    2.93   21.56  -10.64   -0.97   10.69  185.19

G2     2.13    3.09    2.93   20.39  -16.48   -2.95   16.75  190.15

G3     2.05    3.36    3.26   21.41  -22.74   -3.59   23.02  188.97

G4     1.42    3.03    2.99   20.17  -33.37   -3.74   33.58  186.40

G5    11.52   14.23   11.78   44.55  -14.74   -0.11   14.75  180.41

G6     9.67   14.21   12.36   44.53  -28.59   -1.83   28.65  183.66

G7     8.25   14.71   13.16   45.23  -43.60   -2.86   43.69  183.76

G8     6.34   13.02   11.49   42.79  -51.62   -2.24   51.68  182.48

G9    26.76   30.94   25.90   62.45  -12.02   -0.58   12.04  182.74

G10   24.70   31.67   27.98   63.07  -23.27   -3.08   23.48  187.54

G11   22.63   31.94   29.36   63.29  -33.35   -4.95   33.71  188.43

G12   21.87   31.82   29.56   63.19  -36.43   -5.45   36.83  188.51

G13   23.68   32.88   40.87   64.07  -31.98  -20.13   37.80  212.19

G14   28.62   18.94   30.34   50.61   46.39  -28.37   54.38  328.55

G15   45.77   47.64   10.93   74.59   -0.46   54.30   54.30   90.49

G16    9.15    9.61    7.38   37.14   -0.96    2.22    2.46  113.82

G17   25.99   18.27    7.23   49.82   39.30   24.70   46.42   32.15

G18   19.10   29.24   11.01   60.98  -40.36   30.59   50.65  142.84

G19   12.47   10.91   29.86   39.43   13.92  -46.89   48.92  286.54

G20   36.20   35.74   15.90   66.32    5.86   26.47   27.11   77.52

G21   36.05   35.47   11.61   66.12    6.23   37.60   38.11   80.60

G22   41.80   39.90    3.36   69.40   10.31   78.46   79.13   82.51

H1     2.87    3.51    3.49   21.98   -8.77   -4.17    9.72  205.34

H2     2.60    3.44    4.65   21.74  -12.69  -11.57   17.17  222.34

H3     2.16    3.18    5.16   20.76  -17.42  -15.99   23.66  222.53

H4     1.69    2.87    5.61   19.50  -23.03  -20.40   30.76  221.54

H5     9.41   10.99   11.33   39.56   -9.34   -7.32   11.86  218.04

H6     8.16   10.51   13.66   38.74  -16.48  -15.37   22.53  223.01

H7     7.45   10.74   17.85   39.13  -24.66  -24.94   35.07  225.32

H8     6.90   10.79   20.68   39.23  -30.49  -30.83   43.36  225.31

H9    27.96   30.38   28.17   61.97   -5.18   -5.27    7.39  225.50

H10   27.73   31.58   33.02   62.99  -10.45  -11.14   15.27  226.81

H11   26.77   31.72   36.79   63.11  -14.83  -16.33   22.06  227.75

H12   24.64   31.11   40.22   62.60  -21.54  -21.81   30.65  225.37

H13   21.63   31.12   40.85   62.60  -35.01  -22.62   41.68  212.87

H14   26.28   16.20   28.47   47.24   51.59  -31.20   60.29  328.83

H15   45.53   47.11    8.75   74.25    0.31   61.00   61.00   89.70

H16    6.05    6.47    4.95   30.56   -2.00    1.99    2.84  134.95

H17   23.38   15.30    5.05   46.04   44.33   28.22   52.54   32.48

H18   16.37   26.56    8.62   58.56  -44.52   34.39   56.26  142.32

H19    9.84    8.14   27.56   34.27   17.01  -52.03   54.74  288.10

H20   38.99   40.07   15.45   69.52    1.10   33.08   33.10   88.10

H21   34.62   36.21   23.60   66.68   -1.03   10.84   10.89   95.38

H22   37.27   40.81   13.73   70.04   -6.65   38.39   38.97   99.82

I1     4.53    4.86    6.71   26.33   -2.04  -13.64   13.80  261.51

I2     4.78    5.02    9.76   26.78   -0.71  -24.36   24.38  268.33

I3     4.53    4.75   13.43   26.00   -0.73  -36.73   36.74  268.86

I4     4.19    4.42   16.66   25.01   -0.99  -46.56   46.57  268.78

I5    13.20   13.79   14.50   43.92   -0.61   -8.65    8.67  265.99

I6    13.33   13.79   18.80   43.92    0.23  -18.76   18.77  270.71

I7    13.61   13.91   24.24   44.10    1.25  -29.28   29.31  272.45

I8    14.05   14.31   30.68   44.67    1.58  -39.14   39.17  272.32

I9    30.62   31.61   28.78   63.02    0.53   -4.49    4.52  276.77

I10   31.10   32.13   33.51   63.45    0.44  -11.07   11.08  272.32

I11   31.40   32.38   37.29   63.66    0.65  -16.07   16.09  272.32

I12   28.92   29.99   38.72   61.65    0.01  -21.48   21.48  270.03

I13   19.31   28.93   40.24   60.72  -38.16  -25.08   45.66  213.32

I14   23.06   13.00   25.41   42.76   57.05  -33.69   66.26  329.44

I15   45.59   46.77    6.72   74.04    1.40   68.61   68.62   88.83

I16    3.67    3.94    2.99   23.46   -1.93    1.91    2.74  135.53

I17   20.50   12.29    3.08   41.67   49.85   32.60   59.56   33.19

I18   13.21   23.02    6.23   55.10  -48.71   38.09   61.83  141.97

I19    7.22    5.38   24.55   27.80   21.99  -57.94   61.97  290.78

I20   39.88   43.81   16.70   72.10   -7.20   34.54   35.28  101.79

I21   14.70   19.18    5.57   50.90  -21.29   33.93   40.06  122.10

I22   30.73   38.28   20.30   68.22  -21.49   19.95   29.33  137.12

J1     1.26    1.15    2.23   10.18    4.95  -14.88   15.68  288.40

J2     1.53    1.06    4.37    9.51   15.74  -31.05   34.82  296.88

J3     1.88    1.15    6.84   10.16   21.81  -42.06   47.38  297.40

J4     1.97    1.09    8.78    9.72   25.82  -50.39   56.62  297.13

J5     8.95    8.77    9.74   35.54    4.19   -9.23   10.14  294.44

J6     9.80    8.87   13.71   35.72   10.35  -20.73   23.17  296.55

J7    10.75    9.04   18.62   36.06   16.24  -31.97   35.85  296.93

J8    11.32    9.01   23.19   36.01   20.61  -41.28   46.13  296.53

J9    26.57   26.84   24.02   58.82    2.86   -3.50    4.53  309.51

J10   26.37   25.88   28.08   57.92    5.89  -12.13   13.49  295.91

J11   28.29   26.93   32.08   58.91    9.36  -16.76   19.19  299.18

J12   28.85   26.24   36.67   58.26   14.32  -24.52   28.40  300.29

J13   17.08   26.59   39.51   58.59  -40.72  -27.81   49.31  214.33

J14   20.03   10.26   22.55   38.31   62.04  -36.09   71.78  329.81

J15   45.72   46.40    5.03   73.80    2.82   76.14   76.19   87.88

J16    2.08    2.21    1.80   16.53   -1.06    0.23    1.19  163.75

J17   17.80    9.74    1.67   37.37   54.62   37.58   66.31   34.53

J18   10.40   19.57    4.29   51.34  -52.27   41.51   66.74  141.55

J19    5.09    3.24   21.01   20.97   28.17  -62.96   68.97  294.11

J20   30.72   38.75   25.47   68.57  -23.02   10.71   25.39  155.07

J21    3.62    7.09    1.63   32.01  -39.55   28.69   48.86  144.05

J22    1.04    1.97    0.89   15.31  -24.48    9.75   26.35  158.27

K1     2.57    2.26    2.72   16.77    8.06   -7.60   11.08  316.69

K2     2.99    2.09    3.58   15.94   19.42  -15.17   24.65  322.03

K3     3.43    1.90    4.65   14.96   30.94  -23.25   38.70  323.08

K4     4.00    2.00    5.67   15.47   37.44  -27.62   46.53  323.59

K5     7.57    6.63    7.66   30.95   11.72   -9.56   15.13  320.81

K6     8.20    5.76    9.23   28.79   26.81  -19.10   32.92  324.54

K7     9.34    5.38   12.01   27.78   40.91  -29.67   50.53  324.05

K8    10.53    5.66   13.75   28.55   46.96  -33.19   57.50  324.75

K9    21.61   20.32   19.07   52.20    9.72   -5.09   10.98  332.37

K10   23.32   20.04   22.04   51.88   18.93  -11.72   22.26  328.23

K11   26.15   20.46   26.50   52.35   28.99  -19.05   34.69  326.68

K12   28.07   20.30   30.50   52.17   37.51  -25.93   45.60  325.34

K13   15.08   24.32   38.85   56.40  -42.68  -30.70   52.58  215.73

K14   16.80    7.81   18.87   33.58   65.49  -36.76   75.11  330.70

K15   45.86   45.89    3.68   73.47    4.63   83.39   83.52   86.82

K16    0.92    0.99    0.85    8.89   -1.05   -0.57    1.21  205.70

K17   14.84    7.37    0.79   32.63   58.30   41.46   71.54   35.42

K18    7.78   15.91    2.80   46.84  -54.83   43.69   70.11  141.45

K19    3.39    1.66   16.48   13.60   36.22  -65.81   75.12  298.83

K20    3.25    4.32    3.07   24.68  -13.84    3.38   14.25  166.24

K21    1.67    2.39    2.13   17.43  -14.67   -1.50   14.76  185.84

K22    2.30    3.15    4.35   20.62  -13.91  -11.82   18.26  220.35

L1     2.40    2.12    1.98   16.12    7.48   -2.26    7.85  343.12

L2     2.84    2.01    1.95   15.55   18.47   -2.93   18.71  350.98

L3     3.41    2.00    2.05   15.49   28.32   -4.02   28.61  351.92

L4     4.46    2.25    3.20   16.73   38.30  -11.20   39.91  343.71

L5     7.69    6.67    5.85   31.04   12.41   -1.63   12.52  352.52

L6     9.16    6.32    6.43   30.19   29.06   -5.73   29.62  348.85

L7     9.98    5.43    5.71   27.91   45.41   -6.38   45.85  352.00

L8    10.69    5.48    5.54   28.06   50.26   -5.28   50.54  354.00

L9    21.72   20.46   16.75   52.35    9.58    0.35    9.59    2.12

L10   23.88   20.16   16.92   52.01   20.80   -0.63   20.81  358.28

L11   27.53   21.17   18.69   53.13   31.23   -2.66   31.34  355.13

L12   27.31   20.13   17.39   51.98   35.32   -1.77   35.37  357.14

L13   11.84   19.93   36.82   51.76  -43.55  -35.94   56.47  219.53

L14   12.30    5.07   13.24   26.95   66.58  -34.59   75.02  332.55

L15   46.39   45.51    2.52   73.22    7.18   91.36   91.64   85.50

L16    0.19    0.15    0.16    1.35    1.66   -0.85    1.87  332.74

L17   10.41    4.61    0.23   25.58   58.87   39.77   71.04   34.04

L18    4.53   10.84    1.56   39.31  -58.03   42.08   71.68  144.05

L19    1.72    0.53    9.35    4.80   40.95  -60.88   73.38  303.93

L20    0.69    0.85    1.06    7.71   -5.37   -5.91    7.99  227.79

L21    1.12    1.07    1.27    9.58    2.93   -5.67    6.38  297.30

L22    3.37    2.72    2.42   18.88   13.09   -1.50   13.18  353.43

GS0    50.40   51.92   42.50   77.17    0.93    0.53    1.29  114.19

GS1    53.16   54.78   44.78   78.91    0.87    0.57    1.07   33.05

GS2    50.14   52.25   42.10   77.43   -0.64    1.33    1.48  115.77

GS3    44.31   46.32   36.71   73.74   -1.03    2.12    2.36  115.43

GS4    39.57   41.53   33.40   70.55   -1.49    1.33    2.00  138.61

GS5    33.02   34.28   27.92   65.18   -0.12    0.66    0.68  102.14

GS6    28.41   29.73   24.14   61.42   -0.99    0.75    1.28  146.90

GS7    24.40   25.65   20.79   57.70   -1.41    0.81    1.63  150.41

GS8    20.27   21.03   17.18   52.98   -0.05    0.44    0.51   98.02

GS9    16.75   17.48   14.26   48.86   -0.62    0.46    0.80  147.00

GS10   13.79   14.40   11.66   44.79   -0.56    0.70    0.94  137.61

GS11   11.40   11.91    9.64   41.08   -0.63    0.69    0.99  135.22

GS12    9.36    9.88    7.80   37.63   -1.39    1.41    1.98  134.44

GS13    7.61    8.03    6.45   34.05   -1.27    0.80    1.52  148.07

GS14    6.07    6.44    5.07   30.50   -1.60    1.29    2.07  142.50

GS15    4.48    4.76    3.75   26.04   -1.44    1.14    1.84  141.71

GS16    3.27    3.45    2.68   21.77   -1.06    1.35    1.76  128.44

GS17    2.33    2.47    1.97   17.76   -0.90    0.65    1.15  142.83

GS18    1.64    1.75    1.39   14.10   -1.10    0.64    1.35  149.25

GS19    1.03    1.10    0.90    9.78   -0.78    0.13    0.84  166.90

GS20    0.60    0.64    0.54    5.77   -0.77   -0.29    0.84  199.77

GS21    0.45    0.47    0.42    4.26   -0.29   -0.63    0.70  245.28

GS22    0.28    0.33    0.36    2.94   -1.34   -1.81    2.25  233.51

GS23    0.06    0.06    0.11    0.51    0.15   -1.11    1.12  277.82

END_DATA


