IT8.7/1
ORIGINATOR "FotoTune"
DESCRIPTOR "Agfa IT8"
MATERIAL "AgfachromeRS100Plus"
MANUFACTURER "Agfa"
CREATED "Wed Oct 13 07:50:37 1999"
PROD_DATE "1999:010"
SERIAL "35mm az0706xx"
NUMBER_OF_FIELDS 9
BEGIN_DATA_FORMAT
SAMPLE_ID XYZ_X XYZ_Y XYZ_Z LAB_L LAB_A LAB_B LAB_C LAB_H
END_DATA_FORMAT
NUMBER_OF_SETS 288
BEGIN_DATA
A1     2.49    2.22    1.68   16.60    7.20    1.62    7.38   12.63
A2     3.15    2.25    1.41   16.75   18.62    4.99   19.28   15.01
A3     3.61    2.13    1.11   16.17   28.58    7.96   29.67   15.56
A4     4.57    2.36    1.07   17.24   37.72   10.30   39.10   15.27
A5    10.86    9.67    6.93   37.25   11.99    4.26   12.73   19.57
A6    12.66    9.45    5.80   36.83   26.33    8.59   27.70   18.06
A7    14.45    9.16    4.82   36.28   40.21   12.59   42.14   17.38
A8    16.14    9.01    4.13   36.00   51.40   16.02   53.84   17.32
A9    29.67   28.64   21.45   60.45    7.97    4.23    9.04   27.91
A10   31.67   28.57   20.51   60.39   15.66    6.01   16.78   21.01
A11   32.23   27.53   17.93   59.46   21.73    9.92   23.89   24.54
A12   32.42   26.38   16.38   58.39   27.00   11.65   29.42   23.34
A13   48.19   51.07   44.29   76.72   -2.88   -2.61    3.90  221.96
A14   49.61   49.15   43.43   75.54    6.08   -3.59    7.07  329.59
A15   51.22   53.12   38.83   77.95   -0.01    6.47    6.48   89.99
A16   51.97   53.58   42.78   78.22    0.77    1.85    2.03   65.73
A17   49.64   49.90   38.74   76.01    4.14    3.25    5.26   38.17
A18   48.76   52.19   40.33   77.40   -4.23    3.55    5.54  140.31
A19   48.18   49.62   44.78   75.83    0.92   -4.73    4.82  280.86
A20    2.33    1.53    0.75   12.82   20.15    7.99   21.68   21.62
A21    6.52    3.63    0.77   22.42   38.06   24.17   45.09   32.41
A22   11.34    5.72    0.72   28.69   52.36   35.88   63.47   34.42
B1     3.75    3.47    2.04   21.83    6.34    7.01    9.45   47.86
B2     4.38    3.39    1.38   21.54   16.52   13.65   21.43   39.56
B3     4.96    3.43    0.86   21.68   23.55   21.40   31.81   42.26
B4     5.16    3.12    0.51   20.51   31.00   25.62   40.22   39.58
B5    13.74   12.45    7.27   41.93   11.45   10.92   15.83   43.64
B6    15.96   12.54    5.01   42.06   24.27   21.50   32.42   41.53
B7    17.21   11.72    2.75   40.76   36.83   33.57   49.84   42.35
B8    18.83   11.96    2.20   41.16   43.69   38.81   58.44   41.62
B9    35.06   35.00   24.81   65.75    4.50    7.01    8.34   57.21
B10   36.25   34.24   21.02   65.15   11.09   13.17   17.22   49.88
B11   37.24   33.92   20.00   64.89   15.42   14.83   21.40   43.87
B12   35.65   31.13   15.16   62.62   20.02   21.90   29.67   47.56
B13   43.01   47.45   43.31   74.48   -7.94   -5.27    9.54  213.54
B14   45.14   42.07   40.85   70.92   13.59   -8.29   15.93  328.63
B15   49.74   51.97   31.98   77.26   -1.03   15.04   15.08   93.91
B16   43.28   45.42   35.13   73.17   -1.54    3.35    3.69  114.58
B17   44.75   42.96   31.22   71.53    9.85    6.31   11.71   32.72
B18   43.17   48.54   34.02   75.16  -10.47    8.38   13.41  141.33
B19   40.12   40.61   42.43   69.90    2.98  -12.06   12.43  283.90
B20    4.24    2.80    0.92   19.22   24.70   16.19   29.53   33.24
B21   10.35    5.29    0.72   27.56   49.86   33.98   60.34   34.27
B22   32.36   28.35   15.62   60.20   18.99   16.61   25.23   41.17
C1     7.33    7.40    3.97   32.70    1.86   11.27   11.43   80.64
C2     7.61    7.11    2.48   32.04    7.35   20.67   21.94   70.42
C3     7.88    6.95    1.42   31.70   11.36   30.58   32.61   69.62
C4     9.03    7.28    0.67   32.45   18.24   43.44   47.12   67.23
C5    22.96   22.11   10.48   54.14    7.54   20.44   21.79   69.75
C6    24.96   22.19    6.27   54.23   15.95   36.43   39.77   66.35
C7    28.13   23.34    3.15   55.42   23.75   55.82   60.66   66.95
C8    26.73   21.30    2.23   53.28   27.41   59.42   65.43   65.24
C9    40.26   40.41   26.36   69.76    4.05   11.18   11.90   70.06
C10   42.69   42.62   22.68   71.29    4.78   20.54   21.09   76.88
C11   42.01   40.63   18.02   69.91    8.74   27.74   29.08   72.52
C12   40.83   38.93   15.13   68.70   10.39   32.46   34.08   72.26
C13   38.44   44.40   43.21   72.50  -13.47   -8.56   15.97  212.44
C14   41.70   36.58   39.17   66.95   20.53  -12.93   24.26  327.83
C15   48.65   51.13   25.80   76.76   -1.79   24.25   24.32   94.22
C16   34.33   35.98   28.74   66.50   -1.22    1.59    2.03  131.07
C17   40.07   36.51   23.69   66.91   15.73   11.07   19.24   35.14
C18   36.90   44.08   27.08   72.28  -17.54   14.31   22.65  140.79
C19   32.15   32.02   39.81   63.35    4.66  -19.97   20.51  283.14
C20    2.77    2.28    1.07   16.88   11.54    9.78   15.14   40.28
C21   26.60   20.93    7.74   52.87   28.60   27.93   39.98   44.31
C22   38.55   36.37   22.10   66.80   11.41   13.89   17.99   50.60
D1     4.95    5.35    3.01   27.69   -2.53    9.08    9.43  105.48
D2     4.80    5.14    2.05   27.15   -2.12   16.03   16.17   97.54
D3     4.74    5.11    1.14   27.06   -2.41   26.21   26.33   95.26
D4     5.27    5.61    0.69   28.40   -1.71   35.94   35.98   92.72
D5    17.48   18.45    9.15   50.05   -1.74   17.82   17.91   95.57
D6    17.41   18.43    5.41   50.01   -1.96   33.19   33.25   93.38
D7    17.21   18.25    2.54   49.80   -2.10   50.82   50.87   92.36
D8    16.49   17.64    1.99   49.06   -2.90   54.46   54.53   93.05
D9    45.84   47.88   23.62   74.75   -0.94   24.70   24.72   92.16
D10   45.05   47.24   12.84   74.34   -1.44   48.24   48.26   91.71
D11   45.12   46.82    6.86   74.07   -0.05   68.03   68.03   90.04
D12   43.51   46.00    7.37   73.54   -2.46   65.01   65.05   92.17
D13   34.34   41.49   42.84   70.52  -18.53  -11.51   21.81  211.84
D14   38.10   31.24   37.04   62.71   27.61  -17.37   32.62  327.83
D15   47.58   50.08   20.46   76.12   -1.94   33.22   33.28   93.33
D16   25.24   26.74   20.58   58.73   -2.29    3.01    3.81  128.00
D17   36.09   31.05   18.11   62.55   21.76   14.83   26.34   34.27
D18   31.78   40.22   21.55   69.62  -23.70   19.85   30.92  140.06
D19   26.01   25.21   37.40   57.28    7.19  -27.22   28.15  284.79
D20   18.63   14.93    5.53   45.54   23.80   24.91   34.46   46.29
D21   26.34   25.72   15.98   57.76    6.49   11.52   13.23   60.61
D22   42.20   41.35   25.16   70.42    7.11   14.45   16.10   63.78
E1     6.31    7.37    4.00   32.62   -8.15   10.96   13.65  126.63
E2     5.61    7.06    2.42   31.95  -12.99   21.04   24.73  121.70
E3     5.36    7.03    1.65   31.86  -15.55   28.22   32.22  118.87
E4     5.02    7.14    0.89   32.13  -20.72   38.82   44.00  118.08
E5    23.41   26.89   13.34   58.87  -10.79   20.17   22.88  118.16
E6    21.81   27.55    9.41   59.48  -20.69   33.20   39.12  121.93
E7    20.38   27.85    5.36   59.76  -28.70   50.27   57.88  119.72
E8    18.93   27.70    4.38   59.62  -35.33   55.28   65.60  122.59
E9    43.69   47.31   30.09   74.39   -5.58   13.02   14.16  113.23
E10   40.46   45.85   22.76   73.44  -11.22   24.08   26.56  114.98
E11   34.05   41.12   15.32   70.26  -18.42   34.69   39.28  117.97
E12   34.73   41.53   15.32   70.54  -17.29   35.17   39.19  116.18
E13   30.46   38.72   42.54   68.54  -23.92  -14.54   27.99  211.29
E14   34.73   26.42   35.04   58.44   34.90  -21.94   41.22  327.85
E15   46.66   48.99   15.73   75.44   -1.61   42.59   42.62   92.17
E16   19.75   21.04   16.11   53.00   -2.68    2.99    4.02  131.74
E17   32.12   25.83   12.83   57.87   28.20   19.87   34.50   35.16
E18   26.98   36.39   16.56   66.82  -29.97   25.76   39.52  139.32
E19   20.40   19.16   34.86   50.88    9.67  -34.72   36.03  285.57
E20   23.25   16.36    1.87   47.44   37.75   52.89   64.97   54.48
E21   22.08   18.81    4.88   50.46   19.40   36.69   41.51   62.13
E22   32.41   28.77   10.91   60.58   17.55   30.19   34.92   59.83
F1     3.55    4.43    3.12   25.04  -10.60    3.67   11.22  160.89
F2     3.35    5.00    3.16   26.74  -21.10    6.25   22.01  163.50
F3     2.77    4.91    2.65   26.47  -29.95    9.68   31.48  162.09
F4     2.16    4.52    2.10   25.32  -37.08   12.43   39.11  161.47
F5    11.56   14.69    9.82   45.20  -17.22    7.18   18.65  157.40
F6     9.18   14.23    8.25   44.55  -32.70   11.63   34.71  160.43
F7     7.91   15.18    6.85   45.88  -49.43   19.49   53.13  158.49
F8     7.16   15.59    6.12   46.42  -58.96   23.64   63.52  158.15
F9    27.38   31.83   22.47   63.20  -12.74    6.98   14.53  151.29
F10   24.90   32.34   20.80   63.62  -24.80   10.98   27.12  156.12
F11   22.88   32.70   19.72   63.92  -34.92   13.74   37.53  158.53
F12   21.62   32.02   18.68   63.36  -38.33   15.00   41.16  158.63
F13   27.03   36.02   42.20   66.53  -28.51  -17.58   33.50  211.65
F14   31.88   22.70   33.12   54.76   40.72  -25.46   48.02  327.98
F15   46.41   48.62   13.16   75.21   -1.34   48.85   48.87   91.57
F16   13.59   14.27   11.00   44.61   -1.06    2.36    2.60  114.67
F17   28.76   21.60    9.60   53.60   34.10   22.38   40.78   33.29
F18   23.08   33.08   13.64   64.23  -35.40   28.60   45.51  141.07
F19   16.18   14.75   32.79   45.28   11.63  -41.33   42.93  285.72
F20   28.44   27.82   14.50   59.72    6.43   18.60   19.68   70.90
F21   35.33   32.85   12.71   64.04   12.77   30.84   33.38   67.50
F22   39.99   38.76   18.37   68.58    8.31   24.67   26.03   71.38
G1     2.74    3.46    3.01   21.82  -10.35   -1.10   10.41  186.07
G2     2.21    3.17    3.04   20.73  -16.32   -3.19   16.63  191.07
G3     2.08    3.37    3.31   21.47  -22.35   -3.82   22.67  189.69
G4     1.48    3.12    3.09   20.53  -33.32   -3.92   33.55  186.71
G5    11.83   14.56   11.98   45.02  -14.57    0.14   14.57  179.44
G6    10.01   14.63   12.63   45.12  -28.54   -1.56   28.58  183.13
G7     8.52   15.13   13.53   45.81  -43.74   -2.85   43.83  183.73
G8     6.54   13.45   11.74   43.43  -52.23   -1.91   52.27  182.10
G9    27.46   31.66   26.81   63.06  -11.83   -1.13   11.88  185.44
G10   25.51   32.67   28.78   63.89  -23.38   -2.97   23.57  187.25
G11   23.57   33.20   30.21   64.32  -33.58   -4.53   33.89  187.68
G12   22.44   32.57   30.21   63.81  -36.45   -5.41   36.85  188.45
G13   24.32   33.78   41.95   64.79  -32.33  -20.26   38.16  212.08
G14   29.07   19.28   31.06   51.01   46.42  -28.81   54.64  328.17
G15   46.14   48.22   11.25   74.96   -1.00   53.95   53.96   91.06
G16    9.49    9.96    7.66   37.77   -0.92    2.21    2.41  113.29
G17   26.26   18.51    7.47   50.10   39.19   24.17   46.05   31.67
G18   19.75   30.15   11.37   61.78  -40.53   30.86   50.94  142.72
G19   12.75   11.10   30.48   39.75   14.40  -47.32   49.47  286.92
G20   36.83   36.45   16.41   66.86    5.63   26.17   26.77   77.84
G21   36.39   35.90   11.85   66.44    5.95   37.45   37.92   80.98
G22   42.04   40.24    3.49   69.64    9.99   77.99   78.63   82.70
H1     2.90    3.51    3.53   21.99   -8.29   -4.40    9.39  207.93
H2     2.64    3.44    4.70   21.73  -12.00  -11.88   16.89  224.70
H3     2.21    3.22    5.27   20.90  -17.05  -16.30   23.59  223.71
H4     1.73    2.92    5.74   19.72  -22.91  -20.65   30.85  222.03
H5     9.72   11.29   11.59   40.06   -8.93   -7.28   11.54  219.18
H6     8.38   10.75   13.98   39.15  -16.26  -15.53   22.49  223.68
H7     7.72   11.08   18.41   39.72  -24.73  -25.16   35.28  225.49
H8     7.14   11.16   21.31   39.84  -30.74  -31.01   43.67  225.25
H9    28.84   31.28   29.25   62.74   -5.03   -5.72    7.64  228.61
H10   28.70   32.58   34.13   63.82  -10.24  -11.33   15.28  227.90
H11   27.65   32.74   37.96   63.94  -14.89  -16.49   22.22  227.91
H12   25.16   31.74   40.92   63.12  -21.57  -21.82   30.68  225.33
H13   22.31   32.08   41.59   63.41  -35.36  -22.19   41.75  212.12
H14   26.62   16.42   29.10   47.51   51.82  -31.74   60.77  328.52
H15   46.11   47.91    9.09   74.77   -0.24   60.67   60.67   90.23
H16    6.20    6.57    5.08   30.80   -1.48    1.77    2.31  130.13
H17   23.58   15.44    5.15   46.22   44.41   28.01   52.50   32.24
H18   16.80   27.17    8.90   59.12  -44.53   34.38   56.26  142.34
H19   10.03    8.24   28.15   34.47   17.64  -52.69   55.56  288.51
H20   39.56   40.75   15.74   70.00    0.81   33.19   33.20   88.59
H21   35.25   36.90   24.15   67.20   -1.13   10.72   10.78   95.92
H22   37.55   41.10   13.87   70.25   -6.64   38.39   38.96   99.82
I1     4.62    4.93    6.82   26.52   -1.67  -13.74   13.85  263.03
I2     4.84    5.01    9.91   26.75    0.06  -24.92   24.92  270.12
I3     4.61    4.80   13.66   26.17   -0.35  -37.05   37.06  269.46
I4     4.28    4.48   17.00   25.21   -0.53  -47.01   47.02  269.35
I5    13.57   14.10   14.89   44.38   -0.21   -8.87    8.88  268.58
I6    13.67   14.08   19.24   44.34    0.62  -19.00   19.01  271.87
I7    14.10   14.39   25.02   44.78    1.44  -29.51   29.54  272.79
I8    14.44   14.62   31.21   45.11    2.09  -39.21   39.26  273.05
I9    31.55   32.52   29.81   63.76    0.71   -4.85    4.90  278.27
I10   32.05   33.00   34.75   64.15    0.85  -11.65   11.68  274.12
I11   31.97   32.91   37.86   64.08    0.85  -16.13   16.15  273.01
I12   29.72   30.83   39.47   62.36   -0.02  -21.25   21.25  269.96
I13   19.90   29.77   41.15   61.45  -38.35  -25.00   45.78  213.10
I14   23.63   13.33   26.41   43.25   57.52  -34.59   67.12  328.98
I15   46.30   47.75    7.08   74.67    0.71   68.13   68.13   89.41
I16    3.82    4.07    3.13   23.91   -1.63    1.65    2.33  135.49
I17   20.66   12.37    3.24   41.80   50.06   31.75   59.28   32.38
I18   13.72   23.76    6.43   55.85  -48.66   38.49   62.04  141.66
I19    7.40    5.48   25.06   28.06   22.56  -58.40   62.61  291.12
I20   40.66   44.76   17.07   72.73   -7.53   34.77   35.58  102.22
I21   15.24   19.87    5.82   51.68  -21.43   34.09   40.27  122.15
I22   31.59   39.26   20.76   68.94  -21.45   20.24   29.49  136.67
J1     1.29    1.17    2.28   10.30    5.32  -15.15   16.06  289.36
J2     1.56    1.07    4.34    9.54   16.27  -30.85   34.88  297.79
J3     1.90    1.15    6.88   10.18   22.26  -42.21   47.72  297.81
J4     2.04    1.11    9.02    9.90   26.65  -50.95   57.50  297.60
J5     9.16    8.91    9.99   35.81    4.84   -9.59   10.74  296.79
J6    10.06    9.07   13.91   36.11   10.80  -20.60   23.26  297.67
J7    11.06    9.23   19.09   36.42   16.99  -32.35   36.54  297.71
J8    11.61    9.19   23.67   36.34   21.28  -41.59   46.72  297.10
J9    27.36   27.64   24.73   59.56    2.85   -3.50    4.52  309.03
J10   27.09   26.62   28.63   58.62    5.84  -11.83   13.19  296.29
J11   29.08   27.75   32.81   59.65    9.19  -16.56   18.94  299.01
J12   29.93   27.31   37.73   59.26   14.11  -24.27   28.07  300.18
J13   17.67   27.47   40.57   59.41  -41.08  -27.76   49.58  214.05
J14   20.42   10.45   23.13   38.64   62.49  -36.63   72.44  329.62
J15   46.23   47.04    5.27   74.21    2.45   75.65   75.69   88.14
J16    2.17    2.28    1.90   16.88   -0.62   -0.15    0.75  200.08
J17   17.94    9.81    1.73   37.49   54.88   37.12   66.25   34.08
J18   10.74   20.10    4.42   51.95  -52.30   41.79   66.94  141.38
J19    5.22    3.28   21.48   21.15   29.05  -63.60   69.93  294.54
J20   31.10   39.18   25.81   68.88  -23.00   10.65   25.35  155.17
J21    3.80    7.40    1.74   32.71  -39.87   28.73   49.14  144.23
J22    1.07    2.01    0.95   15.53  -24.34    9.20   26.02  159.29
K1     2.63    2.28    2.81   16.88    8.78   -8.09   11.95  317.33
K2     3.09    2.14    3.67   16.20   20.03  -15.30   25.20  322.64
K3     3.54    1.96    4.80   15.25   31.41  -23.55   39.25  323.14
K4     4.14    2.05    5.77   15.76   38.20  -27.62   47.14  324.13
K5     7.82    6.82    7.94   31.39   12.19   -9.89   15.70  320.98
K6     8.40    5.85    9.47   29.03   27.48  -19.51   33.71  324.62
K7     9.58    5.48   12.32   28.06   41.64  -30.07   51.36  324.17
K8    10.84    5.81   14.16   28.91   47.75  -33.67   58.43  324.81
K9    21.22   19.92   18.75   51.69    9.86   -5.20   11.15  332.20
K10   24.07   20.74   22.90   52.66   18.87  -12.03   22.38  327.49
K11   26.69   20.90   27.35   52.84   29.13  -19.67   35.15  325.98
K12   28.67   20.77   31.36   52.69   37.62  -26.38   45.95  324.97
K13   15.49   24.97   39.75   57.05  -43.01  -30.77   52.89  215.58
K14   17.15    7.96   19.37   33.90   66.06  -37.29   75.86  330.55
K15   46.47   46.70    3.91   73.99    4.09   82.77   82.88   87.17
K16    0.99    1.04    0.93    9.29   -0.47   -1.16    1.27  247.89
K17   15.00    7.45    0.84   32.80   58.56   40.82   71.38   34.88
K18    8.22   16.66    2.99   47.82  -55.06   43.89   70.42  141.44
K19    3.50    1.70   16.95   13.84   36.89  -66.52   76.07  299.01
K20    3.38    4.45    3.25   25.09  -13.49    2.83   13.79  168.22
K21    1.76    2.49    2.28   17.86  -14.19   -2.00   14.33  188.03
K22    2.45    3.29    4.62   21.17  -13.21  -12.39   18.12  223.19
L1     2.46    2.16    2.07   16.32    7.97   -2.82    8.46  340.52
L2     2.95    2.07    2.04   15.85   19.16   -3.33   19.44  350.13
L3     3.54    2.06    2.18   15.81   28.99   -4.70   29.38  350.80
L4     4.60    2.31    3.30   17.05   38.90  -11.43   40.54  343.63
L5     7.95    6.86    6.14   31.49   12.89   -2.22   13.08  350.21
L6     9.31    6.36    6.60   30.31   29.80   -6.30   30.47  348.08
L7    10.15    5.50    5.92   28.10   45.93   -7.05   46.47  351.28
L8    11.05    5.65    5.78   28.52   50.99   -5.62   51.30  353.71
L9    22.19   20.90   17.29   52.84    9.68   -0.04    9.70  179.79
L10   24.47   20.63   17.52   52.53   21.11   -1.10   21.14  357.02
L11   28.16   21.72   19.36   53.72   31.23   -3.10   31.39  354.34
L12   27.81   20.57   17.82   52.47   35.22   -1.89   35.28  356.93
L13   12.18   20.49   37.70   52.39  -43.91  -36.08   56.83  219.41
L14   12.61    5.20   13.57   27.31   67.12  -34.88   75.64  332.54
L15   46.99   46.31    2.68   73.75    6.60   90.90   91.14   85.84
L16    0.20    0.16    0.19    1.46    1.85   -0.97    2.09  332.34
L17   10.63    4.71    0.25   25.89   59.23   39.87   71.39   33.95
L18    4.71   11.22    1.65   39.94  -58.33   42.22   72.00  144.11
L19    1.76    0.55    9.58    4.92   41.55  -61.47   74.19  304.06
L20    0.73    0.88    1.16    7.99   -5.14   -6.85    8.57  233.10
L21    1.17    1.12    1.35    9.92    3.28   -5.99    6.83  298.68
L22    3.53    2.82    2.57   19.32   13.80   -2.00   13.94  351.76
GS0    53.27   54.97   45.32   79.01    0.67    0.11    0.77  192.50
GS1    53.64   55.45   45.21   79.29    0.43    0.72    0.93   57.79
GS2    50.43   52.63   42.64   77.66   -0.85    1.06    1.37  128.76
GS3    44.81   46.95   37.48   74.16   -1.33    1.78    2.24  126.57
GS4    40.29   42.38   34.10   71.13   -1.76    1.32    2.21  143.60
GS5    33.86   35.13   28.61   65.85   -0.07    0.67    0.73   95.84
GS6    29.01   30.36   24.73   61.97   -1.05    0.64    1.30  149.60
GS7    24.91   26.09   21.06   58.12   -1.06    0.99    1.52  140.96
GS8    20.70   21.46   17.50   53.45    0.01    0.53    0.62   91.35
GS9    17.26   17.98   14.57   49.47   -0.36    0.71    0.91  152.67
GS10   14.19   14.75   11.95   45.29   -0.19    0.67    0.77  100.70
GS11   11.66   12.12    9.83   41.40   -0.16    0.62    0.77  124.59
GS12    9.81   10.35    8.14   38.46   -1.32    1.55    2.06  130.84
GS13    7.82    8.22    6.64   34.44   -0.97    0.64    1.25  148.20
GS14    6.22    6.57    5.25   30.80   -1.11    0.87    1.44  141.88
GS15    4.64    4.89    3.89   26.39   -0.86    0.90    1.29  132.88
GS16    3.36    3.52    2.78   22.01   -0.44    0.95    1.12  113.69
GS17    2.42    2.52    2.06   18.02   -0.25    0.28    0.46  179.64
GS18    1.69    1.78    1.47   14.26   -0.57   -0.09    0.61  204.93
GS19    1.05    1.09    0.92    9.73   -0.12   -0.34    0.44  244.57
GS20    0.62    0.65    0.57    5.88   -0.30   -0.53    0.65  245.92
GS21    0.47    0.49    0.44    4.39   -0.07   -0.77    0.80  264.79
GS22    0.29    0.33    0.38    2.96   -1.01   -1.99    2.24  242.94
GS23    0.06    0.06    0.11    0.51    0.22   -1.14    1.16  280.61
END_DATA

