IT8.7/1
ORIGINATOR "FotoTune"
DESCRIPTOR "Agfa IT8"
MATERIAL "AgfachromeRS100Plus"
MANUFACTURER "Agfa"
CREATED "Wed Oct 13 07:44:14 1999"
PROD_DATE "1999:010"
SERIAL "35mm az0702xx"
NUMBER_OF_FIELDS 9
BEGIN_DATA_FORMAT
SAMPLE_ID XYZ_X XYZ_Y XYZ_Z LAB_L LAB_A LAB_B LAB_C LAB_H
END_DATA_FORMAT
NUMBER_OF_SETS 288
BEGIN_DATA
A1     2.70    2.43    1.78   17.60    7.11    2.23    7.46   17.46
A2     3.36    2.43    1.47   17.59   18.46    5.71   19.33   17.19
A3     3.78    2.26    1.15   16.81   28.49    8.40   29.70   16.42
A4     4.76    2.47    1.12   17.78   37.76   10.57   39.21   15.64
A5    11.21    9.97    7.13   37.79   12.17    4.37   12.96   19.75
A6    12.98    9.74    5.92   37.35   26.31    8.93   27.78   18.74
A7    14.71    9.39    4.97   36.72   39.90   12.56   41.83   17.47
A8    16.31    9.17    4.22   36.31   51.03   16.01   53.48   17.42
A9    29.97   28.93   21.66   60.71    7.99    4.29    9.08   28.26
A10   31.80   28.75   20.65   60.55   15.43    6.02   16.56   21.33
A11   32.28   27.59   17.90   59.51   21.69   10.10   23.94   24.94
A12   32.37   26.42   16.42   58.42   26.68   11.62   29.10   23.53
A13   47.80   50.49   43.77   76.36   -2.45   -2.59    3.61  226.06
A14   49.24   48.83   42.86   75.34    5.93   -3.22    6.75  331.80
A15   50.60   52.35   38.17   77.48    0.33    6.57    6.59   87.06
A16   51.36   52.90   42.21   77.81    0.94    1.85    2.11   61.49
A17   49.10   49.30   38.32   75.63    4.29    3.18    5.36   36.50
A18   48.56   51.95   40.02   77.25   -4.16    3.70    5.57  138.36
A19   47.73   49.09   44.26   75.50    1.11   -4.68    4.81  282.96
A20    2.49    1.67    0.75   13.61   20.14    9.24   22.16   24.65
A21    6.85    3.86    0.78   23.19   38.10   25.26   45.71   33.54
A22   11.53    5.85    0.73   29.03   52.22   36.34   63.62   34.83
B1     3.99    3.68    2.09   22.57    6.68    7.85   10.31   49.60
B2     4.64    3.62    1.41   22.39   16.47   14.63   22.03   41.61
B3     5.20    3.62    0.87   22.36   23.62   22.21   32.43   43.24
B4     5.47    3.34    0.54   21.35   31.13   26.59   40.94   40.50
B5    14.04   12.68    7.27   42.26   11.86   11.49   16.52   44.07
B6    16.31   12.84    5.10   42.52   24.25   21.87   32.65   42.05
B7    17.28   11.82    2.75   40.93   36.50   33.85   49.77   42.84
B8    18.99   12.16    2.23   41.47   43.15   39.08   58.22   42.17
B9    35.45   35.35   25.06   66.01    4.65    7.06    8.46   56.61
B10   36.19   34.18   21.01   65.10   11.07   13.12   17.18   49.85
B11   37.23   33.89   19.94   64.86   15.52   14.91   21.53   43.85
B12   35.42   30.90   15.14   62.42   20.05   21.62   29.49   47.17
B13   42.76   47.02   42.79   74.20   -7.51   -5.11    9.10  214.18
B14   44.98   41.96   40.41   70.83   13.47   -7.86   15.60  329.79
B15   49.35   51.45   31.67   76.95   -0.73   14.98   15.01   92.79
B16   43.24   45.36   34.99   73.12   -1.45    3.48    3.77  112.40
B17   44.61   42.85   31.09   71.45    9.76    6.40   11.68   33.28
B18   42.80   47.94   33.40   74.78   -9.93    8.64   13.17  138.98
B19   39.94   40.36   41.65   69.71    3.22  -11.39   11.84  285.72
B20    4.48    2.98    0.94   19.96   24.76   17.06   30.07   34.56
B21   10.55    5.44    0.72   27.96   49.60   34.64   60.50   34.93
B22   32.34   28.43   15.46   60.27   18.64   17.14   25.32   42.59
C1     7.65    7.70    3.99   33.34    2.17   12.23   12.43   79.94
C2     7.90    7.41    2.54   32.73    7.15   21.40   22.57   71.52
C3     8.30    7.33    1.46   32.53   11.56   31.60   33.65   69.90
C4     9.28    7.49    0.64   32.89   18.43   44.54   48.21   67.53
C5    22.99   22.14   10.48   54.17    7.57   20.51   21.87   69.75
C6    25.15   22.37    6.37   54.42   15.90   36.29   39.62   66.34
C7    28.39   23.64    3.17   55.72   23.47   56.23   60.93   67.34
C8    26.89   21.47    2.25   53.45   27.30   59.58   65.54   65.38
C9    40.09   40.21   26.29   69.61    4.15   11.07   11.83   69.36
C10   42.37   42.23   22.68   71.02    4.99   20.07   20.68   76.02
C11   41.80   40.42   17.86   69.76    8.69   27.86   29.19   72.67
C12   40.66   38.77   15.13   68.58   10.36   32.26   33.89   72.20
C13   38.32   44.19   42.49   72.35  -13.27   -7.90   15.45  210.74
C14   41.55   36.52   38.56   66.91   20.27  -12.19   23.66  328.99
C15   48.33   50.75   25.54   76.52   -1.62   24.30   24.35   93.83
C16   34.37   35.93   28.52   66.46   -0.93    1.88    2.12  115.65
C17   39.97   36.47   23.47   66.87   15.60   11.41   19.33   36.17
C18   36.61   43.55   26.57   71.92  -16.95   14.57   22.35  139.32
C19   31.89   31.76   38.94   63.14    4.67  -19.19   19.75  283.64
C20    2.98    2.46    1.08   17.73   11.59   11.09   16.05   43.75
C21   26.64   21.04    7.62   52.99   28.27   28.56   40.19   45.30
C22   38.76   36.65   22.28   67.01   11.19   13.91   17.86   51.18
D1     5.27    5.66    3.11   28.53   -2.25    9.78   10.03  102.96
D2     5.09    5.43    2.10   27.92   -1.81   16.92   17.02   96.11
D3     4.99    5.36    1.14   27.74   -2.14   27.46   27.54   94.47
D4     5.53    5.85    0.68   29.02   -1.15   37.22   37.23   91.76
D5    18.10   19.13    9.37   50.83   -1.81   18.42   18.51   95.60
D6    18.08   19.13    5.51   50.83   -1.90   34.13   34.18   93.18
D7    17.67   18.67    2.56   50.29   -1.76   51.51   51.54   91.96
D8    16.79   17.90    1.95   49.37   -2.60   55.34   55.39   92.68
D9    45.66   47.58   23.40   74.55   -0.63   24.80   24.81   91.46
D10   44.94   47.11   12.91   74.25   -1.39   47.87   47.89   91.66
D11   44.74   46.33    6.78   73.75    0.18   67.87   67.87   89.85
D12   43.40   45.74    7.34   73.37   -2.07   64.87   64.91   91.83
D13   34.51   41.53   42.26   70.54  -18.03  -10.74   21.00  210.78
D14   38.36   31.63   36.74   63.03   27.05  -16.39   31.63  328.79
D15   47.40   49.79   20.38   75.94   -1.69   33.10   33.14   92.92
D16   25.43   26.87   20.76   58.85   -2.02    2.87    3.52  125.12
D17   36.13   31.16   18.04   62.64   21.51   15.15   26.32   35.16
D18   31.59   39.74   21.19   69.29  -22.93   19.97   30.42  138.96
D19   26.08   25.34   36.78   57.40    6.95  -26.17   27.08  284.83
D20   18.93   15.22    5.57   45.93   23.63   25.38   34.68   47.05
D21   26.66   26.00   15.99   58.03    6.58   11.97   13.67   61.16
D22   42.29   41.49   25.02   70.51    6.97   14.86   16.42   64.82
E1     6.64    7.70    4.12   33.33   -7.70   11.46   13.81  123.90
E2     5.93    7.41    2.47   32.73  -12.70   21.93   25.34  120.08
E3     5.68    7.39    1.67   32.67  -15.16   29.46   33.14  117.22
E4     5.28    7.39    0.87   32.67  -19.91   40.04   44.72  116.43
E5    23.66   27.01   13.40   58.98  -10.20   20.23   22.65  116.75
E6    22.27   27.98    9.65   59.87  -20.23   33.06   38.76  121.46
E7    20.64   27.99    5.36   59.87  -27.94   50.47   57.69  118.97
E8    19.21   27.83    4.33   59.74  -34.45   55.72   65.51  121.73
E9    43.57   47.12   29.67   74.26   -5.39   13.47   14.51  111.82
E10   40.40   45.65   22.64   73.31  -10.86   24.09   26.42  114.26
E11   34.10   40.87   15.10   70.07  -17.46   34.91   39.04  116.57
E12   34.90   41.58   15.59   70.58  -16.88   34.58   38.48  116.02
E13   30.34   38.38   41.65   68.29  -23.28  -13.84   27.08  210.72
E14   34.75   26.62   34.58   58.62   34.19  -20.95   40.10  328.51
E15   46.31   48.58   15.57   75.18   -1.49   42.55   42.58   92.00
E16   19.82   20.99   15.95   52.94   -2.08    3.26    3.90  122.54
E17   32.26   26.04   12.74   58.08   27.83   20.48   34.56   36.35
E18   27.17   36.34   16.51   66.78  -29.02   25.81   38.85  138.36
E19   20.66   19.44   34.44   51.19    9.55  -33.57   34.90  285.88
E20   23.33   16.46    1.83   47.57   37.56   53.50   65.37   54.93
E21   22.35   19.09    4.83   50.79   19.25   37.52   42.17   62.84
E22   32.46   28.86   10.89   60.65   17.41   30.38   35.01   60.18
F1     3.82    4.76    3.24   26.03  -10.65    4.54   11.59  156.95
F2     3.63    5.32    3.22   27.64  -20.58    7.41   21.88  160.22
F3     2.98    5.20    2.74   27.29  -29.69   10.39   31.46  160.73
F4     2.35    4.79    2.13   26.11  -36.61   13.54   39.04  159.71
F5    11.83   14.91    9.86   45.50  -16.65    7.56   18.29  155.58
F6     9.51   14.57    8.51   45.03  -32.11   11.49   34.11  160.31
F7     8.06   15.21    6.82   45.92  -48.34   19.66   52.19  157.87
F8     7.57   16.21    6.37   47.25  -58.54   23.93   63.25  157.77
F9    27.37   31.76   22.18   63.13  -12.53    7.43   14.56  149.35
F10   25.08   32.34   20.88   63.61  -24.04   10.85   26.38  155.72
F11   23.02   32.60   19.59   63.83  -33.95   13.86   36.67  157.79
F12   21.73   31.94   18.71   63.29  -37.50   14.82   40.32  158.44
F13   27.03   35.80   41.36   66.36  -27.80  -16.81   32.49  211.16
F14   31.83   22.76   32.60   54.82   40.26  -24.57   47.17  328.60
F15   45.90   48.06   13.13   74.86   -1.26   48.33   48.35   91.49
F16   13.98   14.65   11.06   45.15   -0.93    3.14    3.28  106.56
F17   29.05   21.97    9.63   53.99   33.50   23.00   40.64   34.46
F18   23.34   33.21   13.71   64.33  -34.63   28.59   44.90  140.47
F19   16.39   14.98   32.26   45.60   11.48  -39.99   41.60  286.00
F20   28.75   28.13   14.50   60.00    6.42   19.07   20.13   71.42
F21   35.51   33.07   12.56   64.21   12.64   31.56   34.00   68.15
F22   39.76   38.57   18.19   68.43    8.22   24.80   26.13   71.64
G1     2.94    3.67    3.09   22.55   -9.88   -0.38    9.89  182.18
G2     2.40    3.38    3.12   21.52  -15.76   -2.42   15.94  188.74
G3     2.26    3.59    3.43   22.27  -21.85   -3.27   22.10  188.52
G4     1.57    3.30    3.19   21.20  -33.49   -3.43   33.67  185.85
G5    12.12   14.85   12.11   45.42  -14.32    0.46   14.35  178.19
G6    10.37   15.06   12.88   45.71  -28.22   -1.24   28.25  182.53
G7     8.81   15.47   13.64   46.27  -43.28   -2.35   43.35  183.11
G8     6.80   13.78   11.96   43.92  -51.68   -1.70   51.71  181.89
G9    27.46   31.62   26.33   63.02  -11.66   -0.37   11.68  181.90
G10   25.61   32.62   28.38   63.85  -22.80   -2.38   22.93  185.95
G11   23.50   32.92   29.67   64.09  -32.93   -4.06   33.19  187.04
G12   22.64   32.60   29.80   63.83  -35.66   -4.72   35.97  187.54
G13   24.50   33.84   41.32   64.83  -31.76  -19.39   37.21  211.40
G14   29.26   19.60   30.79   51.37   45.56  -27.76   53.36  328.65
G15   46.06   48.12   11.29   74.90   -0.95   53.71   53.72   91.01
G16    9.75   10.18    7.68   38.16   -0.55    2.77    2.85  101.03
G17   26.47   18.78    7.51   50.42   38.66   24.58   45.81   32.45
G18   19.95   30.18   11.35   61.81  -39.66   30.95   50.31  142.03
G19   13.06   11.48   30.26   40.38   13.71  -45.88   47.89  286.64
G20   36.78   36.44   16.27   66.85    5.47   26.52   27.08   78.35
G21   36.55   36.13   11.90   66.62    5.72   37.59   38.03   81.36
G22   42.16   40.40    3.45   69.76    9.85   78.46   79.08   82.84
H1     3.13    3.76    3.67   22.88   -8.09   -3.80    8.95  205.25
H2     2.90    3.75    4.97   22.84  -11.98  -11.41   16.55  223.61
H3     2.40    3.49    5.46   21.90  -17.24  -15.51   23.20  221.96
H4     1.85    3.09    5.96   20.39  -23.02  -20.53   30.85  221.72
H5     9.98   11.59   11.62   40.54   -8.96   -6.51   11.10  215.97
H6     8.65   11.05   14.07   39.65  -16.06  -14.90   21.92  222.83
H7     7.95   11.34   18.41   40.14  -24.35  -24.44   34.51  225.10
H8     7.34   11.45   21.22   40.32  -30.87  -30.02   43.07  224.21
H9    28.76   31.26   28.51   62.72   -5.26   -4.55    6.97  220.93
H10   28.67   32.59   33.58   63.82  -10.39  -10.52   14.80  225.34
H11   27.85   32.93   37.31   64.10  -14.78  -15.34   21.31  226.06
H12   25.39   31.97   40.33   63.31  -21.40  -20.72   29.79  224.08
H13   22.40   31.99   41.10   63.33  -34.60  -21.70   40.85  212.09
H14   26.79   16.66   28.86   47.82   51.14  -30.81   59.70  328.94
H15   46.19   47.95    9.17   74.78   -0.12   60.43   60.43   90.12
H16    6.41    6.78    5.16   31.30   -1.37    2.23    2.63  121.30
H17   23.93   15.83    5.32   46.75   43.74   28.03   51.96   32.66
H18   17.11   27.37    8.90   59.31  -43.65   34.69   55.75  141.52
H19   10.31    8.56   28.01   35.12   16.87  -51.31   54.00  288.20
H20   39.62   40.86   15.88   70.07    0.70   32.98   32.99   88.79
H21   35.35   37.03   23.83   67.29   -1.19   11.47   11.54   95.86
H22   37.73   41.29   13.91   70.37   -6.60   38.50   39.06   99.73
I1     4.88    5.17    6.97   27.22   -1.27  -13.20   13.26  264.47
I2     5.16    5.35   10.33   27.71    0.02  -24.64   24.65  270.05
I3     4.86    5.09   13.93   26.98   -0.56  -36.36   36.37  269.10
I4     4.46    4.71   17.19   25.90   -1.13  -46.27   46.29  268.60
I5    14.00   14.56   14.94   45.01   -0.26   -7.90    7.91  267.93
I6    13.96   14.37   19.24   44.75    0.60  -18.29   18.30  271.85
I7    14.24   14.56   24.68   45.01    1.25  -28.48   28.51  272.51
I8    14.64   14.92   30.85   45.52    1.60  -37.95   37.99  272.41
I9    31.61   32.70   29.24   63.92    0.30   -3.68    3.73  274.23
I10   32.03   33.10   33.94   64.24    0.40  -10.34   10.35  272.17
I11   32.22   33.20   37.39   64.32    0.73  -15.07   15.09  272.76
I12   29.89   31.03   39.01   62.52   -0.09  -20.35   20.35  269.72
I13   20.04   29.76   40.56   61.45  -37.67  -24.24   44.79  212.76
I14   23.61   13.38   26.18   43.33   57.07  -34.06   66.47  329.18
I15   46.19   47.58    7.08   74.55    0.91   67.97   67.98   89.24
I16    4.06    4.30    3.22   24.64   -1.27    2.23    2.57  119.64
I17   21.02   12.74    3.30   42.36   49.37   32.25   58.97   33.15
I18   13.92   23.85    6.47   55.94  -47.81   38.47   61.37  141.18
I19    7.66    5.77   25.19   28.83   21.72  -57.31   61.28  290.76
I20   40.47   44.47   17.04   72.54   -7.27   34.49   35.25  101.90
I21   15.50   20.10    5.84   51.94  -21.03   34.48   40.39  121.38
I22   31.60   39.22   20.79   68.90  -21.27   20.12   29.28  136.59
J1     1.43    1.30    2.44   11.26    5.35  -14.85   15.78  289.80
J2     1.71    1.18    4.64   10.43   16.24  -31.05   35.04  297.61
J3     2.06    1.28    7.18   11.09   21.92  -41.88   47.27  297.63
J4     2.15    1.21    9.27   10.60   26.03  -50.61   56.90  297.21
J5     9.54    9.27   10.26   36.49    4.94   -9.28   10.52  298.07
J6    10.38    9.34   14.23   36.62   11.00  -20.52   23.28  298.20
J7    11.22    9.40   19.01   36.73   16.81  -31.64   35.82  297.98
J8    11.93    9.50   23.72   36.93   20.97  -40.66   45.75  297.28
J9    27.51   27.82   24.58   59.72    2.80   -2.97    4.07  313.26
J10   27.14   26.65   28.59   58.64    5.89  -11.72   13.12  296.68
J11   29.57   28.33   32.74   60.18    8.78  -15.55   17.86  299.43
J12   30.01   27.45   37.17   59.38   13.90  -23.28   27.12  300.85
J13   17.68   27.31   39.96   59.26  -40.36  -27.24   48.69  214.01
J14   20.56   10.64   23.13   38.96   61.81  -36.08   71.57  329.72
J15   46.12   46.99    5.24   74.18    2.28   75.72   75.76   88.27
J16    2.34    2.46    1.97   17.73   -0.68    0.61    0.99  147.00
J17   18.18   10.02    1.80   37.88   54.45   37.08   65.88   34.25
J18   11.06   20.38    4.47   52.26  -51.33   42.02   66.34  140.70
J19    5.40    3.48   21.70   21.90   27.95  -62.75   68.69  294.02
J20   31.40   39.34   25.89   68.99  -22.38   10.71   24.81  154.43
J21    3.97    7.61    1.77   33.17  -39.28   29.20   48.95  143.38
J22    1.16    2.13    0.96   16.16  -24.11   10.15   26.16  157.17
K1     2.82    2.45    2.94   17.70    8.68   -7.65   11.58  318.62
K2     3.29    2.31    3.83   17.03   19.76  -14.91   24.76  322.98
K3     3.76    2.10    4.98   16.01   31.59  -23.19   39.19  323.72
K4     4.35    2.18    5.98   16.40   38.30  -27.49   47.15  324.34
K5     8.12    7.09    8.05   32.01   12.22   -9.24   15.32  322.92
K6     8.81    6.19    9.85   29.88   27.38  -19.31   33.51  324.82
K7     9.91    5.76   12.53   28.79   41.17  -29.43   50.61  324.45
K8    11.10    6.02   14.42   29.46   47.26  -33.38   57.86  324.76
K9    22.41   21.07   19.62   53.02    9.90   -4.84   11.02  333.98
K10   24.28   21.02   22.81   52.97   18.41  -11.30   21.60  328.47
K11   26.84   21.13   27.11   53.09   28.62  -18.81   34.25  326.68
K12   28.65   20.90   30.90   52.84   36.92  -25.41   44.82  325.46
K13   15.53   24.90   39.04   56.98  -42.50  -29.96   51.99  215.18
K14   17.25    8.08   19.43   34.15   65.57  -36.98   75.28  330.58
K15   46.19   46.38    3.88   73.79    4.18   82.64   82.74   87.10
K16    1.09    1.14    0.96   10.12   -0.36   -0.27    0.68  209.64
K17   15.22    7.62    0.84   33.17   58.24   41.37   71.44   35.39
K18    8.38   16.76    2.93   47.95  -54.22   44.51   70.16  140.61
K19    3.62    1.82   17.24   14.50   35.89  -66.04   75.16  298.52
K20    3.59    4.67    3.24   25.78  -13.10    4.05   13.72  162.87
K21    1.86    2.60    2.28   18.34  -13.85   -1.16   13.90  184.79
K22    2.52    3.36    4.50   21.44  -12.94  -11.28   17.18  221.06
L1     2.60    2.28    2.07   16.90    8.02   -1.79    8.22  347.49
L2     3.10    2.19    2.08   16.47   19.00   -2.62   19.18  352.14
L3     3.74    2.21    2.24   16.52   29.10   -4.05   29.38  352.08
L4     4.85    2.46    3.42   17.76   39.06  -11.00   40.57  344.28
L5     8.26    7.14    6.27   32.13   12.90   -1.70   13.02  352.50
L6     9.79    6.76    6.88   31.24   29.62   -5.86   30.20  348.81
L7    10.53    5.78    6.14   28.84   45.69   -6.77   46.19  351.58
L8    11.18    5.77    6.00   28.83   50.58   -6.12   50.96  353.10
L9    22.55   21.30   17.34   53.26    9.47    0.57    9.50    3.54
L10   24.58   20.77   17.50   52.69   20.93   -0.78   20.95  357.89
L11   28.31   21.96   19.34   53.98   30.64   -2.59   30.75  355.18
L12   27.95   20.78   17.92   52.70   34.78   -1.71   34.83  357.18
L13   12.15   20.45   37.10   52.34  -43.92  -35.32   56.36  218.81
L14   12.66    5.25   13.53   27.44   66.86  -34.52   75.25  332.69
L15   46.64   45.88    2.62   73.47    6.84   90.90   91.16   85.70
L16    0.21    0.18    0.19    1.55    2.00   -0.76    2.14  339.14
L17   10.65    4.72    0.24   25.93   59.17   40.17   71.52   34.17
L18    4.77   11.24    1.60   39.98  -57.71   42.85   71.88  143.40
L19    1.77    0.56    9.62    5.05   41.24  -61.40   73.96  303.89
L20    0.81    0.98    1.17    8.82   -5.12   -5.65    7.64  227.84
L21    1.27    1.20    1.36   10.56    3.77   -5.02    6.29  306.74
L22    3.62    2.91    2.53   19.69   13.61   -1.01   13.65  355.75
GS0    52.36   54.02   44.03   78.43    0.72    0.74    1.07   44.67
GS1    53.15   54.85   44.34   78.95    0.65    1.18    1.42   60.90
GS2    50.24   52.38   41.95   77.50   -0.71    1.65    1.80  112.27
GS3    44.28   46.26   36.62   73.71   -0.93    2.18    2.37  112.83
GS4    39.96   41.96   33.39   70.84   -1.53    1.85    2.40  129.71
GS5    33.68   35.00   28.08   65.74   -0.25    1.38    1.48   98.75
GS6    29.17   30.53   24.49   62.10   -1.07    1.33    1.73  130.41
GS7    25.19   26.38   21.07   58.39   -1.05    1.43    1.78  127.28
GS8    20.86   21.57   17.48   53.56    0.29    0.78    0.90   63.35
GS9    17.27   17.97   14.53   49.45   -0.28    0.80    0.94   97.85
GS10   14.46   15.01   12.07   45.64   -0.09    0.94    0.97   92.32
GS11   11.82   12.24    9.86   41.59    0.11    0.84    0.98   81.31
GS12   10.03   10.53    8.21   38.78   -0.96    1.83    2.07  116.69
GS13    8.12    8.52    6.73   35.05   -0.90    1.31    1.60  123.32
GS14    6.44    6.79    5.26   31.30   -1.09    1.71    2.03  122.51
GS15    4.79    5.03    3.91   26.81   -0.74    1.50    1.68  115.85
GS16    3.56    3.72    2.85   22.71   -0.43    1.62    1.72  101.37
GS17    2.59    2.70    2.10   18.78   -0.25    1.20    1.31  100.34
GS18    1.83    1.92    1.51   15.06   -0.53    0.83    1.03  115.63
GS19    1.18    1.21    0.96   10.62    0.30    0.54    0.78   63.05
GS20    0.69    0.72    0.60    6.50   -0.21   -0.03    0.28  158.19
GS21    0.54    0.56    0.47    5.03    0.04   -0.25    0.32  282.65
GS22    0.33    0.38    0.40    3.37   -1.09   -1.70    2.04  237.49
GS23    0.06    0.06    0.11    0.53    0.19   -1.10    1.11  280.02
END_DATA

