IT8.7/1
ORIGINATOR "FotoTune"
DESCRIPTOR "Agfa IT8"
MATERIAL "AgfachromeRS100Plus"
MANUFACTURER "Agfa"
CREATED "Wed Nov 22 20:25:24 1995"
PROD_DATE "1995:011"
SERIAL "4x5 b50111xx"
NUMBER_OF_FIELDS 9
BEGIN_DATA_FORMAT
SAMPLE_ID XYZ_X XYZ_Y XYZ_Z LAB_L LAB_A LAB_B LAB_C LAB_H
END_DATA_FORMAT
NUMBER_OF_SETS 288
BEGIN_DATA
A1     2.14    1.61    1.09   13.32   14.21    3.18   14.57   12.63
A2     2.62    1.62    0.91   13.37   23.70    6.22   24.50   14.69
A3     3.11    1.65    0.74   13.52   31.81    9.38   33.17   16.42
A4     4.05    1.90    0.65   14.94   40.35   13.49   42.54   18.49
A5     9.72    8.19    5.97   34.36   15.63    3.52   16.03   12.68
A6    11.73    8.18    4.98   34.35   30.67    8.36   31.80   15.24
A7    14.22    8.40    4.30   34.81   45.17   12.95   46.99   16.00
A8    15.58    8.27    3.70   34.55   54.45   16.10   56.78   16.47
A9    30.37   28.86   22.57   60.65    9.79    2.39   10.12   13.75
A10   32.70   29.07   21.52   60.84   17.44    4.76   18.09   15.29
A11   34.22   28.74   20.16   60.55   24.05    6.99   25.05   16.23
A12   35.30   28.88   19.65   60.67   27.20    8.27   28.44   16.92
A13   59.66   62.23   53.11   83.04   -0.82   -1.86    2.03  246.04
A14   59.41   61.60   52.97   82.70    0.02   -2.28    2.29  270.41
A15   59.37   62.15   50.08   82.99   -1.34    1.41    1.95  133.51
A16   59.07   61.55   50.14   82.67   -0.67    0.80    1.05  130.21
A17   59.20   61.70   50.25   82.75   -0.71    0.82    1.09  132.15
A18   59.74   62.56   50.72   83.21   -1.40    1.08    1.77  142.77
A19   60.21   62.45   53.92   83.15   -0.01   -2.53    2.53  269.68
A20    1.57    0.86    0.22    7.76   24.31    9.24   26.01   20.80
A21    5.02    2.49    0.23   17.87   40.76   26.54   48.63   33.07
A22    9.10    4.20    0.19   24.32   53.89   38.34   66.13   35.42
B1     3.23    2.72    1.50   18.87   10.78    7.61   13.20   35.19
B2     3.68    2.61    0.83   18.39   20.04   16.16   25.75   38.87
B3     4.26    2.61    0.46   18.38   28.53   22.97   36.63   38.83
B4     4.61    2.51    0.21   17.97   35.06   26.94   44.22   37.54
B5    12.54   10.92    6.07   39.45   14.27   11.82   18.54   39.58
B6    14.60   10.95    3.95   39.49   27.28   23.08   35.74   40.22
B7    17.21   11.23    2.43   39.96   40.30   34.76   53.22   40.78
B8    18.45   11.08    1.68   39.72   47.94   41.48   63.39   40.86
B9    35.45   34.61   25.77   65.44    7.13    4.77    8.63   33.60
B10   37.30   34.62   22.43   65.45   13.24   10.92   17.18   39.50
B11   38.68   34.65   19.80   65.47   17.60   16.23   23.96   42.69
B12   38.73   34.05   18.61   65.00   19.77   17.97   26.73   42.26
B13   55.95   59.75   52.85   81.70   -4.09   -3.88    5.64  223.35
B14   55.97   56.08   51.36   79.66    4.75   -5.77    7.47  309.46
B15   58.41   61.57   44.79   82.68   -2.30    7.06    7.43  108.02
B16   52.07   54.32   44.08   78.64   -0.80    0.96    1.26  131.25
B17   55.59   56.60   44.17   79.95    2.56    3.12    4.06   50.48
B18   55.22   59.57   45.60   81.60   -5.49    4.21    6.93  142.55
B19   53.90   55.59   52.36   79.38    0.77   -7.35    7.40  275.81
B20    3.21    1.86    0.28   14.71   28.52   20.17   34.93   35.26
B21    8.74    4.07    0.18   23.90   52.61   37.81   64.79   35.70
B22   33.69   29.15   16.64   60.91   20.62   15.37   25.73   36.70
C1     6.01    5.70    3.26   28.65    5.75    8.89   10.60   57.04
C2     6.41    5.69    1.85   28.61   10.24   20.56   22.97   63.53
C3     6.86    5.71    0.90   28.67   14.56   32.65   35.75   65.96
C4     7.92    6.01    0.46   29.44   21.46   42.12   47.27   63.00
C5    23.89   22.61   11.08   54.67    9.40   19.46   21.61   64.20
C6    25.93   22.57    5.92   54.63   18.31   38.67   42.79   64.67
C7    27.99   22.66    2.75   54.71   26.26   57.60   63.31   65.49
C8    28.21   21.89    1.70   53.91   30.57   65.70   72.47   65.04
C9    42.33   42.29   28.45   71.07    4.69    9.94   11.01   64.50
C10   42.84   41.55   23.52   70.56    8.39   17.67   19.57   64.57
C11   43.13   41.04   18.89   70.20   10.80   26.31   28.45   67.66
C12   42.74   40.31   17.21   69.68   11.89   29.18   31.52   67.81
C13   48.78   54.78   52.51   78.92  -10.72   -8.31   13.57  217.76
C14   49.22   45.34   47.98   73.11   15.50  -13.23   20.38  319.54
C15   56.61   60.23   34.47   81.96   -3.58   19.45   19.78  100.42
C16   38.78   40.18   32.85   69.59    0.12    0.50    0.77  174.32
C17   47.56   45.28   32.64   73.08   11.09    6.83   13.04   31.66
C18   46.66   53.57   36.00   78.21  -13.54   10.81   17.33  141.41
C19   41.46   41.61   48.65   70.60    4.12  -18.34   18.80  282.61
C20    2.11    1.48    0.40   12.45   17.13   13.96   22.09   39.17
C21   27.00   20.73    6.91   52.65   31.19   30.91   43.92   44.74
C22   40.86   38.35   24.32   68.28   12.29   12.26   17.38   44.96
D1     4.08    4.13    2.29   24.09    1.40    8.59    8.71   80.76
D2     3.97    4.04    1.22   23.79    1.15   19.49   19.53   86.63
D3     3.80    3.81    0.60   23.05    1.79   28.42   28.48   86.38
D4     4.44    4.46    0.49   25.13    1.96   34.18   34.24   86.71
D5    17.23   17.80    8.86   49.25    0.33   17.49   17.49   88.91
D6    17.21   17.89    4.60   49.37   -0.22   36.33   36.33   90.34
D7    16.46   17.14    2.07   48.43   -0.35   52.52   52.53   90.39
D8    15.76   16.35    1.20   47.44   -0.09   60.59   60.59   90.08
D9    48.62   50.78   24.34   76.54   -0.93   26.48   26.49   92.00
D10   48.86   51.15   13.54   76.77   -1.23   50.49   50.50   91.40
D11   48.70   51.05    7.04   76.71   -1.43   71.84   71.85   91.14
D12   48.30   50.73    6.67   76.52   -1.70   73.05   73.07   91.34
D13   43.56   50.92   52.11   76.63  -15.62  -11.81   19.58  217.10
D14   44.60   38.47   45.36   68.36   23.06  -18.32   29.45  321.54
D15   55.20   59.00   27.55   81.29   -4.20   29.05   29.35   98.23
D16   30.05   31.09   25.62   62.58    0.27    0.11    0.77  153.81
D17   41.91   37.74   24.81   67.82   17.42   10.59   20.40   31.32
D18   40.12   48.65   28.90   75.24  -20.00   16.38   25.85  140.70
D19   32.97   32.31   45.50   63.60    6.51  -26.70   27.48  283.68
D20   17.57   13.40    4.16   43.35   27.62   28.48   39.67   45.88
D21   26.56   25.70   16.54   57.74    7.45   10.14   12.60   53.71
D22   45.30   44.20   27.64   72.36    7.82   13.50   15.62   59.91
E1     5.29    5.85    3.34   29.04   -4.17    9.01    9.93  114.85
E2     4.57    5.62    1.51   28.43  -10.61   23.91   26.16  113.94
E3     4.19    5.38    1.00   27.79  -12.94   29.61   32.31  113.60
E4     4.15    5.95    0.68   29.30  -19.99   37.69   42.67  117.94
E5    24.69   27.92   14.74   59.81   -9.28   18.12   20.36  117.14
E6    21.94   27.31    8.77   59.26  -19.14   35.06   39.95  118.65
E7    20.70   28.44    5.00   60.28  -29.45   53.00   60.64  119.06
E8    19.51   28.27    3.46   60.13  -34.66   61.79   70.85  119.29
E9    47.03   51.15   32.35   76.77   -6.29   13.63   15.02  114.85
E10   43.64   49.84   24.82   75.97  -12.55   24.62   27.64  117.02
E11   40.62   48.37   18.95   75.06  -17.69   34.56   38.83  117.11
E12   39.57   47.51   17.61   74.51  -18.57   36.57   41.02  116.94
E13   38.02   46.62   51.58   73.95  -21.06  -15.86   26.36  216.98
E14   39.71   31.54   42.32   62.96   31.64  -23.88   39.64  322.96
E15   54.22   57.99   21.11   80.73   -4.26   39.86   40.08   96.09
E16   21.34   22.08   18.34   54.11    0.22   -0.21    0.62  151.32
E17   36.12   30.18   17.17   61.80   25.07   15.69   29.59   32.04
E18   33.70   43.58   21.99   71.95  -26.90   22.98   35.38  139.50
E19   24.87   23.51   41.98   55.59    9.66  -36.15   37.43  284.94
E20   24.78   16.63    0.89   47.78   42.95   65.73   78.52   56.84
E21   22.03   18.07    3.80   49.57   22.99   41.38   47.34   60.95
E22   34.35   30.43   10.97   62.01   18.19   32.47   37.22   60.74
F1     3.49    4.17    3.07   24.22   -8.02    2.65    8.46  161.86
F2     2.66    3.94    2.47   23.48  -19.18    6.00   20.10  162.64
F3     2.00    3.74    1.96   22.81  -29.82    9.45   31.28  162.41
F4     1.57    3.61    1.56   22.35  -38.49   12.84   40.57  161.55
F5    11.15   14.00    9.73   44.23  -16.02    5.81   17.05  160.08
F6     8.86   13.70    7.92   43.79  -32.09   11.56   34.12  160.19
F7     6.95   13.72    6.60   43.82  -49.77   17.01   52.60  161.14
F8     6.28   14.43    6.06   44.84  -61.05   21.18   64.63  160.88
F9    29.72   34.34   25.87   65.23  -12.38    4.23   13.11  161.20
F10   26.90   35.06   23.51   65.79  -25.88    9.48   27.57  159.89
F11   24.06   34.87   21.55   65.64  -37.12   12.99   39.33  160.72
F12   22.81   34.16   20.59   65.09  -40.32   13.95   42.66  160.92
F13   33.58   42.91   50.73   71.49  -25.37  -19.13   31.78  217.02
F14   35.60   26.21   39.24   58.23   38.69  -28.05   47.80  324.06
F15   53.33   56.91   16.64   80.13   -3.92   48.50   48.66   94.62
F16   14.17   14.82   12.42   45.38   -0.73   -0.51    1.01  217.75
F17   31.83   24.88   12.34   56.95   31.11   19.65   36.80   32.29
F18   28.45   39.07   17.09   68.80  -32.67   27.93   42.98  139.48
F19   19.21   17.47   38.79   48.84   12.51  -43.65   45.41  285.98
F20   30.57   29.81   15.61   61.48    6.93   18.83   20.08   69.80
F21   39.13   36.63   14.16   66.99   12.43   32.02   34.35   68.79
F22   43.72   42.43   21.05   71.16    8.40   23.49   24.95   70.32
G1     2.45    2.85    2.60   19.42   -5.78   -2.10    6.15  200.05
G2     1.95    2.71    2.72   18.82  -13.90   -4.05   14.48  196.24
G3     1.54    2.57    2.79   18.23  -21.70   -5.65   22.42  194.59
G4     1.07    2.44    2.87   17.66  -33.68   -7.19   34.44  192.06
G5    11.46   14.00   12.56   44.23  -13.79   -2.90   14.10  191.91
G6     9.65   14.07   13.56   44.33  -27.92   -5.48   28.46  191.10
G7     7.84   14.04   14.36   44.29  -43.24   -7.67   43.92  190.06
G8     6.80   14.20   14.97   44.51  -54.25   -8.84   54.97  189.26
G9    30.31   34.91   30.25   65.67  -12.07   -2.26   12.30  190.60
G10   27.34   35.31   31.79   65.98  -24.94   -4.12   25.28  189.38
G11   24.58   35.02   33.00   65.77  -35.43   -6.32   35.99  190.11
G12   23.69   34.62   33.20   65.45  -37.94   -7.15   38.61  190.69
G13   29.35   39.21   50.06   68.90  -29.63  -22.86   37.42  217.65
G14   31.27   20.94   35.98   52.87   46.63  -32.85   57.04  324.84
G15   52.90   56.11   12.85   79.67   -3.06   57.40   57.48   93.06
G16    9.36    9.57    8.04   37.07    0.98   -0.52    1.15  334.99
G17   27.18   19.40    8.02   51.14   38.41   23.84   45.21   31.83
G18   23.43   34.44   12.70   65.31  -38.46   33.06   50.72  139.32
G19   13.98   11.85   34.93   40.98   17.06  -51.87   54.61  288.20
G20   41.07   40.75   18.87   69.99    5.49   26.03   26.60   78.07
G21   39.94   39.50   12.45   69.11    5.85   40.33   40.75   81.74
G22   44.83   42.19    2.54   71.00   12.33   87.31   88.18   81.96
H1     2.63    2.87    3.21   19.53   -2.56   -6.47    6.96  248.41
H2     2.19    2.76    4.10   19.08   -9.64  -12.99   16.18  233.42
H3     1.82    2.59    4.96   18.35  -14.91  -19.07   24.20  231.98
H4     1.55    2.48    6.10   17.82  -19.55  -25.61   32.23  232.65
H5     9.45   10.86   12.36   39.35   -8.05  -10.74   13.43  233.15
H6     8.59   10.90   15.93   39.42  -15.57  -19.98   25.33  232.08
H7     7.76   11.08   20.68   39.72  -24.27  -29.98   38.58  231.01
H8     6.92   10.83   24.19   39.29  -30.57  -37.47   48.36  230.79
H9    32.01   34.60   32.24   65.43   -4.81   -5.75    7.50  229.96
H10   30.66   34.84   36.60   65.62  -10.57  -11.75   15.81  228.01
H11   29.63   35.39   41.24   66.05  -16.26  -17.19   23.66  226.58
H12   27.86   35.67   46.40   66.27  -24.04  -23.17   33.39  223.93
H13   26.06   36.11   49.35   66.61  -32.80  -26.02   41.87  218.43
H14   27.37   16.68   32.54   47.85   53.38  -36.51   64.67  325.63
H15   52.42   55.12    9.87   79.11   -1.90   65.48   65.51   91.66
H16    5.79    5.93    4.60   29.24    0.79    1.61    1.85   62.26
H17   23.38   15.25    5.11   45.98   44.65   27.76   52.58   31.87
H18   19.58   30.53    9.35   62.11  -42.83   37.94   57.22  138.47
H19   10.30    7.96   31.11   33.89   22.14  -58.39   62.45  290.76
H20   45.52   47.19   19.14   74.31    0.04   32.87   32.88   89.92
H21   37.45   39.39   26.68   69.03   -1.71    9.39    9.56  100.25
H22   40.38   44.35   14.10   72.45   -7.20   41.59   42.21   99.82
I1     4.37    4.35    6.52   24.78    2.44  -15.46   15.65  278.95
I2     4.39    4.33   10.05   24.73    3.02  -28.87   29.03  275.97
I3     4.28    4.14   14.63   24.14    3.94  -43.10   43.29  275.23
I4     4.25    4.10   18.79   24.00    4.28  -53.13   53.30  274.61
I5    13.56   13.95   15.59   44.15    0.75  -10.99   11.02  273.91
I6    13.83   14.01   20.90   44.25    2.02  -22.61   22.70  275.10
I7    14.15   14.27   26.68   44.61    2.45  -32.70   32.80  274.28
I8    14.39   14.34   33.07   44.72    3.48  -42.70   42.85  274.65
I9    33.65   34.67   32.67   65.49    0.74   -6.30    6.35  276.83
I10   33.94   34.97   37.56   65.72    0.79  -12.90   12.92  273.51
I11   34.36   35.18   41.10   65.89    1.52  -17.29   17.35  275.00
I12   31.13   32.00   45.31   63.34    1.02  -26.92   26.94  272.15
I13   23.35   33.37   48.57   64.46  -35.18  -28.82   45.48  219.32
I14   23.65   13.12   28.77   42.94   58.96  -39.10   70.75  326.45
I15   52.18   54.28    7.57   78.62   -0.42   72.97   72.97   90.33
I16    3.04    3.16    2.49   20.68   -0.15    1.05    1.13   93.78
I17   20.05   11.95    3.07   41.14   49.90   31.79   59.17   32.50
I18   16.23   26.70    6.61   58.69  -45.93   42.61   62.65  137.15
I19    7.53    5.12   27.15   27.08   28.00  -63.74   69.62  293.71
I20   46.24   50.87   19.95   76.60   -7.80   35.12   35.98  102.52
I21   13.86   18.42    4.38   50.00  -22.58   38.66   44.77  120.28
I22   32.62   41.18   21.48   70.30  -23.60   21.14   31.69  138.15
J1     1.29    0.98    2.20    8.84   11.72  -16.85   20.53  304.80
J2     1.58    0.98    4.36    8.78   20.11  -32.30   38.04  301.90
J3     1.85    0.97    7.43    8.68   27.57  -47.06   54.54  300.36
J4     1.98    0.92    9.54    8.35   31.97  -55.42   63.98  299.98
J5     8.34    7.88    9.78   33.74    6.73  -12.43   14.14  298.43
J6     9.06    7.86   13.97   33.68   13.13  -24.94   28.19  297.77
J7    10.02    8.03   19.11   34.04   19.38  -36.50   41.32  297.97
J8    10.70    8.10   23.55   34.19   23.92  -45.09   51.04  297.94
J9    28.15   28.09   27.20   59.97    4.24   -7.12    8.29  300.74
J10   28.79   27.86   30.48   59.77    7.62  -12.82   14.91  300.73
J11   30.33   28.60   35.57   60.42   10.64  -19.25   22.00  298.92
J12   31.46   28.42   41.42   60.26   15.49  -27.40   31.48  299.48
J13   21.45   31.37   47.93   62.82  -36.76  -30.92   48.04  220.07
J14   20.45   10.39   25.21   38.53   63.09  -40.62   75.03  327.23
J15   52.02   53.46    5.84   78.15    1.24   79.62   79.63   89.11
J16    1.40    1.42    1.03   12.06    1.10    2.04    2.34   61.99
J17   17.20    9.45    1.78   36.83   53.69   35.41   64.32   33.41
J18   14.14   24.21    4.78   56.30  -47.98   47.32   67.39  135.40
J19    5.53    3.19   23.05   20.77   34.30  -67.29   75.53  297.01
J20   33.71   42.70   28.74   71.35  -24.30    9.95   26.26  157.73
J21    3.25    6.79    0.98   31.31  -42.44   36.02   55.67  139.68
J22    0.57    1.35    0.41   11.65  -26.99   12.38   29.70  155.38
K1     2.35    1.80    2.40   14.43   13.86   -8.95   16.50  327.13
K2     2.80    1.75    3.34   14.10   23.98  -16.74   29.25  325.08
K3     3.27    1.67    4.41   13.67   33.96  -24.14   41.67  324.59
K4     3.77    1.70    5.40   13.86   40.92  -29.05   50.19  324.62
K5     6.98    5.84    7.29   28.99   14.47  -11.47   18.47  321.59
K6     8.66    5.93   10.00   29.22   28.96  -20.94   35.74  324.13
K7    10.62    6.04   13.51   29.51   43.49  -30.93   53.36  324.58
K8    11.70    5.97   15.50   29.34   52.11  -36.31   63.52  325.13
K9    24.55   22.85   22.51   54.92   11.20   -7.38   13.41  326.63
K10   26.80   23.03   25.98   55.10   19.84  -13.42   23.96  325.92
K11   30.39   23.96   31.00   56.04   29.73  -20.03   35.85  326.02
K12   32.68   24.04   34.75   56.13   37.70  -25.50   45.51  325.93
K13   18.26   27.76   46.49   59.67  -39.00  -34.67   52.18  221.63
K14   16.43    7.52   20.21   32.95   66.20  -40.68   77.70  328.43
K15   51.91   52.34    4.11   77.48    3.82   87.60   87.68   87.51
K16    0.35    0.35    0.30    3.20    0.51   -0.09    0.52  350.24
K17   13.57    6.74    0.75   31.21   56.62   39.63   69.11   34.99
K18   10.64   19.58    2.83   51.36  -50.56   51.19   71.95  134.65
K19    3.45    1.51   17.10   12.68   41.15  -68.85   80.21  300.86
K20    2.74    3.60    2.30   22.30  -12.57    5.42   13.69  156.68
K21    1.22    1.81    1.67   14.43  -14.61   -1.96   14.75  187.68
K22    1.75    2.37    3.70   17.31  -12.38  -13.60   18.39  227.70
L1     2.43    1.89    1.84   14.91   13.32   -2.98   13.66  347.39
L2     2.86    1.84    2.02   14.61   22.79   -5.22   23.38  347.09
L3     3.23    1.73    2.08   13.99   31.84   -6.94   32.59  347.70
L4     4.05    1.87    2.35   14.83   40.98   -7.90   41.73  349.09
L5     7.25    5.98    5.72   29.37   15.50   -3.91   15.99  345.86
L6     9.04    5.89    6.14   29.12   32.68   -6.32   33.29  349.05
L7    11.07    5.79    6.44   28.88   49.56   -8.04   50.20  350.78
L8    12.05    5.95    6.69   29.29   54.74   -8.44   55.39  351.24
L9    23.92   22.34   18.95   54.38   10.78   -1.07   10.84  354.35
L10   26.94   22.65   19.95   54.71   22.08   -2.63   22.24  353.23
L11   29.91   22.98   20.91   55.05   32.22   -4.01   32.47  352.91
L12   30.97   23.16   21.58   55.23   35.38   -5.02   35.73  351.93
L13   14.36   22.66   43.90   54.72  -39.80  -40.07   56.47  225.20
L14   11.96    4.97   13.91   26.65   65.51  -36.91   75.19  330.60
L15   51.73   50.81    2.71   76.56    7.29   95.57   95.84   85.64
L16    0.05    0.04    0.08    0.39    0.26   -0.86    0.90  286.86
L17    9.62    4.36    0.22   24.83   55.88   38.70   67.98   34.70
L18    6.65   13.79    1.50   43.93  -53.30   50.72   73.58  136.42
L19    1.81    0.56    9.80    5.09   42.07  -61.92   74.85  304.19
L20    0.39    0.49    0.66    4.42   -3.58   -4.77    5.98  233.17
L21    0.85    0.71    0.84    6.37    6.72   -4.72    8.22  324.93
L22    2.46    1.76    1.62   14.20   17.04   -1.84   17.14  353.83
GS0    58.38   61.24   52.79   82.50   -1.61   -2.43    2.93  235.92
GS1    57.12   59.68   49.04   81.66   -1.05    0.30    1.15  166.73
GS2    53.82   56.01   45.71   79.62   -0.47    0.68    0.83  125.67
GS3    48.05   50.24   41.14   76.21   -1.07    0.46    1.21  162.52
GS4    41.55   43.18   35.96   71.68   -0.26   -0.42    0.67  211.24
GS5    35.57   37.11   31.18   67.35   -0.70   -0.82    1.14  224.88
GS6    30.36   31.55   26.52   62.96   -0.23   -0.81    0.89  251.29
GS7    25.90   26.94   22.28   58.91   -0.32   -0.05    0.73  191.74
GS8    21.68   22.67   18.85   54.72   -0.85   -0.28    1.08  195.93
GS9    18.09   18.93   15.62   50.60   -0.84    0.05    1.04  181.74
GS10   14.77   15.52   12.76   46.33   -1.12    0.15    1.18  176.16
GS11   11.92   12.46   10.38   41.92   -0.63   -0.29    0.88  195.96
GS12    9.63   10.08    8.31   37.97   -0.68    0.03    0.93  173.31
GS13    7.63    7.98    6.61   33.93   -0.60   -0.07    0.87  181.20
GS14    5.82    6.08    4.99   29.61   -0.45    0.16    0.76  167.61
GS15    4.45    4.65    3.83   25.71   -0.37    0.03    0.63  167.42
GS16    2.92    3.03    2.49   20.16   -0.07    0.13    0.56  163.99
GS17    2.12    2.15    1.75   16.25    0.97    0.24    1.16  143.38
GS18    1.24    1.27    1.03   11.04    0.60    0.27    0.88  152.85
GS19    0.87    0.89    0.73    8.09    0.16    0.23    0.57  165.24
GS20    0.38    0.41    0.37    3.73   -0.61   -0.52    0.83  221.65
GS21    0.24    0.26    0.25    2.38   -0.74   -0.64    0.99  221.27
GS22    0.08    0.09    0.12    0.82   -0.33   -0.76    0.83  246.16
GS23    0.03    0.03    0.06    0.28    0.09   -0.65    0.66  277.88
END_DATA