IT8.7/1
ORIGINATOR "FotoTune"
DESCRIPTOR "Agfa IT8"
MATERIAL "AgfachromeRS100Plus"
MANUFACTURER "Agfa"
CREATED "Thu Oct 26 09:34:18 1995"
PROD_DATE "1995:010"
SERIAL "4x5 b51020xx"
NUMBER_OF_FIELDS 9
BEGIN_DATA_FORMAT
SAMPLE_ID XYZ_X XYZ_Y XYZ_Z LAB_L LAB_A LAB_B LAB_C LAB_H
END_DATA_FORMAT
NUMBER_OF_SETS 288
BEGIN_DATA
A1     2.65    2.26    1.60   16.78    9.60    2.76    9.99   16.11
A2     3.03    2.11    1.32   16.05   19.57    4.88   20.17   14.01
A3     3.43    2.00    1.10   15.50   28.61    6.87   29.42   13.51
A4     4.09    2.07    1.04   15.84   37.13    8.40   38.07   12.75
A5     9.73    8.58    6.13   35.16   12.25    4.16   12.94   18.77
A6    11.59    8.58    5.35   35.16   26.23    7.89   27.39   16.74
A7    13.80    8.62    4.70   35.24   40.64   11.41   42.21   15.68
A8    15.83    8.76    4.31   35.52   51.69   14.13   53.59   15.28
A9    26.90   25.90   20.01   57.94    7.99    2.82    8.51   19.48
A10   29.59   26.59   19.62   58.60   15.73    4.78   16.46   16.87
A11   31.87   27.01   18.89   58.99   22.48    6.99   23.56   17.24
A12   33.63   27.75   19.31   59.66   25.83    7.25   26.84   15.66
A13   61.80   64.05   55.21   83.99    0.10   -2.46    2.47  272.44
A14   63.34   64.55   55.11   84.25    2.51   -1.91    3.16  322.82
A15   63.06   64.87   51.95   84.42    1.18    1.78    2.14   56.61
A16   60.79   62.90   51.67   83.39    0.34    0.32    0.50   35.90
A17   62.66   64.13   51.80   84.03    1.91    1.29    2.31   33.94
A18   61.29   63.80   52.05   83.86   -0.54    0.73    0.91  127.66
A19   62.01   64.01   55.28   83.97    0.66   -2.56    2.65  284.42
A20    2.07    1.33    0.38   11.47   20.58   12.73   24.21   31.73
A21    5.48    2.93    0.30   19.76   38.12   28.41   47.54   36.70
A22    9.93    4.80    0.24   26.16   52.65   40.56   66.46   37.61
B1     3.86    3.58    2.03   22.24    6.20    7.75    9.94   51.38
B2     4.21    3.26    1.08   21.05   16.33   16.84   23.47   45.88
B3     4.61    3.09    0.59   20.39   24.63   24.01   34.39   44.27
B4     5.17    3.05    0.25   20.25   32.29   30.21   44.22   43.10
B5    12.23   11.11    6.40   39.77   10.81   10.91   15.36   45.27
B6    14.24   11.18    4.31   39.88   23.37   21.65   31.86   42.81
B7    16.30   11.18    2.80   39.89   35.58   31.62   47.61   41.63
B8    18.58   11.79    2.15   40.89   43.60   38.76   58.34   41.63
B9    32.63   32.28   23.00   63.57    5.43    6.60    8.57   50.39
B10   34.56   32.49   20.42   63.74   11.45   11.98   16.59   46.23
B11   36.70   33.06   19.16   64.21   16.58   15.42   22.66   42.89
B12   38.21   33.70   18.54   64.72   19.32   17.64   26.17   42.38
B13   54.82   59.36   55.04   81.49   -6.00   -6.59    8.91  227.68
B14   59.52   57.77   53.51   80.61    9.30   -6.48   11.33  325.14
B15   61.46   63.81   42.56   83.87   -0.18   11.85   11.86   90.88
B16   49.21   51.47   42.21   76.96   -1.13    0.38    1.25  165.60
B17   57.27   56.53   41.28   79.92    6.87    6.67    9.59   44.09
B18   52.71   58.03   42.60   80.76   -8.24    6.44   10.46  142.05
B19   51.83   53.71   53.46   78.29    0.10  -10.42   10.42  270.53
B20    3.88    2.54    0.46   18.09   24.36   22.55   33.20   42.79
B21    9.52    4.67    0.27   25.78   50.97   39.42   64.44   37.71
B22   31.60   27.97   15.56   59.86   17.74   16.16   24.02   42.29
C1     6.83    6.86    3.78   31.49    2.15   10.32   10.55   78.25
C2     6.97    6.62    2.34   30.91    6.10   19.92   20.84   72.96
C3     7.42    6.54    1.11   30.73   11.19   33.07   34.92   71.30
C4     8.69    7.01    0.49   31.83   18.00   45.71   49.13   68.50
C5    22.06   21.31   11.01   53.29    7.15   17.30   18.72   67.52
C6    23.67   21.19    6.27   53.16   14.97   34.59   37.70   66.60
C7    26.17   21.75    3.27   53.76   23.01   52.11   56.97   66.17
C8    26.96   21.60    1.98   53.59   26.95   62.31   67.89   66.61
C9    39.24   39.54   26.28   69.14    3.54   10.28   10.89   70.85
C10   40.44   39.70   21.85   69.26    6.79   18.62   19.82   69.92
C11   42.47   40.68   18.98   69.96    9.91   25.72   27.56   68.91
C12   43.50   41.16   18.08   70.28   11.57   28.27   30.54   67.72
C13   48.63   55.03   54.66   79.06  -11.73  -10.39   15.67  221.51
C14   53.99   48.76   50.91   75.30   18.57  -12.77   22.54  325.47
C15   59.98   62.71   32.97   83.29   -1.16   23.95   23.98   92.77
C16   38.03   39.54   31.69   69.14   -0.32    1.47    1.50  101.73
C17   50.15   46.53   30.34   73.89   14.66   11.75   18.80   38.68
C18   44.72   52.28   32.85   77.45  -15.77   14.06   21.13  138.32
C19   41.10   41.57   50.35   70.57    3.14  -20.30   20.55  278.77
C20    2.81    2.32    0.78   17.08   11.32   14.77   18.61   52.52
C21   25.75   20.45    7.10   52.35   27.40   29.59   40.33   47.18
C22   38.04   36.23   20.99   66.70   10.27   15.92   18.96   57.07
D1     4.74    5.08    2.76   26.97   -2.11    9.68    9.91  102.23
D2     4.56    4.85    1.62   26.30   -1.47   19.03   19.09   94.42
D3     4.45    4.69    0.77   25.81   -0.88   29.89   29.90   91.68
D4     5.22    5.45    0.51   27.98   -0.36   38.52   38.52   90.54
D5    16.60   17.42    9.12   48.78   -1.09   15.74   15.78   93.94
D6    16.14   17.01    5.09   48.27   -1.50   31.86   31.89   92.69
D7    16.04   17.06    2.42   48.34   -2.35   49.33   49.38   92.72
D8    16.08   17.01    1.33   48.27   -1.82   60.30   60.33   91.73
D9    45.34   47.76   22.71   74.68   -2.03   26.31   26.39   94.41
D10   45.48   47.97   13.56   74.81   -2.22   47.06   47.11   92.70
D11   45.85   49.14    7.81   75.54   -4.32   66.73   66.87   93.71
D12   46.01   49.56    7.89   75.80   -4.97   66.87   67.05   94.25
D13   44.06   51.70   54.37   77.10  -16.18  -13.45   21.04  219.73
D14   49.28   41.70   48.39   70.66   26.22  -17.92   31.76  325.65
D15   58.79   61.59   26.20   82.69   -1.45   33.78   33.81   92.46
D16   29.96   30.86   25.03   62.39    0.77    0.83    1.62  151.88
D17   44.63   39.09   22.93   68.81   21.20   15.76   26.44   36.61
D18   38.89   47.81   26.15   74.70  -21.54   20.09   29.46  137.02
D19   33.23   32.72   47.58   63.94    5.97  -28.57   29.19  281.80
D20   17.34   14.00    4.94   44.23   22.58   25.62   34.16   48.59
D21   24.86   24.44   15.68   56.52    5.64   10.10   11.61   60.55
D22   42.08   41.61   24.32   70.60    5.98   16.27   17.35   69.73
E1     5.86    6.78    3.82   31.30   -7.26    9.75   12.16  126.60
E2     5.00    6.31    1.88   30.17  -12.52   22.91   26.10  118.65
E3     4.68    6.13    1.21   29.73  -14.80   29.98   33.43  116.27
E4     4.66    6.66    0.68   31.03  -20.58   40.62   45.54  116.87
E5    22.93   26.22   13.68   58.24  -10.26   18.18   20.87  119.42
E6    21.05   26.18    8.89   58.21  -18.77   32.83   37.82  119.76
E7    19.49   26.86    5.27   58.84  -29.15   49.11   57.12  120.69
E8    19.67   28.34    3.92   60.19  -34.08   58.98   68.12  120.03
E9    43.55   47.71   30.61   74.64   -7.05   12.62   14.46  119.19
E10   41.70   48.06   24.11   74.86  -13.54   23.99   27.55  119.45
E11   39.23   47.27   19.14   74.36  -19.00   32.97   38.06  119.96
E12   38.95   47.20   18.60   74.31  -19.67   34.05   39.33  120.03
E13   38.85   47.67   53.80   74.61  -21.29  -17.13   27.32  218.81
E14   44.62   35.17   45.68   65.88   33.81  -22.98   40.88  325.79
E15   57.93   60.67   21.32   82.20   -1.40   41.98   42.01   91.91
E16   21.72   22.49   19.17   54.55    0.12   -1.26    1.28  268.85
E17   39.52   32.45   17.19   63.72   27.80   18.93   33.65   34.24
E18   32.91   42.98   20.98   71.54  -27.89   24.28   36.98  138.98
E19   25.81   24.68   44.40   56.76    8.58  -37.15   38.13  283.00
E20   24.03   16.81    1.05   48.02   38.66   63.80   74.60   58.78
E21   20.51   17.68    4.33   49.10   17.83   37.45   41.48   64.53
E22   32.04   28.79   10.86   60.59   16.18   30.38   34.43   61.92
F1     4.03    4.95    3.47   26.59  -10.15    3.92   10.88  158.93
F2     3.12    4.66    2.88   25.72  -20.45    6.60   21.49  162.11
F3     2.42    4.36    2.36   24.83  -29.73    9.26   31.14  162.70
F4     1.99    4.35    1.89   24.79  -38.59   13.51   40.89  160.70
F5    11.11   13.89    9.98   44.08  -15.64    4.73   16.33  163.18
F6     9.29   14.12    8.43   44.40  -31.12   10.67   32.90  161.09
F7     7.75   14.41    7.08   44.81  -46.38   16.67   49.28  160.24
F8     7.01   15.94    6.68   46.90  -62.41   21.99   66.18  160.59
F9    28.37   32.85   23.78   64.04  -12.42    5.95   13.79  154.47
F10   25.91   33.40   22.16   64.48  -24.26    9.77   26.16  158.10
F11   24.17   34.47   20.98   65.34  -35.32   13.57   37.85  158.98
F12   23.68   34.80   20.86   65.60  -38.60   14.28   41.16  159.71
F13   34.94   44.47   53.34   72.54  -25.19  -20.19   32.28  218.71
F14   40.85   30.19   43.30   61.82   40.12  -27.09   48.41  325.97
F15   57.16   59.68   17.13   81.66   -0.95   50.03   50.04   91.09
F16   16.45   17.01   13.63   48.27    0.26    1.13    1.31  158.41
F17   35.24   27.19   12.66   59.15   33.54   22.54   40.42   33.89
F18   28.16   38.85   16.67   68.64  -33.09   28.64   43.77  139.13
F19   20.36   18.76   41.40   50.40   11.52  -44.37   45.85  284.55
F20   28.46   28.25   15.39   60.11    4.84   17.01   17.69   74.00
F21   36.13   34.18   13.38   65.11   10.87   30.83   32.69   70.55
F22   41.38   40.59   19.06   69.89    6.93   25.43   26.36   74.71
G1     2.96    3.53    3.03   22.05   -7.50   -0.82    7.56  186.38
G2     2.36    3.33    3.01   21.30  -15.52   -1.99   15.65  187.32
G3     2.00    3.25    3.11   21.03  -22.31   -3.18   22.54  188.12
G4     1.31    3.09    3.39   20.39  -37.61   -6.23   38.12  189.41
G5    11.29   13.74   12.21   43.86  -13.39   -2.54   13.63  190.77
G6     9.82   14.15   13.35   44.45  -27.04   -4.70   27.45  189.87
G7     8.45   14.45   14.29   44.87  -40.27   -6.48   40.80  189.16
G8     7.49   15.02   14.79   45.67  -52.47   -6.40   52.86  186.96
G9    28.90   33.08   27.74   64.23  -11.19   -0.69   11.24  183.61
G10   26.19   33.39   29.46   64.47  -23.07   -3.07   23.29  187.60
G11   25.09   35.27   31.89   65.96  -34.05   -4.32   34.33  187.23
G12   24.56   35.38   32.49   66.04  -36.68   -5.08   37.03  187.89
G13   31.12   41.19   52.75   70.31  -29.04  -23.41   37.30  218.87
G14   37.15   25.65   40.65   57.70   46.15  -30.83   55.50  326.26
G15   56.68   58.85   13.47   81.21   -0.16   58.33   58.33   90.15
G16   10.87   11.41    9.55   40.26   -0.90   -0.41    1.29  187.66
G17   31.28   22.57    8.80   54.63   39.12   26.96   47.52   34.57
G18   23.61   34.60   12.70   65.44  -38.23   33.28   50.70  138.97
G19   16.01   14.12   38.42   44.40   14.46  -50.82   52.84  285.88
G20   38.57   38.66   18.01   68.51    4.16   25.35   25.69   80.64
G21   36.93   36.86   12.17   67.17    4.58   37.79   38.07   83.07
G22   45.53   43.08    3.17   71.61   11.72   83.56   84.38   82.02
H1     3.10    3.53    3.62   22.06   -5.01   -4.89    7.04  224.24
H2     2.69    3.45    4.36   21.76  -11.23   -9.89   14.97  221.39
H3     2.13    3.09    5.05   20.41  -16.54  -16.00   23.01  224.05
H4     1.91    3.14    6.55   20.61  -22.52  -22.80   32.05  225.36
H5     9.50   10.97   11.66   39.54   -8.47   -8.39   11.93  224.75
H6     8.59   10.96   14.99   39.51  -15.99  -17.51   23.72  227.59
H7     8.08   11.43   20.16   40.29  -23.85  -27.94   36.74  229.53
H8     7.48   11.64   24.53   40.63  -30.89  -35.78   47.28  229.20
H9    30.69   33.08   30.35   64.22   -4.41   -4.92    6.63  228.13
H10   29.64   33.74   34.81   64.76  -10.64  -10.70   15.10  225.15
H11   29.56   34.80   40.14   65.59  -14.55  -16.55   22.04  228.68
H12   28.93   35.80   47.57   66.36  -20.28  -24.38   31.72  230.24
H13   28.06   38.41   52.19   68.32  -32.12  -26.23   41.47  219.23
H14   33.54   21.52   37.90   53.51   52.01  -34.40   62.36  326.52
H15   56.32   58.10   10.83   80.80    0.73   65.30   65.30   89.37
H16    6.65    6.96    5.79   31.72   -0.64   -0.17    0.82  181.66
H17   27.83   18.76    6.21   50.41   44.20   30.07   53.46   34.22
H18   20.16   31.19    9.97   62.67  -42.32   36.79   56.08  139.01
H19   12.54   10.40   35.40   38.54   18.22  -56.75   59.60  287.80
H20   42.20   43.73   18.22   72.05    0.10   30.98   30.98   89.79
H21   34.67   36.72   23.77   67.07   -2.50   11.19   11.48  102.49
H22   36.63   40.49   13.28   69.82   -7.77   39.20   39.97  101.21
I1     4.83    5.04    6.60   26.85   -0.42  -12.29   12.30  268.01
I2     4.67    4.84    9.41   26.27   -0.01  -24.06   24.06  269.98
I3     4.52    4.69   13.65   25.84   -0.11  -37.62   37.62  269.83
I4     4.40    4.52   18.08   25.33    0.56  -49.26   49.26  270.65
I5    12.98   13.42   14.33   43.39    0.24   -9.14    9.15  271.49
I6    13.32   13.67   19.12   43.75    0.89  -19.78   19.80  272.56
I7    14.20   14.33   25.32   44.71    2.31  -30.18   30.27  274.38
I8    14.92   14.79   32.86   45.35    3.95  -41.30   41.49  275.47
I9    31.95   33.01   30.83   64.17    0.41   -5.76    5.81  273.96
I10   33.06   34.11   35.72   65.04    0.62  -11.50   11.52  273.07
I11   33.71   34.73   40.60   65.54    0.77  -17.24   17.26  272.56
I12   33.45   34.24   48.60   65.16    1.53  -27.66   27.70  273.16
I13   25.15   35.57   51.36   66.19  -34.79  -28.99   45.29  219.80
I14   29.67   17.52   34.51   48.91   57.75  -37.58   68.91  326.95
I15   55.84   57.02    8.23   80.19    2.14   73.13   73.16   88.33
I16    3.66    3.74    3.47   22.78    0.81   -2.64    2.78  287.70
I17   24.17   15.02    3.88   45.66   49.51   34.13   60.14   34.58
I18   16.78   27.48    7.28   59.41  -45.93   41.02   61.58  138.24
I19    9.53    7.16   31.74   32.17   23.50  -62.33   66.61  290.66
I20   42.66   47.32   18.87   74.39   -8.65   33.60   34.69  104.43
I21   13.76   18.25    5.09   49.80  -22.36   34.44   41.07  123.00
I22   30.01   37.91   18.97   67.96  -23.05   22.29   32.07  135.97
J1     1.54    1.31    2.52   11.32    8.11  -15.41   17.42  297.74
J2     1.80    1.27    4.47   11.06   16.01  -29.01   33.14  298.89
J3     2.07    1.24    7.55   10.83   23.32  -43.85   49.66  298.00
J4     2.18    1.16    9.96   10.25   28.20  -53.53   60.50  297.78
J5     8.55    8.29    9.54   34.58    4.94  -10.17   11.31  295.90
J6     9.30    8.29   13.13   34.58   11.28  -21.13   23.95  298.09
J7    10.31    8.46   18.44   34.93   17.81  -33.50   37.95  298.00
J8    11.39    8.89   23.67   35.78   22.13  -42.59   48.00  297.45
J9    26.78   26.86   25.34   58.84    3.59   -5.83    6.85  301.51
J10   28.54   27.74   29.62   59.65    7.13  -11.64   13.65  301.51
J11   30.22   28.54   34.97   60.37   10.41  -18.49   21.22  299.41
J12   31.79   28.76   42.00   60.57   15.37  -27.60   31.59  299.12
J13   22.72   33.07   50.56   64.22  -36.95  -31.49   48.55  220.44
J14   26.53   14.57   31.45   45.04   62.10  -39.71   73.71  327.40
J15   55.68   56.23    6.39   79.75    3.66   79.85   79.93   87.37
J16    1.95    1.96    1.63   15.28    1.39   -0.04    1.52  114.98
J17   21.25   12.29    2.37   41.66   53.43   38.23   65.70   35.58
J18   13.96   24.15    5.27   56.23  -48.84   44.64   66.17  137.57
J19    7.20    4.83   28.07   26.23   28.52  -66.73   72.57  293.14
J20   31.35   39.99   25.35   69.46  -24.55   12.46   27.54  153.11
J21    3.86    7.71    1.22   33.37  -41.71   36.03   55.12  139.18
J22    0.92    2.01    0.55   15.52  -29.77   16.44   34.01  151.10
K1     2.70    2.26    2.68   16.79   10.39   -7.26   12.68  325.09
K2     3.00    2.03    3.53   15.62   21.01  -15.37   26.04  323.82
K3     3.55    1.96    4.69   15.29   31.44  -22.90   38.90  323.93
K4     4.03    1.96    5.78   15.25   38.81  -28.52   48.16  323.69
K5     7.32    6.32    7.25   30.21   12.58   -9.21   15.59  323.78
K6     8.85    6.33    9.67   30.23   26.22  -18.11   31.87  325.36
K7    10.62    6.28   13.17   30.11   40.90  -28.93   50.10  324.73
K8    12.12    6.44   16.30   30.51   50.00  -36.24   61.75  324.07
K9    23.47   21.94   21.53   53.96   10.62   -7.13   12.80  326.17
K10   25.82   22.27   25.53   54.31   19.20  -13.98   23.76  323.94
K11   29.54   23.47   30.64   55.55   28.67  -20.34   35.15  324.65
K12   32.29   23.99   35.29   56.07   36.56  -26.36   45.08  324.21
K13   19.58   29.56   49.08   61.27  -39.18  -34.90   52.47  221.69
K14   22.36   11.15   26.92   39.83   66.55  -41.36   78.36  328.14
K15   55.07   54.54    4.22   78.78    6.31   89.22   89.44   85.95
K16    0.97    1.00    0.74    8.97    0.29    1.49    1.53   80.73
K17   17.57    9.26    1.00   36.48   57.28   44.57   72.57   37.89
K18   10.61   19.69    3.11   51.48  -51.24   49.35   71.15  136.08
K19    4.88    2.68   22.77   18.71   35.33  -70.32   78.70  296.68
K20    3.38    4.50    3.07   25.25  -14.25    4.42   14.93  162.84
K21    1.71    2.45    2.22   17.67  -14.72   -1.86   14.85  187.23
K22    2.24    3.03    4.14   20.17  -13.22  -11.36   17.46  220.64
L1     2.77    2.39    2.18   17.42    8.98   -1.88    9.18  348.22
L2     3.09    2.17    2.35   16.33   19.54   -5.32   20.25  344.78
L3     3.51    2.02    2.40   15.58   29.55   -7.03   30.37  346.61
L4     4.31    2.14    2.88   16.22   38.56   -9.82   39.79  345.72
L5     7.55    6.41    5.92   30.42   13.84   -3.05   14.17  347.58
L6     9.33    6.40    6.50   30.39   29.59   -5.74   30.14  349.01
L7    11.37    6.20    7.05   29.90   47.31   -8.91   48.14  349.34
L8    12.46    6.37    7.35   30.32   53.12   -9.44   53.96  349.92
L9    22.95   21.43   18.50   53.42   10.62   -1.77   10.78  350.63
L10   25.96   22.01   19.51   54.04   20.94   -2.85   21.14  352.26
L11   29.01   22.66   20.92   54.72   30.22   -4.59   30.58  351.36
L12   30.83   23.40   21.65   55.48   33.80   -4.75   34.14  352.01
L13   15.43   24.36   46.41   56.44  -40.83  -40.12   57.24  224.50
L14   17.92    8.07   21.53   34.12   69.29  -41.34   80.69  329.18
L15   54.43   52.17    2.34   77.38   10.72  100.03  100.60   83.88
L16    0.17    0.19    0.13    1.72   -0.52    0.50    0.73  135.95
L17   13.66    6.54    0.26   30.74   59.18   48.20   76.32   39.16
L18    6.66   13.75    1.42   43.87  -52.91   51.56   73.88  135.74
L19    2.91    1.18   15.73   10.38   41.90  -69.57   81.21  301.05
L20    0.72    0.94    1.16    8.50   -7.47   -5.99    9.60  218.68
L21    1.22    1.13    1.39   10.06    4.15   -6.28    7.53  303.52
L22    2.91    2.31    2.11   17.01   13.26   -1.98   13.44  351.57
GS0    62.36   64.26   54.04   84.10    0.92   -1.03    1.40  312.67
GS1    57.77   60.24   49.01   81.97   -0.77    0.86    1.20  133.27
GS2    50.28   52.76   42.34   77.74   -1.58    1.56    2.26  135.25
GS3    43.01   45.17   36.21   73.00   -1.62    1.53    2.30  136.39
GS4    37.56   39.37   31.54   69.01   -1.28    1.49    2.05  130.77
GS5    32.34   33.81   26.84   64.81   -0.97    1.84    2.16  117.38
GS6    27.47   28.73   22.62   60.53   -0.91    2.10    2.33  111.99
GS7    23.09   24.10   19.04   56.19   -0.71    1.84    2.05  107.57
GS8    19.76   20.55   16.55   52.46   -0.30    1.01    1.12   98.85
GS9    16.87   17.56   14.08   48.96   -0.38    1.11    1.20  105.20
GS10   13.99   14.62   11.80   45.11   -0.65    0.80    1.08  134.18
GS11   11.58   12.06    9.88   41.31   -0.33    0.28    0.73  150.26
GS12    9.65   10.10    8.22   38.02   -0.71    0.48    1.06  149.02
GS13    7.74    8.06    6.58   34.11   -0.34    0.36    0.80  142.88
GS14    6.13    6.44    5.22   30.49   -0.79    0.51    1.15  149.83
GS15    4.86    5.06    4.08   26.92   -0.27    0.60    0.87  135.01
GS16    3.81    3.97    3.15   23.56   -0.21    0.85    1.00  126.01
GS17    2.82    2.94    2.30   19.80   -0.21    1.12    1.17  107.88
GS18    1.92    1.96    1.56   15.31    0.56    0.67    0.99  161.48
GS19    1.11    1.14    0.96   10.13    0.10   -0.22    0.41  194.11
GS20    0.48    0.49    0.46    4.45    0.32   -0.93    0.98  289.80
GS21    0.32    0.36    0.32    3.20   -0.75   -0.48    0.92  211.73
GS22    0.15    0.18    0.16    1.66   -1.03   -0.13    1.05  187.42
GS23    0.05    0.07    0.08    0.61   -0.76   -0.53    0.92  214.94
END_DATA