IT8.7/1
ORIGINATOR "FotoTune"
DESCRIPTOR "Agfa IT8"
MATERIAL "AgfachromeRS100Plus"
MANUFACTURER "Agfa"
CREATED "Mon Oct 16 09:15:33 1995"
PROD_DATE "1995:010"
SERIAL "4x5 b51009xx"
NUMBER_OF_FIELDS 9
BEGIN_DATA_FORMAT
SAMPLE_ID XYZ_X XYZ_Y XYZ_Z LAB_L LAB_A LAB_B LAB_C LAB_H
END_DATA_FORMAT
NUMBER_OF_SETS 288
BEGIN_DATA
A1     2.80    2.42    1.72   17.55    8.99    2.77    9.43   17.30
A2     3.15    2.23    1.40   16.65   19.10    4.87   19.72   14.32
A3     3.55    2.11    1.17   16.04   28.26    6.84   29.08   13.61
A4     4.22    2.16    1.09   16.32   36.90    8.48   37.87   12.94
A5     9.90    8.82    6.23   35.62   11.61    4.52   12.47   21.35
A6    11.76    8.82    5.44   35.63   25.40    8.29   26.73   18.08
A7    14.05    8.89    4.82   35.77   39.92   11.72   41.61   16.36
A8    16.16    9.07    4.48   36.11   51.09   14.14   53.01   15.47
A9    27.17   26.22   20.18   58.24    7.76    3.00    8.35   21.20
A10   29.98   27.03   19.70   59.00   15.45    5.30   16.35   18.95
A11   32.36   27.56   19.08   59.48   22.13    7.45   23.36   18.61
A12   33.89   28.10   19.36   59.97   25.37    7.68   26.52   16.88
A13   61.31   63.56   54.28   83.73    0.06   -1.91    1.91  272.03
A14   62.75   63.94   54.15   83.93    2.54   -1.42    2.91  330.87
A15   62.51   64.30   51.02   84.12    1.18    2.31    2.59   62.69
A16   60.34   62.39   50.72   83.12    0.42    0.92    1.00   64.88
A17   62.19   63.64   50.86   83.78    1.92    1.89    2.70   44.56
A18   60.85   63.34   51.06   83.62   -0.54    1.40    1.51  111.13
A19   61.56   63.57   54.24   83.74    0.61   -1.85    1.96  288.45
A20    2.15    1.40    0.39   11.98   20.27   13.37   24.29   33.41
A21    5.63    3.04    0.32   20.21   37.86   28.83   47.58   37.29
A22   10.02    4.88    0.26   26.39   52.34   40.70   66.31   37.87
B1     4.05    3.81    2.18   23.02    5.57    7.75    9.57   54.29
B2     4.41    3.47    1.16   21.84   15.71   16.93   23.11   47.14
B3     4.78    3.26    0.63   21.05   23.92   24.35   34.14   45.51
B4     5.31    3.18    0.27   20.77   31.68   30.77   44.17   44.16
B5    12.51   11.47    6.58   40.36   10.19   11.11   15.09   47.47
B6    14.41   11.44    4.41   40.31   22.62   21.79   31.42   43.93
B7    16.43   11.41    2.88   40.26   34.71   31.64   46.97   42.35
B8    18.74   12.05    2.24   41.30   42.65   38.70   57.60   42.22
B9    32.94   32.60   23.07   63.83    5.42    6.91    8.80   51.89
B10   34.77   32.69   20.40   63.91   11.43   12.31   16.81   47.09
B11   36.79   33.19   19.11   64.32   16.46   15.71   22.76   43.64
B12   38.28   33.83   18.60   64.82   19.11   17.67   26.04   42.76
B13   54.49   59.01   54.07   81.30   -6.01   -5.89    8.41  224.43
B14   58.78   56.94   52.44   80.15    9.51   -6.11   11.30  327.34
B15   61.02   63.35   41.62   83.62   -0.16   12.62   12.63   90.72
B16   48.96   51.06   41.52   76.72   -0.75    0.84    1.15  130.13
B17   56.68   55.88   40.51   79.55    7.00    7.02    9.93   45.13
B18   52.57   57.83   42.05   80.65   -8.13    6.95   10.69  139.49
B19   51.26   53.03   52.38   77.89    0.33   -9.93    9.94  271.90
B20    4.01    2.66    0.47   18.62   24.03   23.23   33.43   44.04
B21    9.61    4.76    0.28   26.04   50.62   39.59   64.26   38.03
B22   31.74   28.18   15.61   60.05   17.42   16.36   23.91   43.21
C1     7.12    7.22    4.01   32.31    1.51   10.32   10.45   81.52
C2     7.22    6.93    2.47   31.66    5.35   20.04   20.76   75.03
C3     7.61    6.81    1.16   31.35   10.37   33.33   34.91   72.70
C4     8.82    7.19    0.50   32.22   17.41   46.06   49.25   69.29
C5    22.24   21.54   11.19   53.53    6.92   17.16   18.51   68.02
C6    23.84   21.47    6.43   53.46   14.41   34.39   37.29   67.26
C7    26.30   22.01    3.36   54.04   22.34   52.01   56.60   66.75
C8    27.08   21.83    2.04   53.85   26.36   62.15   67.51   67.02
C9    39.11   39.34   26.03   68.99    3.74   10.45   11.11   70.29
C10   40.44   39.62   21.72   69.19    7.02   18.76   20.03   69.46
C11   42.30   40.47   18.94   69.80   10.07   25.54   27.47   68.47
C12   43.51   41.14   18.05   70.27   11.65   28.30   30.61   67.60
C13   48.77   55.07   53.92   79.08  -11.45   -9.55   14.92  219.82
C14   53.25   48.01   49.91   74.83   18.71  -12.47   22.48  326.32
C15   59.55   62.21   32.51   83.02   -1.05   24.17   24.20   92.47
C16   37.92   39.31   31.44   68.97    0.04    1.58    1.68   86.14
C17   49.81   46.24   30.26   73.70   14.57   11.56   18.60   38.45
C18   44.99   52.42   32.92   77.53  -15.35   14.09   20.84  137.46
C19   41.00   41.46   49.59   70.49    3.15  -19.58   19.84  279.13
C20    2.93    2.45    0.81   17.69   10.87   15.33   18.80   54.69
C21   26.15   20.97    7.35   52.92   26.59   29.52   39.74   48.00
C22   38.61   36.90   21.41   67.20    9.91   15.94   18.77   58.10
D1     4.99    5.40    2.93   27.86   -2.81    9.92   10.32  105.63
D2     4.80    5.15    1.72   27.16   -2.17   19.34   19.47   96.35
D3     4.68    4.99    0.83   26.70   -1.63   30.47   30.52   93.05
D4     5.44    5.72    0.54   28.68   -0.88   39.34   39.36   91.28
D5    17.05   17.98    9.48   49.46   -1.54   15.69   15.77   95.56
D6    16.61   17.60    5.27   49.00   -2.01   32.18   32.24   93.57
D7    16.39   17.48    2.48   48.86   -2.61   49.69   49.76   93.01
D8    16.20   17.16    1.37   48.46   -1.95   60.18   60.22   91.85
D9    45.34   47.64   22.73   74.60   -1.71   26.14   26.20   93.75
D10   45.53   47.89   13.76   74.75   -1.84   46.44   46.47   92.27
D11   45.74   48.89    7.84   75.39   -3.96   66.34   66.46   93.42
D12   45.87   49.31    7.92   75.65   -4.70   66.46   66.62   94.04
D13   43.94   51.52   53.45   76.99  -16.08  -12.64   20.45  218.17
D14   48.89   41.43   47.66   70.47   25.95  -17.40   31.25  326.16
D15   58.50   61.24   26.01   82.50   -1.32   33.77   33.80   92.23
D16   30.08   30.93   25.06   62.45    0.95    0.87    1.45   44.22
D17   44.56   39.13   23.08   68.85   20.86   15.55   26.02   36.71
D18   39.32   48.12   26.45   74.90  -21.06   19.92   28.99  136.60
D19   33.06   32.60   46.82   63.84    5.82  -27.86   28.47  281.80
D20   17.67   14.40    5.10   44.80   21.93   25.79   33.86   49.63
D21   25.34   25.02   16.01   57.10    5.20   10.28   11.54   63.16
D22   42.59   42.18   24.52   71.00    5.81   16.59   17.58   70.69
E1     6.15    7.14    4.04   32.13   -7.66    9.85   12.49  127.79
E2     5.24    6.63    1.98   30.95  -13.02   23.32   26.71  119.17
E3     4.89    6.45    1.27   30.51  -15.38   30.50   34.16  116.74
E4     4.82    6.91    0.70   31.60  -20.88   41.27   46.25  116.83
E5    23.12   26.42   13.87   58.44  -10.20   18.01   20.71  119.52
E6    21.37   26.51    9.05   58.51  -18.58   32.80   37.70  119.53
E7    19.95   27.32    5.41   59.28  -28.73   49.17   56.94  120.29
E8    19.94   28.57    3.99   60.40  -33.61   58.92   67.83  119.70
E9    43.53   47.56   30.36   74.54   -6.72   12.86   14.51  117.61
E10   41.77   47.96   24.06   74.80  -13.07   24.00   27.33  118.58
E11   39.33   47.22   19.09   74.33  -18.56   33.01   37.87  119.36
E12   39.08   47.16   18.54   74.29  -19.19   34.15   39.18  119.33
E13   39.00   47.74   52.94   74.66  -21.01  -16.12   26.49  217.49
E14   44.47   35.24   45.16   65.93   33.15  -22.27   39.94  326.11
E15   57.66   60.32   21.15   82.01   -1.22   41.99   42.01   91.66
E16   22.09   22.86   19.28   54.92    0.22   -0.85    1.11  261.26
E17   39.57   32.64   17.41   63.87   27.31   18.70   33.10   34.40
E18   33.31   43.28   21.12   71.75  -27.39   24.34   36.65  138.37
E19   26.03   25.01   43.97   57.09    8.10  -36.07   36.97  282.65
E20   24.28   17.12    1.06   48.41   38.10   64.29   74.74   59.35
E21   20.89   18.13    4.47   49.65   17.30   37.56   41.35   65.27
E22   32.47   29.29   11.11   61.03   15.82   30.33   34.22   62.46
F1     4.22    5.20    3.66   27.31  -10.56    3.86   11.25  160.00
F2     3.28    4.90    3.01   26.45  -20.98    6.86   22.08  161.91
F3     2.54    4.59    2.46   25.53  -30.31    9.58   31.79  162.46
F4     2.09    4.54    1.98   25.38  -38.93   13.68   41.26  160.65
F5    11.48   14.36   10.31   44.74  -15.85    4.78   16.56  163.27
F6     9.62   14.57    8.72   45.04  -31.17   10.74   32.97  161.00
F7     7.96   14.72    7.26   45.24  -46.28   16.67   49.19  160.19
F8     7.19   16.19    6.79   47.23  -62.07   22.07   65.88  160.43
F9    28.72   33.16   23.88   64.29  -12.18    6.20   13.67  153.03
F10   26.28   33.69   22.29   64.72  -23.74    9.94   25.74  157.29
F11   24.40   34.61   20.95   65.44  -34.79   13.84   37.45  158.32
F12   24.05   35.10   20.81   65.82  -37.96   14.78   40.74  158.73
F13   35.11   44.61   52.50   72.63  -25.00  -19.13   31.48  217.42
F14   40.62   30.18   42.70   61.81   39.44  -26.35   47.43  326.26
F15   56.88   59.33   17.02   81.48   -0.82   49.93   49.94   90.94
F16   16.73   17.32   13.75   48.66    0.18    1.46    1.73   79.39
F17   35.20   27.26   12.77   59.21   33.15   22.34   39.97   33.98
F18   28.50   39.11   16.75   68.83  -32.60   28.76   43.48  138.59
F19   20.61   19.09   41.04   50.80   11.02  -43.22   44.61  284.30
F20   28.75   28.57   15.57   60.40    4.74   17.04   17.70   74.39
F21   36.51   34.60   13.62   65.43   10.70   30.74   32.56   70.79
F22   41.43   40.60   19.13   69.89    7.08   25.28   26.25   74.36
G1     3.13    3.77    3.21   22.91   -8.19   -0.67    8.24  185.04
G2     2.50    3.54    3.18   22.08  -16.06   -1.86   16.17  186.68
G3     2.07    3.39    3.22   21.56  -22.80   -3.03   23.00  187.60
G4     1.39    3.24    3.49   20.99  -37.87   -5.88   38.33  188.84
G5    11.57   14.08   12.43   44.34  -13.52   -2.34   13.74  189.92
G6    10.11   14.55   13.68   45.00  -27.19   -4.65   27.59  189.74
G7     8.63   14.68   14.46   45.19  -40.08   -6.36   40.58  189.04
G8     7.61   15.14   14.88   45.83  -52.06   -6.33   52.44  186.93
G9    29.07   33.20   27.61   64.32  -10.94   -0.31   10.96  181.68
G10   26.40   33.52   29.19   64.58  -22.64   -2.46   22.78  186.23
G11   25.26   35.33   31.47   66.00  -33.55   -3.59   33.74  186.12
G12   24.83   35.58   32.19   66.19  -36.19   -4.36   36.45  186.87
G13   31.26   41.29   51.86   70.38  -28.83  -22.32   36.47  217.74
G14   37.02   25.75   40.20   57.79   45.32  -30.09   54.40  326.42
G15   56.38   58.49   13.46   81.01   -0.06   58.03   58.03   90.06
G16   11.13   11.70    9.74   40.74   -1.12   -0.25    1.40  205.99
G17   31.41   22.87    9.01   54.93   38.29   26.76   46.72   34.95
G18   23.97   34.90   12.91   65.67  -37.66   33.08   50.13  138.70
G19   16.14   14.35   38.10   44.73   13.74  -49.82   51.68  285.41
G20   38.88   38.96   18.38   68.72    4.20   24.88   25.24   80.43
G21   37.43   37.41   12.48   67.58    4.48   37.60   37.87   83.20
G22   45.56   43.15    3.24   71.65   11.62   83.15   83.96   82.05
H1     3.24    3.72    3.80   22.71   -5.52   -4.92    7.46  221.93
H2     2.79    3.61    4.55   22.33  -11.70   -9.99   15.41  220.56
H3     2.25    3.27    5.27   21.09  -17.01  -15.97   23.35  223.21
H4     1.99    3.29    6.70   21.15  -23.01  -22.53   32.21  224.39
H5     9.70   11.23   11.85   39.96   -8.72   -8.22   12.01  223.34
H6     8.76   11.20   15.09   39.92  -16.19  -17.08   23.55  226.54
H7     8.16   11.57   19.99   40.52  -24.07  -27.18   36.31  228.49
H8     7.46   11.68   23.98   40.70  -31.39  -34.67   46.77  227.84
H9    30.70   33.05   30.05   64.19   -4.25   -4.49    6.22  226.57
H10   29.62   33.59   34.28   64.63  -10.19  -10.16   14.41  224.90
H11   29.27   34.36   39.08   65.24  -14.17  -15.76   21.20  228.04
H12   28.72   35.41   46.33   66.06  -19.84  -23.44   30.72  229.76
H13   28.10   38.42   51.07   68.33  -31.98  -24.98   40.58  217.99
H14   33.36   21.58   37.37   53.58   51.08  -33.56   61.12  326.70
H15   55.89   57.60   10.82   80.51    0.89   64.82   64.83   89.21
H16    6.82    7.16    5.89   32.17   -0.86    0.13    1.06  201.42
H17   27.87   18.93    6.36   50.60   43.51   29.78   52.72   34.39
H18   20.41   31.37   10.10   62.82  -41.78   36.65   55.57  138.75
H19   12.76   10.73   35.26   39.12   17.22  -55.55   58.16  287.22
H20   42.25   43.70   18.37   72.03    0.32   30.61   30.62   89.39
H21   35.10   37.13   23.92   67.37   -2.36   11.42   11.68  101.62
H22   37.05   40.83   13.60   70.06   -7.42   38.78   39.48  100.83
I1     5.04    5.30    6.96   27.57   -0.79  -12.55   12.59  266.30
I2     4.80    5.00    9.63   26.73   -0.28  -24.02   24.04  269.29
I3     4.62    4.85   13.77   26.30   -0.77  -37.14   37.15  268.80
I4     4.42    4.64   17.87   25.69   -0.77  -48.17   48.18  269.08
I5    13.19   13.69   14.51   43.77   -0.05   -8.93    8.95  269.49
I6    13.52   13.94   19.15   44.14    0.50  -19.16   19.17  271.46
I7    14.21   14.42   24.85   44.83    1.89  -29.14   29.20  273.70
I8    14.74   14.73   31.88   45.25    3.35  -39.99   40.14  274.77
I9    31.70   32.76   30.33   63.97    0.38   -5.33    5.36  273.71
I10   32.70   33.72   34.86   64.74    0.67  -10.81   10.84  273.42
I11   33.39   34.40   39.65   65.27    0.80  -16.46   16.49  272.70
I12   33.20   34.01   47.60   64.96    1.45  -26.82   26.87  273.04
I13   25.22   35.65   50.31   66.24  -34.77  -27.72   44.47  218.57
I14   29.47   17.54   34.02   48.93   56.93  -36.84   67.81  327.09
I15   55.50   56.64    8.27   79.97    2.22   72.62   72.65   88.25
I16    3.69    3.82    2.68   23.06    0.13    3.57    3.63   87.15
I17   24.25   15.21    4.03   45.92   48.71   33.67   59.22   34.66
I18   17.12   27.82    7.47   59.73  -45.36   40.77   60.99  138.05
I19    9.61    7.34   31.54   32.56   22.52  -61.36   65.36  290.15
I20   42.53   47.01   18.86   74.20   -8.18   33.28   34.28  103.81
I21   14.18   18.74    5.20   50.39  -22.20   34.86   41.33  122.49
I22   30.49   38.26   19.26   68.22  -22.39   22.11   31.47  135.35
J1     1.63    1.40    2.71   11.94    7.99  -15.87   17.77  296.69
J2     1.90    1.35    4.74   11.62   15.95  -29.51   33.55  298.39
J3     2.13    1.30    7.73   11.24   22.93  -43.86   49.49  297.60
J4     2.20    1.20    9.98   10.57   27.27  -53.06   59.66  297.20
J5     8.84    8.62    9.93   35.25    4.49  -10.33   11.27  293.39
J6     9.50    8.52   13.46   35.05   10.88  -21.21   23.84  297.14
J7    10.42    8.65   18.43   35.29   17.05  -32.86   37.02  297.41
J8    11.43    9.05   23.34   36.08   21.11  -41.45   46.51  296.98
J9    26.80   26.94   25.20   58.91    3.40   -5.46    6.45  301.79
J10   28.39   27.64   29.27   59.56    6.94  -11.24   13.21  301.67
J11   29.92   28.33   34.15   60.17   10.12  -17.64   20.34  299.81
J12   31.71   28.81   41.22   60.60   14.90  -26.54   30.44  299.29
J13   22.80   33.19   49.54   64.31  -36.96  -30.19   47.73  219.24
J14   26.41   14.63   31.17   45.13   61.21  -39.11   72.64  327.42
J15   55.22   55.74    6.36   79.46    3.72   79.49   79.58   87.32
J16    2.00    2.03    1.66   15.65    0.97    0.12    1.06  103.23
J17   21.30   12.43    2.47   41.90   52.69   37.75   64.82   35.62
J18   14.18   24.37    5.39   56.45  -48.41   44.40   65.68  137.48
J19    7.25    4.95   27.93   26.60   27.40  -65.86   71.33  292.59
J20   31.60   40.12   25.39   69.56  -24.06   12.53   27.13  152.49
J21    4.03    8.00    1.24   33.98  -41.91   36.92   55.85  138.62
J22    0.99    2.14    0.57   16.24  -30.36   17.30   34.94  150.32
K1     2.82    2.39    2.86   17.41   10.05   -7.57   12.58  323.01
K2     3.14    2.14    3.76   16.21   20.83  -15.85   26.17  322.73
K3     3.65    2.04    4.89   15.70   31.26  -23.32   39.00  323.28
K4     4.11    2.02    5.93   15.58   38.61  -28.68   48.09  323.40
K5     7.49    6.53    7.50   30.70   12.04   -9.37   15.26  322.11
K6     8.97    6.49    9.90   30.61   25.57  -18.24   31.41  324.50
K7    10.72    6.43   13.25   30.48   40.04  -28.54   49.17  324.52
K8    12.02    6.48   16.14   30.60   48.91  -35.71   60.56  323.87
K9    23.42   22.00   21.49   54.02   10.14   -6.94   12.30  325.62
K10   25.61   22.23   25.19   54.26   18.52  -13.47   22.90  323.97
K11   29.15   23.28   30.10   55.35   28.00  -19.82   34.30  324.70
K12   31.97   23.92   34.65   56.01   35.68  -25.55   43.89  324.39
K13   19.59   29.64   48.19   61.34  -39.42  -33.76   51.90  220.58
K14   22.28   11.19   26.77   39.90   65.85  -40.99   77.57  328.10
K15   54.70   54.15    4.20   78.55    6.34   88.92   89.15   85.92
K16    0.99    1.03    0.76    9.27   -0.23    1.62    1.74   95.72
K17   17.67    9.38    1.05   36.70   56.81   44.13   71.94   37.84
K18   10.77   19.89    3.17   51.71  -51.03   49.26   70.93  136.01
K19    4.91    2.75   22.81   19.03   34.31  -69.83   77.81  296.16
K20    3.54    4.73    3.15   25.95  -14.72    5.04   15.56  161.14
K21    1.83    2.64    2.33   18.53  -15.36   -1.34   15.42  185.07
K22    2.41    3.30    4.35   21.18  -14.08  -10.83   17.78  217.62
L1     2.93    2.56    2.39   18.19    8.70   -2.43    9.04  344.53
L2     3.27    2.32    2.57   17.06   19.33   -5.84   20.19  343.21
L3     3.67    2.14    2.61   16.19   29.44   -7.71   30.43  345.33
L4     4.40    2.20    3.03   16.53   38.38  -10.35   39.75  344.91
L5     7.69    6.59    6.17   30.86   13.30   -3.43   13.74  345.57
L6     9.46    6.56    6.77   30.77   28.98   -6.22   29.64  347.89
L7    11.39    6.27    7.24   30.08   46.64   -9.37   47.57  348.64
L8    12.49    6.45    7.54   30.53   52.48   -9.82   53.39  349.40
L9    22.99   21.60   18.71   53.60   10.05   -1.91   10.23  349.38
L10   25.87   22.04   19.64   54.06   20.45   -3.10   20.69  351.43
L11   29.04   22.81   21.10   54.87   29.66   -4.69   30.03  351.03
L12   30.76   23.48   21.60   55.57   33.17   -4.49   33.47  352.30
L13   15.47   24.52   45.65   56.60  -41.24  -38.95   56.73  223.36
L14   17.85    8.07   21.46   34.13   68.85  -41.17   80.22  329.12
L15   53.96   51.68    2.31   77.09   10.78   99.81  100.39   83.84
L16    0.17    0.20    0.13    1.80   -0.59    0.59    0.84  134.84
L17   13.68    6.58    0.26   30.83   58.93   48.13   76.09   39.24
L18    6.80   13.92    1.44   44.12  -52.61   51.83   73.86  135.43
L19    2.91    1.21   15.75   10.62   41.02  -69.22   80.46  300.65
L20    0.77    1.02    1.21    9.16   -8.27   -5.59    9.99  214.18
L21    1.30    1.23    1.47   10.77    3.76   -6.12    7.19  301.37
L22    3.10    2.49    2.24   17.90   12.81   -1.64   12.91  352.69
GS0    62.49   64.32   53.90   84.14    1.08   -0.82    1.39  324.28
GS1    57.93   60.27   49.06   81.99   -0.46    0.83    0.96  121.15
GS2    50.51   52.89   42.62   77.81   -1.31    1.34    1.88  135.08
GS3    43.41   45.54   36.74   73.24   -1.47    1.20    1.91  141.38
GS4    37.92   39.69   32.08   69.25   -1.13    1.08    1.57  136.48
GS5    32.73   34.23   27.51   65.14   -1.00    1.28    1.63  126.91
GS6    28.03   29.35   23.36   61.09   -1.08    1.65    1.99  121.18
GS7    23.48   24.59   19.62   56.67   -1.03    1.44    1.81  122.36
GS8    20.26   21.17   17.22   53.14   -0.77    0.64    1.08  129.96
GS9    17.30   18.10   14.67   49.60   -0.79    0.71    1.14  114.52
GS10   14.20   14.90   12.22   45.49   -1.07    0.26    1.32  190.86
GS11   12.05   12.72   10.32   42.33   -1.50    0.60    1.71  173.98
GS12    9.88   10.40    8.47   38.54   -1.13    0.41    1.44  193.59
GS13    7.92    8.28    6.81   34.57   -0.59    0.14    1.11  202.75
GS14    6.30    6.65    5.41   30.98   -1.18    0.41    1.30  198.24
GS15    4.89    5.03    4.20   26.81    0.52   -0.33    0.86  199.16
GS16    3.97    4.16    3.31   24.19   -0.51    0.86    1.36  107.93
GS17    2.98    3.13    2.44   20.55   -0.71    1.18    1.59  111.10
GS18    2.01    2.09    1.67   15.95    0.01    0.64    1.00   89.16
GS19    1.16    1.22    1.02   10.68   -0.53   -0.24    0.88  224.77
GS20    0.52    0.53    0.49    4.83    0.02   -0.89    1.00  269.09
GS21    0.35    0.39    0.34    3.56   -1.13   -0.41    1.21  201.50
GS22    0.17    0.21    0.18    1.91   -1.32   -0.04    1.32  181.79
GS23    0.05    0.08    0.09    0.71   -0.88   -0.51    1.02  209.95
END_DATA