IT8.7/1
ORIGINATOR "FotoTune"
DESCRIPTOR "Agfa IT8"
MATERIAL "AgfachromeRS100Plus"
MANUFACTURER "Agfa"
CREATED "Mon Mar 11 10:48:35 1996"
PROD_DATE "1996:03"
SERIAL "4x5 b60301xx"
NUMBER_OF_FIELDS 9
BEGIN_DATA_FORMAT
SAMPLE_ID XYZ_X XYZ_Y XYZ_Z LAB_L LAB_A LAB_B LAB_C LAB_H
END_DATA_FORMAT
NUMBER_OF_SETS 288
BEGIN_DATA
A1     2.62    2.15    1.65   16.23   11.27    1.35   11.38    6.88
A2     3.11    2.12    1.42   16.12   20.72    3.74   21.07   10.23
A3     3.57    2.06    1.21   15.79   29.55    5.89   30.13   11.27
A4     4.26    2.13    1.12   16.13   38.22    7.75   39.00   11.46
A5    10.02    8.65    6.42   35.30   13.96    3.09   14.32   12.51
A6    11.91    8.70    5.57   35.40   27.44    7.24   28.39   14.77
A7    14.38    8.94    4.92   35.86   41.59   11.34   43.11   15.25
A8    16.68    9.23    4.54   36.43   52.61   14.38   54.55   15.28
A9    27.83   26.82   20.57   58.80    8.00    3.16    8.62   21.48
A10   30.48   27.41   20.07   59.35   15.80    5.13   16.62   17.96
A11   33.16   28.13   19.58   60.01   22.66    7.29   23.81   17.82
A12   34.49   28.36   19.52   60.21   26.41    7.76   27.53   16.38
A13   60.85   62.79   53.41   83.33    0.72   -1.67    1.83  294.04
A14   62.20   63.01   53.35   83.45    3.36   -1.41    3.65  337.43
A15   62.12   63.67   49.93   83.79    1.69    2.97    3.42   60.19
A16   59.87   61.58   49.80   82.69    1.17    1.20    1.70   44.81
A17   61.74   62.82   49.96   83.35    2.72    2.16    3.49   38.40
A18   60.74   62.91   50.30   83.39    0.19    1.86    1.87   84.43
A19   61.23   62.73   53.78   83.30    1.75   -2.12    2.76  310.24
A20    1.95    1.21    0.32   10.58   21.71   12.18   24.89   29.30
A21    5.52    2.90    0.29   19.65   39.06   28.31   48.25   35.93
A22    9.99    4.77    0.24   26.07   53.47   40.40   67.02   37.07
B1     3.83    3.42    2.12   21.67    8.16    5.95   10.14   36.01
B2     4.35    3.31    1.20   21.24   17.46   15.42   23.31   41.42
B3     4.79    3.19    0.68   20.80   25.19   23.14   34.21   42.56
B4     5.36    3.17    0.27   20.68   32.76   30.57   44.81   43.03
B5    12.33   11.01    6.55   39.60   12.27    9.94   15.81   38.99
B6    14.46   11.22    4.45   39.95   24.47   20.94   32.22   40.54
B7    16.61   11.33    2.95   40.13   36.22   30.95   47.65   40.50
B8    19.00   12.02    2.34   41.25   44.22   37.76   58.16   40.49
B9    32.81   32.43   22.91   63.69    5.57    6.97    8.93   51.26
B10   35.09   32.96   20.51   64.13   11.58   12.46   17.01   47.07
B11   37.06   33.33   19.00   64.43   16.84   16.14   23.33   43.76
B12   38.79   34.27   18.61   65.18   19.18   18.26   26.49   43.60
B13   53.82   58.15   53.03   80.83   -5.67   -5.58    7.96  224.50
B14   57.93   55.54   51.38   79.35   10.91   -6.32   12.61  329.94
B15   60.25   62.38   40.12   83.12    0.23   13.69   13.69   89.03
B16   48.32   49.98   39.95   76.05    0.34    1.73    1.81   76.07
B17   56.01   54.66   39.40   78.84    8.36    7.26   11.10   40.95
B18   51.97   57.04   40.61   80.20   -7.78    8.03   11.18  134.12
B19   50.74   51.76   51.75   77.13    2.22  -10.55   10.78  281.80
B20    3.87    2.48    0.41   17.83   25.39   23.00   34.26   42.17
B21    9.63    4.67    0.26   25.78   51.88   39.48   65.19   37.27
B22   31.67   27.57   15.97   59.49   19.55   14.51   24.37   36.55
C1     6.60    6.39    3.76   30.37    4.58    8.53    9.72   61.54
C2     7.13    6.60    2.52   30.86    7.81   18.28   19.89   66.82
C3     7.58    6.59    1.23   30.86   12.23   31.64   33.92   68.83
C4     8.74    6.95    0.50   31.69   18.98   45.27   49.10   67.25
C5    22.43   21.48   11.28   53.47    8.05   16.80   18.64   64.37
C6    24.07   21.44    6.46   53.42   15.58   34.18   37.56   65.49
C7    26.59   22.09    3.50   54.12   23.18   51.22   56.23   65.65
C8    27.24   21.84    2.21   53.86   26.99   60.62   66.35   66.00
C9    38.52   38.57   25.33   68.43    4.28   10.72   11.55   68.18
C10   39.89   38.92   21.30   68.69    7.50   18.74   20.18   68.15
C11   41.76   39.75   18.60   69.29   10.68   25.38   27.53   67.16
C12   42.94   40.35   17.52   69.72   12.37   28.51   31.08   66.55
C13   46.94   53.26   52.34   78.03  -11.99   -9.66   15.40  218.84
C14   52.44   46.78   48.61   74.04   20.01  -12.34   23.51  328.35
C15   58.82   61.34   31.47   82.56   -0.77   24.96   24.97   91.78
C16   37.12   38.39   30.59   68.31    0.35    1.74    1.84   75.18
C17   49.43   45.45   29.64   73.18   15.75   11.66   19.62   36.51
C18   44.17   51.58   32.01   77.03  -15.54   14.59   21.32  136.84
C19   40.46   40.52   48.95   69.83    4.33  -19.99   20.46  282.17
C20    2.71    2.21    0.73   16.53   11.74   14.82   18.92   51.60
C21   25.98   20.31    7.22   52.17   29.08   28.83   40.96   44.73
C22   38.13   35.90   21.59   66.43   11.64   14.26   18.44   50.70
D1     4.61    4.80    2.79   26.14   -0.21    8.03    8.05   91.16
D2     4.64    4.83    1.75   26.24   -0.27   17.52   17.53   90.83
D3     4.44    4.62    0.86   25.63   -0.26   28.21   28.22   90.53
D4     5.25    5.43    0.53   27.93    0.08   38.19   38.19   89.87
D5    16.80   17.56    9.40   48.96   -0.74   15.08   15.10   92.76
D6    16.25   17.18    5.25   48.49   -1.75   31.39   31.44   93.19
D7    15.99   17.15    2.62   48.45   -3.14   47.85   47.96   93.76
D8    15.75   16.85    1.47   48.08   -2.89   58.23   58.30   92.85
D9    44.16   46.05   22.08   73.57   -0.70   25.62   25.63   91.57
D10   44.40   46.48   13.47   73.86   -1.22   45.66   45.67   91.53
D11   44.87   48.08    7.89   74.88   -4.26   65.26   65.41   93.74
D12   45.18   48.67    7.78   75.25   -4.95   66.35   66.53   94.27
D13   42.10   49.77   52.01   75.93  -16.92  -12.91   21.29  217.34
D14   48.15   40.31   46.33   69.69   27.31  -17.19   32.27  327.81
D15   57.82   60.45   25.32   82.08   -1.13   34.26   34.28   91.89
D16   28.93   29.88   24.30   61.55    0.46    0.71    1.06   50.88
D17   44.25   38.46   22.62   68.36   22.05   15.58   27.01   35.24
D18   38.10   46.99   25.56   74.19  -21.85   20.22   29.77  137.23
D19   32.51   31.80   46.19   63.17    6.72  -28.25   29.04  283.37
D20   17.21   13.63    4.75   43.69   24.23   25.74   35.36   46.71
D21   25.17   24.62   16.09   56.70    6.17    9.42   11.30   56.58
D22   42.03   41.05   24.61   70.19    7.54   15.05   16.86   63.29
E1     5.77    6.48    3.89   30.57   -5.15    8.09    9.59  122.56
E2     5.06    6.26    2.03   30.06  -11.34   21.24   24.08  118.10
E3     4.64    6.03    1.31   29.47  -14.15   28.19   31.54  116.65
E4     4.53    6.46    0.69   30.54  -20.29   39.61   44.50  117.12
E5    23.13   26.36   13.99   58.38   -9.93   17.59   20.20  119.45
E6    21.06   26.22    8.95   58.24  -18.93   32.66   37.75  120.10
E7    19.38   26.77    5.51   58.76  -29.39   47.82   56.13  121.58
E8    19.42   28.26    4.20   60.12  -35.03   57.15   67.04  121.51
E9    42.17   45.81   29.23   73.42   -5.93   12.73   14.05  115.03
E10   39.96   45.95   23.06   73.51  -13.08   23.63   27.01  118.97
E11   37.90   45.93   18.66   73.50  -19.51   32.52   37.93  120.97
E12   37.56   45.82   17.79   73.43  -20.30   34.31   39.86  120.62
E13   37.14   45.97   51.61   73.52  -22.10  -16.62   27.65  216.94
E14   43.76   34.12   43.87   65.07   34.82  -22.19   41.29  327.49
E15   57.08   59.69   20.87   81.67   -1.17   41.96   41.98   91.60
E16   21.23   22.04   17.69   54.07   -0.08    1.16    1.23   86.16
E17   39.19   31.85   16.98   63.22   28.91   18.56   34.36   32.69
E18   32.33   42.39   20.66   71.14  -28.23   24.24   37.21  139.36
E19   25.14   23.89   43.07   55.97    9.22  -36.87   38.01  284.02
E20   24.54   16.94    1.00   48.18   40.19   64.71   76.18   58.15
E21   20.62   17.54    4.35   48.92   19.12   36.97   41.63   62.64
E22   32.44   28.90   11.06   60.68   17.20   29.89   34.51   60.04
F1     3.99    4.77    3.57   26.08   -8.43    2.33    8.77  164.85
F2     3.12    4.56    3.00   25.44  -19.31    5.22   20.02  164.93
F3     2.40    4.28    2.47   24.58  -28.97    7.89   30.04  164.80
F4     1.98    4.30    2.01   24.63  -38.22   12.11   40.10  162.43
F5    11.17   13.92   10.18   44.12  -15.36    4.14   15.93  164.96
F6     9.34   14.25    8.57   44.59  -31.51   10.49   33.22  161.61
F7     7.70   14.46    7.24   44.88  -47.12   16.14   49.81  161.10
F8     7.10   16.13    6.82   47.15  -62.61   21.79   66.29  160.81
F9    27.25   31.67   22.79   63.07  -12.70    6.14   14.11  154.22
F10   24.71   31.96   21.30   63.31  -24.29    9.45   26.07  158.74
F11   23.01   33.00   20.00   64.17  -35.42   13.56   37.92  159.06
F12   22.70   33.71   19.76   64.73  -39.22   15.06   42.02  159.01
F13   33.19   42.74   50.99   71.38  -26.21  -19.64   32.75  216.84
F14   39.65   28.76   41.17   60.57   41.75  -26.55   49.48  327.55
F15   56.35   58.77   16.65   81.16   -0.80   50.26   50.27   90.91
F16   15.61   16.16   12.81   47.17    0.21    1.49    1.59   76.89
F17   34.73   26.38   12.35   58.39   35.08   22.12   41.48   32.23
F18   27.52   38.22   16.22   68.19  -33.67   28.91   44.39  139.35
F19   19.85   18.09   40.15   49.60   12.44  -44.13   45.86  285.73
F20   28.88   28.59   15.49   60.41    5.13   17.29   18.06   73.37
F21   36.91   34.77   13.69   65.56   11.44   30.77   32.84   69.57
F22   41.37   40.12   19.36   69.54    8.33   24.20   25.61   70.94
G1     2.91    3.40    3.09   21.58   -6.38   -2.08    6.79  198.25
G2     2.38    3.29    3.12   21.16  -14.72   -3.05   15.06  191.79
G3     2.00    3.21    3.21   20.87  -21.58   -4.16   22.01  190.95
G4     1.34    3.10    3.49   20.45  -36.85   -6.81   37.49  190.50
G5    11.33   13.72   12.32   43.82  -13.00   -2.92   13.35  192.70
G6     9.84   14.24   13.41   44.58  -27.42   -4.66   27.82  189.66
G7     8.44   14.55   14.25   45.00  -41.01   -6.15   41.47  188.54
G8     7.44   15.00   14.65   45.63  -52.75   -6.09   53.11  186.59
G9    27.66   31.84   26.19   63.21  -11.69    0.21   11.70  178.98
G10   24.92   31.94   27.75   63.29  -23.27   -2.32   23.40  185.69
G11   23.73   33.62   29.71   64.66  -34.37   -3.15   34.51  185.24
G12   23.31   33.97   30.19   64.94  -37.42   -3.43   37.59  185.25
G13   29.59   39.62   50.42   69.20  -29.99  -22.75   37.64  217.18
G14   35.92   24.26   38.51   56.34   47.93  -30.35   56.73  327.66
G15   55.80   57.92   13.15   80.69   -0.12   58.31   58.31   90.12
G16   10.09   10.40    8.76   38.55    0.43   -0.59    0.97  255.24
G17   30.86   21.91    8.64   53.92   40.60   26.34   48.40   32.97
G18   23.21   34.22   12.41   65.14  -38.71   33.58   51.24  139.06
G19   15.38   13.32   37.11   43.24   15.79  -51.03   53.42  287.18
G20   38.70   38.55   17.98   68.42    4.93   25.25   25.74   78.90
G21   37.41   37.21   12.32   67.43    5.03   37.80   38.13   82.39
G22   45.65   43.07    3.34   71.59   12.13   82.35   83.24   81.62
H1     3.03    3.39    3.65   21.52   -3.93   -6.00    7.24  236.38
H2     2.70    3.42    4.51   21.65  -10.33  -10.97   15.10  226.66
H3     2.16    3.08    5.22   20.35  -15.74  -16.97   23.18  227.12
H4     1.92    3.12    6.65   20.54  -21.84  -23.35   32.00  226.90
H5     9.35   10.73   11.58   39.12   -7.89   -8.87   11.89  228.27
H6     8.43   10.75   14.78   39.15  -15.84  -17.60   23.69  228.01
H7     7.94   11.33   19.75   40.14  -24.41  -27.34   36.65  228.24
H8     7.23   11.47   23.53   40.35  -32.05  -34.42   47.03  227.05
H9    29.28   31.78   28.37   63.16   -5.15   -3.58    6.28  214.71
H10   27.90   32.01   32.22   63.35  -11.33   -9.31   14.66  219.41
H11   27.41   32.59   36.62   63.83  -15.33  -14.85   21.35  224.10
H12   26.63   33.13   43.85   64.26  -20.36  -23.53   31.13  229.13
H13   26.62   36.92   49.85   67.22  -33.10  -25.53   41.81  217.64
H14   32.49   20.42   35.84   52.31   53.51  -33.64   63.21  327.85
H15   55.46   57.21   10.60   80.30    0.73   65.16   65.17   89.36
H16    6.55    6.74    5.73   31.21    0.48   -0.77    0.95  235.43
H17   27.42   18.16    6.03   49.68   45.66   29.65   54.45   33.00
H18   19.70   30.73    9.66   62.28  -42.92   37.18   56.79  139.10
H19   11.99    9.75   34.09   37.38   19.47  -56.85   60.09  288.90
H20   41.73   42.87   17.89   71.46    1.19   30.70   30.73   87.76
H21   34.70   36.52   23.78   66.91   -1.73   10.90   11.05   98.87
H22   36.25   39.73   13.26   69.26   -6.70   38.32   38.90   99.91
I1     4.83    4.91    6.79   26.47    1.27  -13.73   13.80  275.21
I2     4.76    4.82    9.78   26.19    1.61  -25.44   25.50  273.58
I3     4.55    4.61   13.97   25.58    1.39  -38.88   38.91  272.02
I4     4.40    4.46   18.16   25.16    1.23  -49.74   49.76  271.39
I5    12.93   13.30   14.27   43.21    0.67   -9.29    9.32  273.94
I6    13.19   13.53   18.83   43.56    0.92  -19.49   19.51  272.68
I7    13.92   14.15   24.30   44.45    1.71  -28.77   28.83  273.39
I8    14.21   14.27   30.68   44.61    2.84  -39.26   39.36  274.12
I9    30.79   32.06   29.08   63.39   -0.44   -4.34    4.36  264.08
I10   31.18   32.50   32.70   63.75   -0.59   -9.34    9.36  266.37
I11   31.54   32.81   37.10   64.01   -0.36  -15.21   15.22  268.65
I12   31.37   32.22   46.19   63.53    1.11  -27.65   27.67  272.29
I13   23.98   34.33   49.15   65.23  -35.68  -28.18   45.47  218.29
I14   28.89   16.75   32.70   47.93   58.99  -36.60   69.42  328.18
I15   55.12   56.40    8.33   79.84    1.85   72.17   72.19   88.53
I16    3.35    3.60    2.98   22.31   -1.98   -0.02    2.07  184.14
I17   24.02   14.71    3.90   45.24   50.63   33.32   60.61   33.34
I18   16.57   27.32    7.19   59.27  -46.48   41.14   62.07  138.49
I19    9.10    6.69   30.60   31.09   24.60  -62.44   67.11  291.50
I20   41.92   46.04   18.47   73.57   -7.35   33.06   33.86  102.53
I21   13.96   18.55    5.10   50.15  -22.58   35.03   41.68  122.80
I22   29.70   37.22   19.21   67.44  -21.98   20.87   30.32  136.51
J1     1.58    1.32    2.67   11.42    8.72  -16.42   18.60  297.96
J2     1.91    1.33    4.89   11.49   16.86  -30.57   34.92  298.87
J3     2.20    1.30    8.14   11.26   24.20  -45.36   51.41  298.07
J4     2.23    1.19   10.30   10.48   28.49  -54.26   61.29  297.70
J5     8.50    8.17    9.57   34.33    5.55  -10.73   12.08  297.32
J6     9.12    8.09   13.05   34.17   11.56  -21.62   24.52  298.14
J7     9.94    8.19   17.65   34.36   17.37  -32.72   37.04  297.96
J8    10.91    8.60   22.36   35.21   21.10  -41.08   46.18  297.19
J9    25.75   26.19   24.24   58.22    2.07   -4.93    5.35  292.80
J10   27.21   26.84   27.65   58.83    5.44   -9.86   11.26  298.89
J11   28.67   27.47   32.12   59.40    8.70  -15.97   18.18  298.58
J12   30.12   27.53   39.01   59.46   14.02  -25.64   29.23  298.67
J13   21.72   32.00   48.52   63.34  -37.78  -30.69   48.68  219.09
J14   25.85   13.95   29.75   44.16   63.09  -38.56   73.95  328.57
J15   55.03   55.78    6.60   79.49    3.12   78.51   78.58   87.72
J16    1.71    1.78    1.50   14.31   -0.22   -0.35    0.78  224.93
J17   21.24   12.14    2.49   41.44   54.34   36.86   65.66   34.15
J18   13.93   24.23    5.36   56.32  -49.36   44.34   66.35  138.07
J19    6.93    4.55   27.23   25.43   29.31  -66.73   72.88  293.71
J20   31.00   39.22   25.18   68.90  -23.47   11.80   26.27  153.32
J21    3.91    7.84    1.22   33.65  -42.18   36.53   55.81  139.10
J22    0.88    1.95    0.54   15.20  -29.88   16.09   33.94  151.71
K1     2.79    2.31    2.88   17.05   11.09   -8.38   13.90  322.99
K2     3.22    2.16    3.88   16.32   21.65  -16.44   27.17  322.80
K3     3.76    2.07    5.06   15.86   32.19  -23.90   40.10  323.42
K4     4.17    2.01    6.06   15.54   39.62  -29.32   49.28  323.51
K5     7.44    6.41    7.47   30.43   12.71   -9.73   16.01  322.62
K6     8.74    6.27    9.72   30.09   25.86  -18.53   31.82  324.39
K7    10.56    6.34   13.06   30.24   39.89  -28.41   48.97  324.55
K8    11.88    6.43   15.74   30.47   48.46  -34.95   59.75  324.21
K9    22.74   21.57   20.77   53.57    9.05   -6.28   11.02  325.24
K10   24.74   21.64   24.07   53.64   17.57  -12.51   21.57  324.56
K11   28.28   22.60   28.33   54.66   27.63  -18.16   33.07  326.68
K12   30.89   22.92   32.33   54.99   36.12  -23.90   43.31  326.52
K13   18.77   28.67   47.41   60.49  -39.93  -34.32   52.65  220.68
K14   21.92   10.77   25.58   39.19   67.26  -40.15   78.32  329.16
K15   54.77   54.63    4.55   78.83    5.35   87.38   87.54   86.50
K16    0.68    0.74    0.58    6.72   -1.49    0.52    1.61  163.81
K17   17.69    9.25    1.16   36.46   58.02   42.24   71.77   36.06
K18   10.76   20.05    3.27   51.89  -51.94   48.93   71.36  136.71
K19    4.68    2.49   22.13   17.87   36.36  -70.53   79.35  297.27
K20    3.38    4.47    2.95   25.16  -13.78    5.09   14.70  159.79
K21    1.70    2.44    2.21   17.62  -14.82   -1.84   14.95  187.13
K22    2.19    2.94    4.14   19.81  -12.69  -12.00   17.48  223.39
L1     2.80    2.39    2.32   17.41    9.78   -3.22   10.31  341.92
L2     3.27    2.27    2.56   16.87   20.13   -6.17   21.06  342.98
L3     3.73    2.14    2.62   16.22   30.20   -7.72   31.18  345.69
L4     4.41    2.18    2.97   16.38   39.29  -10.20   40.59  345.44
L5     7.66    6.47    6.11   30.57   14.21   -3.67   14.69  345.59
L6     9.31    6.41    6.55   30.42   29.32   -5.86   29.91  348.71
L7    11.47    6.32    7.09   30.21   46.72   -8.51   47.49  349.67
L8    12.57    6.49    7.33   30.61   52.58   -8.83   53.31  350.47
L9    22.11   20.90   17.86   52.83    9.34   -1.35    9.44  351.84
L10   24.89   21.23   18.47   53.20   20.06   -2.08   20.17  354.09
L11   28.03   21.89   19.59   53.91   29.90   -3.27   30.08  353.76
L12   29.82   22.52   20.01   54.58   33.93   -2.98   34.06  354.97
L13   15.08   24.00   45.13   56.08  -41.35  -39.21   56.99  223.47
L14   17.26    7.62   20.02   33.19   69.78  -39.90   80.38  330.24
L15   54.41   52.71    2.64   77.71    9.28   98.12   98.56   84.60
L16    0.12    0.14    0.12    1.27   -0.70   -0.05    0.71  184.76
L17   13.49    6.37    0.29   30.33   59.86   46.79   75.97   38.01
L18    7.10   14.49    1.51   44.93  -53.06   52.32   74.51  135.40
L19    2.74    1.04   14.90    9.35   43.40  -69.28   81.75  302.07
L20    0.71    0.93    1.10    8.36   -7.58   -5.28    9.25  214.92
L21    1.22    1.14    1.37   10.05    3.99   -6.06    7.26  303.40
L22    2.95    2.31    2.09   17.03   14.13   -1.81   14.25  352.72
GS0    61.16   62.51   52.51   83.18    2.07   -0.95    2.31  335.77
GS1    56.73   58.41   47.52   80.97    1.02    0.85    1.39   35.31
GS2    49.61   51.10   41.48   76.74    0.90    0.94    1.42   40.15
GS3    43.14   44.56   36.26   72.60    0.54    0.76    1.12  129.79
GS4    38.01   39.38   31.43   69.03    0.14    1.68    1.71   84.11
GS5    33.11   34.39   27.81   65.26   -0.16    0.98    1.01  102.64
GS6    28.45   29.69   23.81   61.38   -0.70    1.31    1.51  121.44
GS7    24.05   25.19   20.17   57.25   -1.04    1.31    1.69  129.82
GS8    20.47   21.43   17.58   53.42   -0.94    0.30    1.04  164.40
GS9    17.15   18.01   14.68   49.51   -1.21    0.52    1.34  157.41
GS10   14.20   14.94   12.28   45.54   -1.29    0.18    1.36  172.64
GS11   11.81   12.50   10.19   41.99   -1.68    0.44    1.77  165.57
GS12    9.79   10.37    8.40   38.50   -1.67    0.63    1.83  160.47
GS13    7.95    8.39    6.75   34.78   -1.27    0.76    1.50  151.01
GS14    6.08    6.37    5.15   30.33   -0.70    0.59    0.96  153.81
GS15    4.89    5.07    3.97   26.93   -0.09    1.33    1.39   87.83
GS16    3.87    4.05    3.21   23.81   -0.56    0.89    1.06  129.96
GS17    2.94    3.10    2.42   20.43   -0.82    1.17    1.44  128.39
GS18    2.02    2.09    1.69   15.95   -0.02    0.45    0.70  154.97
GS19    1.25    1.32    1.06   11.43   -0.72    0.54    0.92  155.35
GS20    0.69    0.74    0.55    6.68   -0.88    1.25    1.54  124.82
GS21    0.47    0.52    0.36    4.66   -1.06    1.30    1.68  129.14
GS22    0.18    0.22    0.16    1.98   -1.48    0.46    1.55  163.08
GS23    0.05    0.07    0.08    0.62   -0.75   -0.43    0.86  209.99
END_DATA
