IT8.7/1
ORIGINATOR "FotoTune"
DESCRIPTOR "Agfa IT8"
MATERIAL "AgfachromeRS100Plus"
MANUFACTURER "Agfa"
CREATED "Wed May  8 20:43:21 1996"
PROD_DATE "1996:05"
SERIAL "4x5 b60429xx"
NUMBER_OF_FIELDS 9
BEGIN_DATA_FORMAT
SAMPLE_ID XYZ_X XYZ_Y XYZ_Z LAB_L LAB_A LAB_B LAB_C LAB_H
END_DATA_FORMAT
NUMBER_OF_SETS 288
BEGIN_DATA
A1     2.55    2.12    1.55   16.08   10.61    2.09   10.83   11.12
A2     3.01    2.05    1.29   15.77   20.30    4.74   20.85   13.16
A3     3.45    2.00    1.10   15.48   29.01    6.97   29.84   13.52
A4     4.13    2.09    0.99   15.92   37.37    9.30   38.51   13.98
A5     9.69    8.41    6.05   34.82   13.42    3.97   14.00   16.48
A6    11.68    8.53    5.24   35.07   27.27    8.30   28.50   16.9
A7    14.48    8.98    4.55   35.94   41.83   13.50   43.96   17.88
A8    16.95    9.38    4.21   36.69   52.99   16.72   55.57   17.51
A9    28.48   27.53   20.90   59.46    7.69    3.62    8.50   25.23
A10   31.20   28.06   20.29   59.93   15.95    5.68   16.93   19.58
A11   33.63   28.40   19.44   60.24   23.32    7.98   24.64   18.89
A12   35.18   28.85   19.58   60.65   26.89    8.40   28.17   17.34
A13   62.46   64.61   54.67   84.29    0.36   -1.38    1.42  284.71
A14   63.98   65.06   54.72   84.51    2.86   -1.04    3.04  340.07
A15   63.61   65.33   51.38   84.65    1.38    2.84    3.16   63.79
A16   61.76   63.73   51.41   83.83    0.74    1.37    1.55   61.72
A17   63.49   64.81   51.43   84.39    2.28    2.32    3.26   45.40
A18   62.12   64.46   51.86   84.20   -0.08    1.52    1.53   92.82
A19   63.17   64.93   55.54   84.45    1.27   -2.02    2.39  302.10
A20    2.10    1.33    0.39   11.41   21.36   12.17   24.59   29.67
A21    5.48    2.89    0.29   19.61   38.83   28.41   48.11   36.19
A22   10.28    4.95    0.26   26.58   53.49   40.92   67.35   37.42
B1     3.73    3.37    2.00   21.47    7.61    6.76   10.18   41.62
B2     4.20    3.20    1.10   20.82   17.27   16.16   23.65   43.09
B3     4.62    3.07    0.61   20.33   25.04   23.62   34.43   43.33
B4     5.12    3.01    0.25   20.08   32.39   29.79   44.01   42.60
B5    12.03   10.78    6.24   39.21   11.91   10.64   15.98   41.77
B6    14.33   11.09    4.15   39.74   24.59   22.26   33.17   42.15
B7    16.70   11.32    2.70   40.11   36.85   32.84   49.36   41.71
B8    19.19   12.05    2.13   41.29   44.95   39.71   59.97   41.46
B9    33.96   33.69   23.56   64.71    5.16    7.52    9.12   55.48
B10   36.28   34.17   20.92   65.10   11.43   13.30   17.53   49.32
B11   38.17   34.33   19.04   65.23   17.02   17.42   24.35   45.67
B12   40.10   35.46   18.83   66.10   19.35   19.38   27.39   45.03
B13   55.60   60.17   54.69   81.93   -5.96   -5.45    8.08  222.49
B14   59.96   58.03   52.88   80.76    9.71   -5.53   11.18  330.32
B15   61.96   64.19   41.55   84.07    0.12   13.48   13.48   89.46
B16   51.14   53.25   42.18   78.03   -0.56    2.26    2.34  103.76
B17   58.28   57.38   41.06   80.39    7.28    7.76   10.65   46.82
B18   54.00   59.12   42.65   81.36   -7.53    7.41   10.57  135.41
B19   53.69   55.33   53.95   79.23    0.88   -9.32    9.36  275.36
B20    3.93    2.56    0.50   18.16   24.90   21.86   33.15   41.27
B21    9.85    4.82    0.28   26.21   51.80   40.06   65.48   37.72
B22   33.10   28.72   16.26   60.52   20.23   15.61   25.56   37.63
C1     6.37    6.22    3.57   29.93    4.11    8.98    9.88   65.40
C2     6.78    6.30    2.30   30.14    7.50   18.90   20.34   68.35
C3     7.23    6.27    1.11   30.08   12.19   31.90   34.15   69.08
C4     8.22    6.49    0.47   30.62   19.11   43.85   47.83   66.46
C5    22.45   21.58   11.01   53.57    7.69   17.78   19.38   66.65
C6    24.08   21.37    6.09   53.35   15.95   35.67   39.08   65.91
C7    26.47   21.73    3.24   53.74   24.36   52.26   57.66   65.00
C8    27.02   21.35    2.07   53.33   28.36   61.01   67.28   65.07
C9    40.02   40.29   26.03   69.68    3.65   11.61   12.18   72.56
C10   41.40   40.56   21.74   69.87    7.10   19.88   21.11   70.34
C11   43.08   41.07   18.53   70.22   10.58   27.13   29.12   68.69
C12   44.29   41.70   17.57   70.67   12.24   30.04   32.44   67.82
C13   48.46   55.06   54.14   79.07  -12.27   -9.80   15.71  218.60
C14   54.24   48.74   50.14   75.29   19.24  -11.94   22.64  328.18
C15   60.03   62.61   31.88   83.23   -0.81   25.49   25.49   91.81
C16   39.55   41.16   32.56   70.29   -0.42    2.13    2.20  100.83
C17   51.64   47.91   31.07   74.76   14.81   12.14   19.16   39.38
C18   46.11   53.59   33.68   78.22  -15.14   14.15   20.73  136.93
C19   42.71   43.26   51.03   71.73    2.99  -19.07   19.31  278.92
C20    2.76    2.26    0.86   16.81   11.49   12.97   17.33   48.43
C21   26.35   20.36    6.95   52.25   30.28   30.01   42.64   44.75
C22   40.36   38.17   22.58   68.14   11.34   15.26   19.02   53.38
D1     4.48    4.72    2.68   25.90   -0.78    8.51    8.55   95.28
D2     4.43    4.64    1.61   25.67   -0.54   18.07   18.07   91.71
D3     4.26    4.44    0.79   25.06   -0.34   28.35   28.35   90.70
D4     4.92    5.07    0.50   26.94    0.37   36.91   36.92   89.43
D5    16.57   17.48    9.15   48.85   -1.56   15.77   15.84   95.65
D6    16.03   17.01    5.03   48.26   -2.10   32.11   32.17   93.73
D7    15.60   16.73    2.47   47.92   -3.09   48.10   48.19   93.68
D8    15.26   16.31    1.43   47.38   -2.70   57.59   57.65   92.69
D9    46.15   48.41   22.54   75.08   -1.50   27.31   27.35   93.13
D10   46.00   48.26   13.29   74.99   -1.54   48.12   48.15   91.83
D11   45.69   48.86    7.59   75.37   -4.00   67.29   67.41   93.40
D12   45.88   49.35    7.64   75.67   -4.78   67.61   67.79   94.05
D13   43.19   51.17   53.62   76.79  -17.36  -13.19   21.81  217.22
D14   49.50   41.61   47.64   70.60   27.08  -17.16   32.06  327.64
D15   58.81   61.52   25.25   82.65   -1.21   35.38   35.40   91.96
D16   30.23   31.37   25.38   62.82   -0.07    0.95    1.06   89.33
D17   45.53   39.71   23.24   69.26   21.83   15.97   27.06   36.21
D18   39.12   48.21   26.34   74.96  -21.92   20.19   29.81  137.36
D19   33.64   33.29   47.85   64.40    5.42  -28.09   28.61  280.92
D20   17.40   13.71    4.86   43.81   24.73   25.35   35.40   45.71
D21   25.84   25.26   16.34   57.32    6.30    9.90   11.74   57.51
D22   44.75   44.01   25.85   72.23    6.82   16.33   17.70   67.32
E1     5.59    6.32    3.72   30.23   -5.81    8.51   10.31  124.33
E2     4.86    6.06    1.93   29.56  -11.64   21.41   24.37  118.51
E3     4.43    5.79    1.22   28.89  -14.35   28.32   31.75  116.86
E4     4.22    6.05    0.67   29.52  -19.92   38.31   43.17  117.49
E5    23.41   26.99   14.06   58.96  -11.19   18.41   21.55  121.29
E6    21.10   26.60    8.84   58.60  -20.30   33.69   39.33  121.07
E7    19.21   26.84    5.33   58.83  -30.52   48.79   57.56  122.02
E8    19.13   28.08    4.07   59.97  -35.81   57.65   67.87  121.85
E9    43.94   48.16   30.13   74.93   -7.16   13.88   15.61  117.28
E10   41.35   47.89   23.52   74.75  -14.15   24.90   28.64  119.61
E11   38.51   46.83   18.60   74.08  -20.05   33.65   39.17  120.79
E12   38.19   46.66   17.69   73.98  -20.61   35.47   41.03  120.17
E13   37.83   46.97   53.15   74.18  -22.62  -17.19   28.42  217.21
E14   44.89   35.11   45.11   65.83   34.77  -22.38   41.35  327.23
E15   57.92   60.50   20.53   82.11   -1.02   43.40   43.42   91.35
E16   21.87   22.78   18.24   54.84   -0.47    1.25    1.41  105.43
E17   39.92   32.42   17.04   63.67   29.20   19.21   34.96   33.35
E18   33.06   43.28   21.01   71.74  -28.28   24.56   37.46  139.02
E19   25.53   24.53   44.33   56.62    8.07  -37.33   38.18  282.19
E20   24.40   16.64    1.14   47.80   41.25   62.01   74.48   56.36
E21   20.77   17.49    4.22   48.87   20.10   37.65   42.68   61.89
E22   33.75   29.98   11.16   61.63   17.74   31.21   35.91   60.37
F1     3.89    4.70    3.48   25.87   -9.02    2.60    9.39  163.93
F2     2.95    4.39    2.84   24.89  -19.86    5.50   20.60  164.52
F3     2.25    4.10    2.33   23.99  -29.43    8.06   30.51  164.69
F4     1.86    4.06    1.88   23.85  -37.83   12.01   39.68  162.38
F5    10.96   13.84   10.09   44.00  -16.41    4.23   16.95  165.55
F6     9.13   14.11    8.40   44.40  -32.44   10.80   34.18  161.58
F7     7.49   14.26    7.04   44.60  -47.89   16.48   50.65  161.02
F8     7.01   16.02    6.64   47.01  -62.96   22.28   66.78  160.51
F9    27.85   32.83   23.66   64.02  -14.44    6.14   15.69  156.95
F10   25.28   33.15   22.03   64.28  -26.02    9.69   27.76  159.56
F11   23.30   33.86   20.51   64.85  -37.06   13.69   39.51  159.71
F12   22.77   34.15   20.11   65.08  -40.44   14.92   43.11  159.74
F13   33.56   43.44   52.53   71.86  -27.01  -20.49   33.90  217.20
F14   40.47   29.40   42.26   61.14   41.89  -26.97   49.82  327.22
F15   56.97   59.33   16.44   81.47   -0.57   51.30   51.30   90.63
F16   15.98   16.61   13.18   47.76   -0.19    1.47    1.58   91.74
F17   35.28   26.71   12.27   58.71   35.58   22.89   42.32   32.76
F18   27.97   38.85   16.44   68.64  -33.85   29.17   44.68  139.25
F19   20.08   18.51   41.37   50.10   11.40  -44.84   46.26  284.26
F20   30.02   29.74   16.31   61.42    5.16   17.01   17.78   73.09
F21   38.46   36.25   13.85   66.71   11.51   32.32   34.31   70.39
F22   43.90   42.79   20.01   71.40    7.87   26.02   27.19   73.17
G1     2.80    3.32    2.99   21.30   -7.08   -1.90    7.34  194.99
G2     2.24    3.16    2.99   20.66  -15.44   -3.01   15.74  191.01
G3     1.87    3.07    3.05   20.32  -22.22   -3.97   22.57  190.13
G4     1.26    2.91    3.26   19.67  -35.99   -6.59   36.60  190.38
G5    11.09   13.59   12.30   43.65  -13.94   -3.16   14.30  192.79
G6     9.58   14.02   13.36   44.26  -28.15   -5.07   28.60  190.20
G7     8.23   14.37   14.24   44.76  -41.78   -6.55   42.28  188.90
G8     7.42   15.05   14.78   45.70  -53.26   -6.31   53.63  186.76
G9    28.43   33.14   27.49   64.28  -13.20   -0.19   13.20  180.85
G10   25.44   33.07   29.24   64.21  -25.05   -3.18   25.25  187.24
G11   24.15   34.59   31.24   65.43  -35.85   -4.24   36.10  186.74
G12   23.57   34.66   31.55   65.48  -38.60   -4.62   38.87  186.83
G13   29.76   40.08   51.82   69.52  -30.75  -23.74   38.85  217.68
G14   36.63   24.72   39.49   56.81   48.31  -30.85   57.32  327.43
G15   56.46   58.43   12.96   80.98    0.27   59.35   59.35   89.74
G16   10.18   10.54    8.81   38.79    0.15   -0.38    0.63  270.76
G17   31.15   21.97    8.35   54.00   41.35   27.51   49.67   33.65
G18   23.26   34.36   12.41   65.25  -38.93   33.76   51.53  139.07
G19   15.42   13.49   38.02   43.50   14.94  -51.83   53.94  286.08
G20   40.54   40.57   18.99   69.87    4.45   25.54   25.93   80.10
G21   39.14   38.97   12.47   68.73    4.99   39.60   39.92   82.81
G22   46.69   43.85    3.45   72.13   12.76   82.57   83.56   81.21
H1     2.91    3.29    3.55   21.17   -4.58   -5.97    7.52  232.51
H2     2.54    3.26    4.37   21.04  -10.93  -11.22   15.66  225.73
H3     2.03    2.94    5.05   19.80  -16.22  -17.08   23.56  226.48
H4     1.83    2.97    6.39   19.90  -21.39  -23.34   31.66  227.50
H5     9.11   10.56   11.64   38.82   -8.54   -9.56   12.82  228.20
H6     8.22   10.56   14.90   38.82  -16.22  -18.50   24.60  228.76
H7     7.80   11.14   20.17   39.81  -24.28  -28.78   37.64  229.85
H8     7.17   11.22   23.99   39.94  -30.90  -35.99   47.43  229.36
H9    30.20   33.13   29.91   64.26   -6.41   -4.15    7.64  212.88
H10   28.55   33.07   33.97   64.21  -12.51  -10.42   16.29  219.79
H11   27.99   33.65   38.47   64.68  -16.74  -15.91   23.10  223.55
H12   27.05   34.03   45.73   64.99  -21.78  -24.58   32.84  228.45
H13   26.68   37.11   50.99   67.36  -33.51  -26.56   42.76  218.40
H14   33.17   20.85   36.83   52.79   53.83  -34.18   63.76  327.58
H15   55.99   57.57   10.53   80.50    1.19   65.73   65.74   88.96
H16    6.64    6.84    5.73   31.42    0.49   -0.40    0.65  305.48
H17   27.57   18.12    5.78   49.64   46.43   30.73   55.68   33.50
H18   19.67   30.73    9.65   62.28  -43.03   37.19   56.89  139.16
H19   11.94    9.80   34.85   37.49   18.72  -57.79   60.75  287.95
H20   44.02   45.44   19.03   73.18    0.59   31.15   31.17   88.91
H21   36.50   38.65   24.99   68.49   -2.51   11.42   11.69  102.41
H22   38.29   42.11   13.51   70.94   -7.26   40.52   41.17  100.16
I1     4.61    4.73    6.64   25.97    0.60  -13.93   13.94  272.43
I2     4.56    4.64    9.73   25.68    1.11  -26.17   26.19  272.43
I3     4.37    4.43   13.99   25.07    1.28  -39.84   39.86  271.84
I4     4.26    4.25   18.03   24.49    2.18  -50.63   50.68  272.47
I5    12.56   13.00   14.40   42.76    0.12  -10.42   10.43  270.60
I6    12.97   13.37   19.31   43.31    0.49  -20.92   20.93  271.33
I7    13.69   13.97   25.16   44.18    1.49  -30.80   30.83  272.76
I8    13.99   14.01   31.76   44.26    3.01  -41.54   41.65  274.14
I9    31.81   33.39   30.84   64.47   -1.38   -5.26    5.43  255.30
I10   32.12   33.68   34.50   64.71   -1.31  -10.34   10.42  262.82
I11   32.47   34.02   39.19   64.97   -1.19  -16.38   16.42  265.85
I12   31.79   33.01   47.50   64.17   -0.15  -28.08   28.08  269.69
I13   24.05   34.50   50.25   65.36  -35.93  -29.18   46.29  219.07
I14   29.40   17.03   33.43   48.31   59.36  -37.06   69.98  328.02
I15   55.53   56.56    8.27   79.93    2.49   72.52   72.57   88.04
I16    3.48    3.72    2.95   22.72   -1.67    0.87    1.89  151.77
I17   24.07   14.62    3.65   45.11   51.40   34.62   61.97   33.97
I18   16.55   27.28    7.18   59.24  -46.46   41.14   62.05  138.48
I19    9.12    6.80   31.30   31.33   23.79  -63.11   67.44  290.65
I20   43.93   48.50   19.55   75.14   -8.14   33.44   34.42  103.67
I21   13.99   18.67    5.14   50.29  -23.02   35.07   41.95  123.28
I22   31.15   39.42   20.14   69.06  -23.55   21.70   32.03  137.33
J1     1.52    1.29    2.59   11.24    7.97  -16.16   18.01  296.24
J2     1.84    1.29    4.79   11.24   16.21  -30.45   34.50  298.03
J3     2.12    1.26    8.05   11.01   23.74  -45.48   51.30  297.55
J4     2.19    1.16   10.22   10.31   28.21  -54.27   61.17  297.46
J5     8.25    7.99    9.56   33.96    4.97  -11.31   12.35  293.72
J6     8.92    7.94   13.31   33.85   11.26  -22.88   25.49  296.19
J7     9.72    8.02   18.12   34.03   17.05  -34.37   38.37  296.38
J8    10.68    8.41   23.04   34.83   21.12  -43.04   47.94  296.14
J9    26.13   26.74   25.27   58.74    1.41   -5.90    6.07  283.52
J10   27.39   27.14   28.55   59.10    4.94  -10.86   11.94  294.49
J11   29.35   28.20   33.85   60.08    8.45  -17.40   19.33  295.93
J12   30.78   28.22   40.80   60.08   13.77  -26.91   30.23  297.10
J13   21.80   32.12   49.43   63.44  -37.87  -31.55   49.29  219.80
J14   26.40   14.33   30.49   44.71   63.02  -38.81   74.01  328.38
J15   55.14   55.63    6.60   79.40    3.78   78.35   78.44   87.24
J16    1.85    1.90    1.47   14.95    0.30    1.14    1.22   76.17
J17   21.41   12.19    2.31   41.51   54.87   38.47   67.01   35.03
J18   13.94   24.19    5.32   56.28  -49.10   44.47   66.24  137.83
J19    6.96    4.64   27.82   25.65   28.61  -67.32   73.14  293.03
J20   32.13   41.00   26.99   70.18  -24.80   10.84   27.06  156.39
J21    3.77    7.52    1.23   32.95  -41.36   35.18   54.30  139.62
J22    0.87    1.90    0.53   14.92  -29.07   15.68   33.03  151.66
K1     2.65    2.21    2.72   16.56   10.59   -8.01   13.27  322.89
K2     3.13    2.12    3.77   16.09   21.20  -16.13   26.64  322.73
K3     3.68    2.04    4.96   15.68   31.70  -23.70   39.58  323.21
K4     4.13    2.01    6.02   15.55   38.97  -29.15   48.67  323.20
K5     7.28    6.30    7.45   30.17   12.34  -10.10   15.94  320.68
K6     8.64    6.23    9.82   30.00   25.45  -19.02   31.78  323.21
K7    10.38    6.22   13.15   29.98   39.67  -29.12   49.21  323.71
K8    11.72    6.34   15.98   30.25   48.31  -35.93   60.21  323.36
K9    22.89   21.78   21.35   53.79    8.77   -7.07   11.26  321.13
K10   25.08   21.92   25.10   53.94   17.72  -13.88   22.51  321.93
K11   28.75   22.90   29.26   54.97   28.12  -19.15   34.02  325.76
K12   31.90   23.62   34.06   55.71   36.75  -25.22   44.57  325.54
K13   18.87   28.83   48.11   60.62  -39.98  -34.90   53.07  221.12
K14   22.73   11.32   26.57   40.11   67.03  -40.28   78.21  328.99
K15   55.03   54.59    4.69   78.81    6.09   86.60   86.81   85.98
K16    0.81    0.86    0.58    7.70   -0.57    2.41    2.50  103.59
K17   17.99    9.41    1.06   36.76   58.32   44.11   73.12   37.10
K18   10.76   19.97    3.24   51.79  -51.53   48.98   71.10  136.45
K19    4.81    2.64   22.85   18.56   35.07  -70.72   78.93  296.38
K20    3.33    4.41    3.22   25.00  -13.91    2.87   14.22  168.40
K21    1.63    2.37    2.14   17.30  -15.06   -1.84   15.17  186.98
K22    2.12    2.86    4.06   19.47  -12.82  -12.11   17.64  223.38
L1     2.78    2.38    2.28   17.35    9.42   -2.99    9.88  342.40
L2     3.19    2.23    2.46   16.65   19.74   -5.68   20.55  343.95
L3     3.65    2.12    2.49   16.08   29.76   -6.96   30.56  346.84
L4     4.36    2.18    2.86   16.38   38.60   -9.35   39.72  346.38
L5     7.43    6.30    5.94   30.15   13.81   -3.62   14.28  345.32
L6     9.08    6.26    6.35   30.06   28.93   -5.64   29.48  348.98
L7    11.34    6.25    6.86   30.05   46.46   -7.85   47.11  350.42
L8    12.60    6.52    7.14   30.70   52.43   -7.93   53.03  351.40
L9    22.05   20.88   18.11   52.81    9.12   -1.96    9.33  347.93
L10   25.10   21.36   18.80   53.35   20.36   -2.53   20.51  352.90
L11   28.43   22.10   19.89   54.14   30.47   -3.49   30.67  353.47
L12   30.47   22.92   20.60   55.00   34.53   -3.49   34.71  354.22
L13   15.27   24.18   45.88   56.28  -40.98  -39.78   57.12  224.15
L14   18.15    8.18   20.98   34.36   69.41  -39.81   80.02  330.17
L15   54.26   52.31    2.81   77.46    9.94   96.35   96.86   84.11
L16    0.17    0.19    0.12    1.67   -0.28    0.51    0.59  118.49
L17   13.94    6.66    0.31   31.01   59.78   47.76   76.52   38.62
L18    7.21   14.60    1.58   45.07  -52.61   51.89   73.89  135.39
L19    2.91    1.18   15.69   10.40   41.90  -69.44   81.11  301.10
L20    0.71    0.91    1.22    8.25   -7.12   -7.28   10.19  225.68
L21    1.17    1.09    1.34    9.73    4.11   -6.21    7.45  303.60
L22    2.89    2.26    2.03   16.76   14.15   -1.61   14.24  353.52
GS0    62.47   64.03   53.54   83.98    1.68   -0.69    1.82  337.71
GS1    58.40   60.43   48.93   82.07    0.32    1.12    1.17   74.07
GS2    51.78   53.73   43.37   78.31   -0.08    1.26    1.26   93.62
GS3    45.39   47.19   38.32   74.31   -0.34    0.90    0.98  109.11
GS4    39.56   41.26   33.07   70.36   -0.73    1.51    1.69  115.37
GS5    34.28   35.82   29.35   66.38   -0.89    0.38    0.97  157.67
GS6    28.92   30.38   24.72   61.97   -1.43    0.66    1.59  154.57
GS7    24.35   25.67   20.83   57.72   -1.68    0.75    1.86  155.21
GS8    20.42   21.53   17.95   53.53   -1.64   -0.35    1.69  192.42
GS9    16.95   17.92   14.88   49.40   -1.75   -0.19    1.77  186.15
GS10   13.77   14.59   12.17   45.06   -1.78   -0.34    1.82  190.74
GS11   11.55   12.26   10.12   41.61   -1.90   -0.00    1.90  180.05
GS12    9.51   10.11    8.28   38.05   -1.91    0.27    1.93  171.93
GS13    7.73    8.20    6.62   34.40   -1.70    0.65    1.83  159.29
GS14    5.81    6.11    4.94   29.69   -0.92    0.52    1.06  149.54
GS15    4.65    4.85    3.78   26.31   -0.29    1.41    1.45  101.32
GS16    3.72    3.90    3.09   23.36   -0.68    0.98    1.20  123.26
GS17    2.82    2.97    2.30   19.92   -0.86    1.25    1.52  122.20
GS18    1.91    1.98    1.59   15.40   -0.01    0.61    0.74   77.88
GS19    1.17    1.25    0.97   10.88   -0.69    0.84    1.10  133.57
GS20    0.65    0.70    0.50    6.33   -0.80    1.43    1.64  119.71
GS21    0.45    0.49    0.32    4.41   -0.94    1.49    1.76  122.97
GS22    0.17    0.22    0.15    1.92   -1.21    0.55    1.33  156.04
GS23    0.05    0.07    0.08    0.63   -0.60   -0.37    0.70  211.30
END_DATA