IT8.7/1
ORIGINATOR "FotoTune"
DESCRIPTOR "Agfa IT8"
MATERIAL "AgfachromeRS100Plus"
MANUFACTURER "Agfa"
CREATED "Fri May 31 17:25:42 1996"
PROD_DATE "1996:05"
SERIAL "4x5 b60529xx"
NUMBER_OF_FIELDS 9
BEGIN_DATA_FORMAT
SAMPLE_ID XYZ_X XYZ_Y XYZ_Z LAB_L LAB_A LAB_B LAB_C LAB_H
END_DATA_FORMAT
NUMBER_OF_SETS 288
BEGIN_DATA
A1     2.79    2.19    1.65   16.45   13.69    1.76   13.80    7.28
A2     3.34    2.20    1.46   16.49   22.98    3.95   23.31    9.76
A3     3.88    2.18    1.25   16.40   31.61    6.39   32.25   11.43
A4     4.81    2.36    1.27   17.27   40.68    7.59   41.38   10.57
A5    10.54    8.94    6.49   35.86   15.53    3.75   15.98   13.55
A6    12.76    9.23    5.61   36.41   28.86    8.79   30.17   16.94
A7    14.79    9.16    4.94   36.28   42.27   11.94   43.92   15.77
A8    16.35    8.99    4.66   35.97   52.72   12.92   54.28   13.77
A9    30.00   28.63   21.51   60.44    9.25    4.11   10.13   23.95
A10   31.52   28.34   20.32   60.18   16.01    6.07   17.13   20.75
A11   33.79   28.80   19.73   60.59   22.31    8.01   23.71   19.74
A12   35.13   29.44   19.87   61.16   24.47    8.69   25.97   19.54
A13   61.95   64.54   55.36   84.24   -0.65   -2.18    2.28  253.50
A14   64.24   65.56   55.37   84.77    2.32   -1.28    2.65  331.25
A15   63.86   65.76   52.25   84.87    1.02    2.25    2.48   65.06
A16   61.14   63.60   52.23   83.75   -0.43    0.35    0.57  145.70
A17   63.67   65.24   52.40   84.61    1.73    1.63    2.39   43.00
A18   61.49   64.27   52.59   84.10   -1.13    0.55    1.26  154.37
A19   62.01   64.33   55.63   84.13   -0.04   -2.65    2.66  269.37
A20    2.22    1.33    0.46   11.49   23.62   11.09   26.09   25.13
A21    5.74    2.98    0.34   19.96   40.21   27.96   48.98   34.81
A22    9.79    4.66    0.25   25.72   53.38   39.65   66.49   36.60
B1     4.09    3.48    2.11   21.88   11.04    6.44   12.79   30.28
B2     4.58    3.36    1.22   21.44   19.72   15.47   25.07   38.13
B3     5.04    3.23    0.62   20.95   27.57   24.33   36.77   41.43
B4     5.42    3.11    0.27   20.48   34.23   30.19   45.64   41.41
B5    13.03   11.46    6.83   40.34   13.71   10.03   16.99   36.22
B6    15.31   11.81    4.68   40.90   25.47   21.30   33.20   39.90
B7    17.69   12.02    3.17   41.23   37.40   31.24   48.73   39.87
B8    19.68   12.48    2.42   41.96   44.53   38.34   58.76   40.73
B9    35.41   34.72   24.21   65.52    6.63    7.72   10.18   49.36
B10   36.83   34.52   21.72   65.36   12.04   12.18   17.13   45.32
B11   38.01   34.35   19.58   65.23   16.47   16.30   23.18   44.71
B12   39.36   34.98   19.35   65.72   18.60   17.66   25.65   43.50
B13   55.78   60.34   54.92   82.02   -5.92   -5.55    8.12  223.17
B14   59.28   56.93   53.03   80.14   10.76   -6.77   12.71  327.83
B15   61.99   64.43   42.37   84.19   -0.32   12.66   12.67   91.41
B16   49.84   51.65   41.49   77.06    0.10    1.50    1.53   85.76
B17   57.26   55.91   41.53   79.56    8.36    5.75   10.16   34.52
B18   53.74   59.01   43.10   81.30   -7.93    6.76   10.42  139.56
B19   52.06   53.17   53.28   77.96    2.07  -10.79   10.99  280.87
B20    3.99    2.50    0.52   17.91   26.70   21.02   33.99   38.21
B21    9.35    4.50    0.26   25.26   51.80   38.66   64.64   36.74
B22   32.16   27.95   15.76   59.83   19.81   15.63   25.24   38.26
C1     7.09    6.71    3.92   31.14    6.29    8.93   10.93   54.86
C2     7.59    6.83    2.53   31.41    9.87   19.23   21.62   62.87
C3     8.02    6.72    1.20   31.16   15.01   32.56   35.86   65.27
C4     9.17    7.14    0.53   32.12   20.77   45.44   49.96   65.43
C5    24.34   23.08   11.67   55.15    9.29   18.52   20.72   63.37
C6    26.44   23.44    7.05   55.52   16.54   35.27   38.96   64.88
C7    28.63   23.92    3.75   56.00   23.21   52.82   57.70   66.28
C8    29.49   23.95    2.49   56.03   26.37   61.99   67.37   66.95
C9    41.26   41.38   26.77   70.43    4.21   11.67   12.40   70.20
C10   41.90   41.19   22.56   70.30    6.69   19.07   20.22   70.68
C11   43.30   41.40   19.13   70.45   10.25   26.26   28.20   68.68
C12   44.18   41.88   18.28   70.77   11.40   28.68   30.86   68.34
C13   50.14   56.41   54.49   79.85  -11.07   -8.83   14.17  218.59
C14   53.94   48.43   50.37   75.09   19.33  -12.53   23.04  327.04
C15   60.19   63.03   32.70   83.45   -1.38   24.65   24.69   93.20
C16   39.86   41.15   32.86   70.27    0.55    1.68    1.83   71.39
C17   51.16   47.47   31.47   74.48   14.74   11.04   18.42   36.81
C18   46.90   54.17   33.73   78.56  -14.40   14.67   20.56  134.47
C19   42.64   42.65   50.63   71.30    4.58  -19.35   19.89  283.32
C20    2.78    2.16    0.72   16.27   14.24   14.55   20.36   45.62
C21   27.39   21.74    7.89   53.74   28.03   28.82   40.21   45.80
C22   38.90   36.58   22.20   66.95   11.86   13.96   18.32   49.64
D1     4.99    4.97    2.84   26.64    2.50    8.49    8.88   73.67
D2     4.99    4.99    1.73   26.71    2.23   18.52   18.67   83.15
D3     4.67    4.67    0.84   25.77    2.17   28.70   28.80   85.67
D4     5.73    5.71    0.55   28.66    2.53   39.18   39.26   86.30
D5    18.60   19.11   10.01   50.81    0.94   16.24   16.27   86.71
D6    18.44   19.03    5.75   50.71    0.49   32.77   32.78   89.14
D7    18.41   19.19    2.97   50.89   -0.44   49.36   49.37   90.51
D8    17.82   18.62    1.60   50.23   -0.71   60.53   60.53   90.67
D9    46.42   48.30   23.76   75.00   -0.43   24.91   24.91   91.00
D10   46.97   49.23   14.56   75.59   -1.38   45.80   45.83   91.73
D11   47.36   50.69    8.39   76.49   -4.16   66.18   66.32   93.60
D12   47.40   50.96    8.38   76.65   -4.76   66.48   66.65   94.09
D13   45.14   52.75   54.06   77.73  -15.77  -12.03   19.84  217.34
D14   48.93   40.97   47.75   70.14   27.47  -18.07   32.88  326.67
D15   59.08   62.02   26.42   82.92   -1.72   33.81   33.85   92.90
D16   30.50   31.24   25.09   62.70    1.39    1.29    1.99   43.81
D17   45.18   39.37   23.84   69.01   21.92   14.42   26.24   33.33
D18   40.76   49.54   27.17   75.78  -20.38   20.22   28.71  135.22
D19   34.04   33.02   47.51   64.16    7.79  -28.09   29.16  285.50
D20   18.04   14.21    5.28   44.52   25.03   24.39   34.95   44.26
D21   26.37   25.48   16.23   57.52    7.57   10.51   12.96   54.27
D22   43.41   42.37   25.40   71.11    7.68   15.23   17.06   63.20
E1     6.14    6.61    3.97   30.90   -2.47    8.15    8.54  106.95
E2     5.46    6.49    2.10   30.62   -9.01   21.64   23.45  112.59
E3     4.91    6.17    1.33   29.83  -12.25   28.49   31.02  113.26
E4     4.73    6.61    0.73   30.89  -19.10   39.49   43.87  115.81
E5    25.69   28.67   14.94   60.48   -7.94   18.78   20.39  112.93
E6    23.80   28.91    9.79   60.70  -16.95   34.03   38.02  116.49
E7    21.80   29.26    5.90   61.01  -27.36   49.81   56.83  118.78
E8    21.42   30.33    4.47   61.94  -33.12   58.77   67.46  119.40
E9    45.49   49.32   31.47   75.64   -5.81   13.04   14.28  114.01
E10   44.11   50.23   25.87   76.21  -12.21   23.20   26.22  117.77
E11   41.23   49.19   20.52   75.57  -18.05   32.19   36.90  119.28
E12   40.70   48.82   19.84   75.33  -18.66   33.20   38.08  119.35
E13   39.89   48.68   53.45   75.25  -20.79  -15.65   26.02  216.98
E14   44.13   34.34   44.80   65.23   35.20  -23.05   42.07  326.79
E15   58.06   60.89   21.01   82.32   -1.58   42.84   42.87   92.12
E16   21.34   22.06   17.55   54.08    0.32    1.53    1.70   77.55
E17   39.61   32.22   17.22   63.52   28.88   18.57   34.34   32.73
E18   34.49   44.42   21.12   72.50  -26.59   25.68   36.98  136.00
E19   26.37   24.81   44.20   56.87   10.38  -36.72   38.16  285.79
E20   23.78   16.57    1.17   47.70   38.94   61.40   72.71   57.62
E21   22.42   19.12    4.69   50.81   19.41   38.36   43.00   63.16
E22   33.21   29.58   11.29   61.28   17.30   30.24   34.84   60.23
F1     4.33    4.94    3.71   26.54   -5.71    2.30    6.19  157.85
F2     3.31    4.69    3.14   25.83  -17.83    4.88   18.48  164.67
F3     2.59    4.45    2.69   25.10  -27.51    7.01   28.39  165.72
F4     2.18    4.46    2.27   25.12  -35.91   10.59   37.44  163.56
F5    12.57   15.18   10.60   45.88  -13.18    5.82   14.41  156.17
F6    10.21   14.95    9.29   45.56  -28.79    9.60   30.36  161.56
F7     8.81   15.71    8.04   46.58  -44.56   15.91   47.32  160.35
F8     7.87   17.32    7.82   48.66  -61.84   20.34   65.10  161.79
F9    30.18   34.55   24.82   65.39  -11.36    6.40   13.05  150.56
F10   27.42   34.73   22.85   65.52  -22.65   10.29   24.88  155.56
F11   25.66   35.92   22.05   66.45  -33.85   13.42   36.42  158.38
F12   25.14   36.36   22.09   66.79  -37.49   13.93   40.01  159.63
F13   36.15   45.66   52.94   73.32  -24.50  -18.41   30.65  216.94
F14   40.91   30.08   42.83   61.72   40.71  -26.66   48.66  326.78
F15   57.36   60.03   17.41   81.85   -1.27   49.71   49.73   91.46
F16   17.12   17.68   13.98   49.09    0.38    1.66    1.79   76.42
F17   36.03   27.84   13.29   59.74   33.63   21.84   40.11   32.99
F18   30.12   40.66   17.25   69.93  -31.17   29.53   42.94  136.55
F19   21.68   19.84   41.78   51.65   12.38  -42.70   44.46  286.17
F20   30.13   29.50   15.90   61.20    6.47   17.67   18.82   69.90
F21   37.58   35.15   13.72   65.85   12.38   31.22   33.59   68.38
F22   41.73   40.36   19.06   69.71    8.70   25.14   26.61   70.91
G1     3.14    3.50    3.05   21.93   -3.84   -1.17    4.04  197.13
G2     2.47    3.23    3.01   20.93  -11.68   -2.61   11.98  192.69
G3     2.08    3.20    3.24   20.83  -19.60   -4.44   20.10  192.79
G4     1.47    3.13    3.68   20.56  -33.77   -7.87   34.68  193.11
G5    12.71   15.01   12.85   45.64  -11.28   -1.27   11.36  186.46
G6    10.67   14.89   14.06   45.47  -24.98   -4.83   25.44  190.94
G7     9.14   15.12   15.12   45.79  -38.40   -7.00   39.03  190.32
G8     8.26   15.99   16.01   46.96  -51.04   -7.16   51.54  187.98
G9    30.28   34.46   28.04   65.31  -10.67    0.71   10.70  176.13
G10   27.61   34.84   30.14   65.61  -22.26   -2.18   22.37  185.58
G11   26.04   36.08   31.97   66.57  -32.77   -3.36   32.95  185.85
G12   25.80   36.68   33.02   67.04  -35.75   -4.13   35.99  186.59
G13   31.61   41.77   52.26   70.71  -29.00  -22.18   36.51  217.42
G14   36.22   24.35   39.48   56.42   48.56  -31.49   57.88  327.04
G15   56.71   59.04   13.71   81.31   -0.55   57.90   57.91   90.54
G16   11.86   12.20    9.78   41.51    0.71    1.01    1.36   56.57
G17   31.04   21.98    8.97   54.00   40.92   25.29   48.11   31.71
G18   24.89   35.92   13.20   66.45  -37.10   33.66   50.09  137.79
G19   16.02   13.80   38.03   43.93   16.53  -51.10   53.71  287.92
G20   39.48   39.15   18.67   68.85    5.50   24.48   25.09   77.34
G21   38.60   38.08   12.61   68.06    6.10   38.08   38.57   80.90
G22   45.79   42.96    3.32   71.52   12.82   82.40   83.39   81.16
H1     3.22    3.40    3.53   21.59   -0.98   -5.09    5.23  259.31
H2     2.74    3.30    4.37   21.19   -7.84  -10.96   13.49  234.46
H3     2.26    3.13    5.23   20.55  -14.41  -16.66   22.03  229.16
H4     1.95    3.11    6.71   20.50  -21.12  -23.68   31.74  228.27
H5    10.65   12.11   12.59   41.38   -7.44   -7.89   10.86  226.63
H6     9.75   12.08   16.12   41.35  -14.23  -17.11   22.26  230.24
H7     8.60   12.00   20.26   41.22  -23.24  -26.52   35.26  228.77
H8     7.59   11.80   23.89   40.89  -30.93  -34.16   46.08  227.83
H9    31.45   33.99   29.92   64.94   -4.77   -2.97    5.62  211.97
H10   30.79   34.71   34.69   65.51   -9.62   -9.21   13.32  223.78
H11   29.69   34.76   38.87   65.55  -13.91  -14.94   20.41  227.05
H12   28.57   35.33   45.95   65.99  -20.13  -23.10   30.64  228.95
H13   28.43   38.86   51.54   68.65  -32.10  -24.94   40.65  217.85
H14   32.23   19.95   36.22   51.78   54.82  -35.07   65.08  327.39
H15   56.23   58.14   10.87   80.81    0.42   65.24   65.24   89.64
H16    7.50    7.62    6.39   33.17    1.42   -0.40    1.58  273.27
H17   27.27   17.90    6.06   49.36   46.43   29.01   54.76   31.99
H18   21.16   32.21   10.10   63.51  -41.15   37.86   55.92  137.39
H19   12.35    9.88   34.68   37.61   20.92  -57.31   61.01  290.05
H20   43.16   44.45   18.83   72.52    0.87   30.48   30.50   88.37
H21   36.33   37.93   24.27   67.96   -0.80   11.82   11.86   93.87
H22   38.33   41.67   13.59   70.63   -5.84   39.80   40.23   98.35
I1     5.05    4.98    6.71   26.67    3.15  -13.01   13.40  283.60
I2     4.95    4.91    9.61   26.48    2.71  -24.39   24.54  276.32
I3     4.76    4.77   13.83   26.07    2.13  -37.69   37.76  273.23
I4     4.46    4.56   17.76   25.43    0.87  -48.37   48.37  271.03
I5    14.65   14.96   15.48   45.57    1.41   -8.28    8.41  279.72
I6    14.74   14.97   20.10   45.58    1.89  -18.67   18.77  275.79
I7    15.22   15.34   25.67   46.09    2.51  -28.40   28.51  275.05
I8    15.37   15.39   31.97   46.16    3.14  -38.55   38.68  274.65
I9    33.20   34.16   31.04   65.08    0.90   -4.50    4.61  281.44
I10   33.18   34.10   34.31   65.03    1.05   -9.48    9.55  276.37
I11   33.61   34.57   39.01   65.40    0.98  -15.38   15.42  273.66
I12   33.08   33.83   47.68   64.82    1.62  -27.16   27.21  273.40
I13   26.02   36.53   50.96   66.92  -34.36  -27.28   43.87  218.45
I14   28.76   16.46   33.11   47.57   60.03  -37.84   70.96  327.77
I15   55.85   57.24    8.47   80.31    1.64   72.47   72.49   88.70
I16    4.37    4.39    3.68   24.89    1.91   -0.36    2.01  278.01
I17   23.95   14.57    3.83   45.04   51.19   33.42   61.14   33.14
I18   18.26   29.05    7.46   60.82  -44.03   42.76   61.38  135.84
I19    9.59    6.99   31.31   31.78   25.70  -62.35   67.44  292.40
I20   43.80   48.12   19.83   74.89   -7.47   32.44   33.29  102.97
I21   14.86   19.09    5.62   50.78  -19.82   33.52   38.94  120.60
I22   31.76   39.16   19.78   68.86  -20.54   22.14   30.20  132.86
J1     1.69    1.35    2.78   11.64   10.77  -16.93   20.07  302.44
J2     2.02    1.36    5.01   11.66   18.67  -30.89   36.10  301.15
J3     2.21    1.26    7.93   10.98   25.70  -45.04   51.86  299.71
J4     2.21    1.13    9.90   10.05   29.65  -53.66   61.31  298.92
J5     8.97    8.38    9.87   34.75    7.75  -10.99   13.45  305.21
J6     9.47    8.25   13.14   34.48   13.09  -21.31   25.01  301.56
J7    10.33    8.43   17.47   34.85   18.26  -31.46   36.38  300.13
J8    11.24    8.73   22.36   35.45   22.45  -40.64   46.43  298.93
J9    27.80   27.74   25.31   59.64    4.24   -4.39    6.13  314.23
J10   28.18   27.40   28.42   59.33    7.04  -10.23   12.43  304.57
J11   29.21   27.72   32.44   59.63    9.78  -16.04   18.79  301.37
J12   31.21   28.49   40.20   60.33   14.28  -25.70   29.40  299.07
J13   23.76   34.27   50.28   65.17  -36.43  -29.54   46.91  219.04
J14   25.42   13.46   29.83   43.44   64.39  -39.91   75.76  328.21
J15   55.69   56.61    6.93   79.96    2.76   77.93   77.98   87.97
J16    2.12    2.16    1.67   16.30    0.72    1.26    1.59   63.37
J17   20.84   11.75    2.47   40.80   55.22   35.86   65.84   33.00
J18   15.71   26.17    5.76   58.20  -46.71   45.62   65.29  135.68
J19    7.19    4.61   27.52   25.59   31.15  -66.94   73.83  294.95
J20   33.44   41.61   27.44   70.59  -21.98   10.81   24.50  153.82
J21    4.30    8.28    1.32   34.53  -40.65   36.69   54.76  137.94
J22    0.93    1.94    0.57   15.13  -27.86   15.29   31.78  151.27
K1     2.94    2.32    2.94   17.09   13.52   -8.74   16.11  327.09
K2     3.39    2.21    3.94   16.54   23.53  -16.42   28.69  325.08
K3     3.92    2.13    5.13   16.15   33.42  -23.78   41.02  324.57
K4     4.53    2.15    6.30   16.27   41.26  -29.15   50.52  324.76
K5     7.93    6.64    7.49   30.98   14.93   -8.85   17.37  329.35
K6     9.31    6.60    9.72   30.88   27.26  -17.15   32.21  327.84
K7    10.81    6.42   12.64   30.45   40.87  -26.87   48.91  326.69
K8    11.91    6.40   15.48   30.38   49.06  -34.46   59.96  324.91
K9    23.72   22.24   20.73   54.28   10.33   -4.96   11.48  334.41
K10   26.51   23.11   24.55   55.18   18.26  -10.71   21.18  329.62
K11   29.17   23.68   28.53   55.75   26.32  -16.57   31.10  327.80
K12   31.99   24.44   33.79   56.53   33.50  -23.40   40.87  325.07
K13   20.75   31.01   49.10   62.51  -38.79  -32.79   50.79  220.21
K14   21.68   10.50   25.72   38.71   68.17  -41.22   79.66  328.84
K15   55.31   55.30    4.81   79.21    5.03   86.66   86.80   86.68
K16    1.07    1.08    0.88    9.64    1.01    0.18    1.07   87.66
K17   17.36    8.95    1.10   35.89   58.67   42.03   72.17   35.62
K18   12.43   21.97    3.51   53.99  -49.13   50.88   70.73  134.00
K19    4.79    2.51   22.32   17.94   37.54  -70.79   80.13  297.94
K20    3.63    4.54    3.29   25.35  -10.71    3.04   11.15  164.11
K21    1.80    2.46    2.20   17.69  -12.80   -1.62   12.91  187.25
K22    2.19    2.85    3.83   19.42  -11.29  -10.72   15.58  223.55
L1     3.11    2.54    2.42   18.09   12.27   -2.88   12.61  346.73
L2     3.51    2.35    2.63   17.23   22.47   -6.08   23.28  344.84
L3     3.95    2.22    2.73   16.61   31.75   -7.96   32.74  345.94
L4     4.81    2.34    3.25   17.16   41.19  -10.87   42.60  345.23
L5     8.25    6.82    6.10   31.39   16.07   -2.19   16.23  352.27
L6     9.90    6.68    6.53   31.07   31.25   -4.66   31.60  351.53
L7    11.33    6.16    7.07   29.82   47.39   -9.13   48.27  349.11
L8    12.31    6.30    7.48   30.15   52.81  -10.22   53.79  349.06
L9    23.64   22.19   18.07   54.23   10.20    0.62   10.26  147.40
L10   26.64   22.74   19.01   54.80   20.45   -0.46   20.46  214.72
L11   29.31   23.36   20.32   55.44   28.24   -2.11   28.33  355.75
L12   30.84   23.91   21.18   55.99   31.61   -2.90   31.75  354.78
L13   17.13   26.69   47.17   58.68  -40.84  -37.16   55.21  222.30
L14   17.20    7.52   20.22   32.97   70.37  -40.67   81.28  329.98
L15   54.79   53.27    2.81   78.03    8.82   97.29   97.69   84.82
L16    0.23    0.21    0.14    1.94    1.00    0.70    1.23   35.06
L17   13.43    6.30    0.29   30.15   60.24   46.45   76.07   37.63
L18    8.78   16.69    1.71   47.86  -50.36   55.15   74.69  132.40
L19    2.88    1.09   15.39    9.73   44.20  -69.88   82.69  302.32
L20    0.75    0.91    1.26    8.23   -5.13   -7.86    9.39  236.91
L21    1.22    1.08    1.40    9.66    5.91   -7.04    9.21  309.89
L22    3.08    2.30    2.08   16.99   16.31   -1.72   16.40  353.99
GS0    63.18   64.98   54.45   84.47    1.19   -0.82    1.45  325.33
GS1    58.97   61.54   50.11   82.67   -0.90    0.83    1.23  138.22
GS2    53.09   55.14   44.68   79.12   -0.21    1.05    1.08  100.51
GS3    46.03   47.53   38.83   74.52    0.56    0.58    0.89   41.64
GS4    40.93   42.27   33.75   71.06    0.53    1.70    1.82   72.08
GS5    35.36   36.46   29.01   66.86    0.68    1.78    1.93   68.95
GS6    30.17   31.11   24.61   62.59    0.66    1.96    2.08   70.74
GS7    25.77   26.39   20.99   58.41    1.35    1.62    2.16   48.33
GS8    21.83   22.50   18.03   54.55    0.60    1.26    1.45   58.81
GS9    18.66   19.19   15.35   50.90    0.83    1.25    1.62   47.51
GS10   16.04   16.62   13.22   47.77    0.09    1.38    1.47   93.43
GS11   13.32   13.81   10.92   43.95    0.04    1.50    1.60   93.42
GS12   10.40   10.79    8.78   39.22   -0.03    0.53    0.99  120.91
GS13    8.26    8.48    6.83   34.95    0.72    0.75    1.19   42.06
GS14    6.62    6.79    5.44   31.31    0.78    0.85    1.32   48.54
GS15    4.99    5.10    4.10   27.00    1.00    0.65    1.27   36.19
GS16    3.78    3.87    3.16   23.21    0.73    0.24    0.86   96.62
GS17    2.84    2.80    2.16   19.22    2.57    1.43    2.98   29.96
GS18    1.93    1.87    1.38   14.77    3.19    1.93    3.74   31.72
GS19    1.19    1.24    1.00   10.82   -0.05    0.40    0.75   94.11
GS20    0.66    0.68    0.51    6.19   -0.07    1.09    1.24   93.12
GS21    0.47    0.51    0.41    4.59   -0.70    0.19    0.76  162.72
GS22    0.22    0.25    0.18    2.30   -0.98    0.56    1.15  150.01
GS23    0.08    0.10    0.10    0.88   -0.51   -0.30    0.59  210.59
END_DATA