IT8.7/1
ORIGINATOR "FotoTune"
DESCRIPTOR "Agfa IT8"
MATERIAL "AgfachromeRS100Plus"
MANUFACTURER "Agfa"
CREATED "Mon Jun 10 16:07:10 1996"
PROD_DATE "1996:06"
SERIAL "4x5 b60603xx"
NUMBER_OF_FIELDS 9
BEGIN_DATA_FORMAT
SAMPLE_ID XYZ_X XYZ_Y XYZ_Z LAB_L LAB_A LAB_B LAB_C LAB_H
END_DATA_FORMAT
NUMBER_OF_SETS 288
BEGIN_DATA
A1     2.79    2.22    1.76   16.61   12.86    0.79   12.91   93.45
A2     3.33    2.23    1.58   16.66   22.12    2.84   22.32    7.30
A3     3.83    2.19    1.34   16.45   30.68    5.32   31.14    9.82
A4     4.67    2.32    1.35   17.07   39.75    6.24   40.24    8.90
A5    10.31    8.86    6.78   35.70   14.42    2.24   14.62    8.78
A6    12.40    9.10    5.83   36.18   27.38    7.34   28.36   14.99
A7    14.27    8.99    5.14   35.97   40.46   10.34   41.76   14.33
A8    15.90    8.84    4.78   35.69   51.38   11.76   52.71   12.90
A9    28.56   27.43   21.42   59.36    8.42    2.40    8.80   15.98
A10   30.15   27.26   20.24   59.21   15.14    4.55   15.82   16.74
A11   32.37   27.72   19.59   59.63   21.48    6.62   22.50   17.14
A12   33.72   28.30   19.56   60.15   23.99    7.59   25.17   17.55
A13   60.83   63.62   55.18   83.77   -1.23   -2.81    3.07  246.30
A14   63.23   64.63   55.24   84.29    2.10   -1.97    2.88  316.89
A15   62.97   64.98   52.11   84.47    0.73    1.71    1.87   65.50
A16   60.02   62.63   52.05   83.25   -0.87   -0.34    0.99  200.95
A17   62.67   64.29   52.11   84.11    1.59    1.09    1.97   33.54
A18   60.27   63.23   52.26   83.57   -1.66   -0.02    1.70  181.89
A19   60.72   63.12   55.49   83.51   -0.33   -3.58    3.60  264.73
A20    2.05    1.22    0.36   10.70   23.38   11.69   26.15   26.57
A21    5.64    2.96    0.34   19.89   39.37   27.77   48.19   35.21
A22    9.58    4.59    0.24   25.52   52.60   39.43   65.75   36.86
B1     4.11    3.56    2.27   22.17   10.12    5.43   11.51   28.03
B2     4.59    3.42    1.33   21.66   18.74   14.46   23.68   37.63
B3     4.94    3.23    0.67   20.94   26.48   23.47   35.38   41.55
B4     5.35    3.12    0.29   20.53   33.18   29.97   44.72   42.08
B5    12.70   11.32    7.16   40.10   12.51    8.21   15.00   33.15
B6    14.72   11.52    4.84   40.44   23.89   19.65   30.94   39.41
B7    16.97   11.71    3.27   40.74   35.56   29.68   46.32   39.85
B8    19.05   12.22    2.44   41.56   43.11   37.40   57.07   40.94
B9    33.91   33.41   24.29   64.49    5.96    5.78    8.35   43.90
B10   35.14   33.03   21.44   64.18   11.50   10.68   15.71   42.84
B11   36.43   33.00   19.32   64.15   15.94   15.00   21.89   43.24
B12   37.84   33.60   18.96   64.64   18.49   16.60   24.85   41.90
B13   54.23   59.10   54.72   81.35   -6.88   -6.51    9.48  223.36
B14   57.93   55.24   52.62   79.18   11.67   -7.99   14.14  325.61
B15   60.96   63.57   41.79   83.74   -0.81   12.62   12.65   93.64
B16   47.80   49.55   40.71   75.79    0.06    0.31    0.81  175.63
B17   55.65   53.99   40.56   78.45    9.14    5.09   10.49   28.96
B18   51.95   57.58   42.18   80.50   -9.13    6.55   11.25  144.58
B19   49.95   50.92   52.75   76.62    2.30  -12.52   12.73  280.43
B20    3.82    2.39    0.42   17.41   26.41   22.13   34.46   39.97
B21    9.10    4.42    0.26   25.00   50.91   38.29   63.70   36.95
B22   31.24   27.35   16.18   59.29   18.85   13.71   23.35   35.93
C1     7.10    6.80    4.18   31.35    5.50    7.68    9.47   54.24
C2     7.60    6.95    2.72   31.68    8.84   18.10   20.15   63.96
C3     7.89    6.69    1.27   31.09   14.02   31.47   34.45   66.00
C4     9.12    7.22    0.56   32.31   19.55   45.26   49.30   66.64
C5    23.84   22.81   12.28   54.86    8.31   16.23   18.25   62.78
C6    25.37   22.69    7.22   54.75   15.41   33.25   36.65   65.12
C7    27.73   23.41    3.87   55.48   21.89   51.18   55.67   66.84
C8    28.53   23.38    2.49   55.45   25.18   60.94   65.93   67.54
C9    39.43   39.65   26.80   69.21    3.79    9.51   10.24   68.09
C10   39.99   39.37   22.42   69.01    6.43   17.09   18.26   69.34
C11   41.72   39.86   19.01   69.36   10.21   24.62   26.66   67.47
C12   42.47   40.13   17.91   69.56   11.62   27.39   29.75   67.01
C13   48.31   54.85   54.05   78.95  -12.18   -9.91   15.70  219.14
C14   52.52   46.71   49.76   74.00   20.41  -13.73   24.60  326.07
C15   59.26   62.27   32.24   83.06   -1.88   24.65   24.73   94.35
C16   37.76   38.98   32.06   68.73    0.53    0.24    1.20  196.65
C17   49.51   45.50   30.50   73.21   15.81   10.38   18.94   33.17
C18   45.07   52.69   33.01   77.69  -15.83   14.26   21.31  138.10
C19   40.46   40.29   49.90   69.67    5.03  -21.34   21.93  283.28
C20    2.62    2.03    0.56   15.65   13.88   16.38   21.48   49.75
C21   26.73   21.44    8.11   53.43   26.77   27.49   38.38   45.72
C22   37.42   35.31   22.36   65.99   11.31   12.02   16.55   46.51
D1     5.00    5.04    3.01   26.84    1.74    7.55    7.77   77.22
D2     4.97    5.05    1.84   26.85    1.41   17.68   17.75   85.49
D3     4.65    4.72    0.89   25.92    1.22   28.04   28.08   87.53
D4     5.70    5.78    0.57   28.83    1.49   39.02   39.05   87.82
D5    18.08   18.70   10.31   50.32    0.25   14.40   14.41   88.99
D6    17.75   18.46    5.86   50.04   -0.25   31.06   31.07   90.48
D7    17.79   18.68    3.02   50.31   -1.20   47.97   47.99   91.44
D8    17.13   18.03    1.58   49.53   -1.44   59.56   59.58   91.39
D9    44.16   46.06   23.59   73.58   -0.74   22.75   22.76   91.84
D10   44.69   47.00   14.32   74.19   -1.81   43.98   44.01   92.35
D11   45.60   49.21    8.28   75.58   -5.18   64.98   65.19   94.57
D12   45.85   49.66    8.11   75.86   -5.70   66.13   66.38   94.92
D13   43.45   51.28   53.55   76.85  -16.86  -13.01   21.31  217.66
D14   47.91   39.78   47.25   69.31   28.28  -18.92   34.03  326.21
D15   58.06   61.15   25.91   82.46   -2.20   33.90   33.97   93.71
D16   28.60   29.35   24.39   61.08    1.18   -0.22    1.63  179.48
D17   43.88   37.91   23.13   67.95   22.72   13.94   26.69   31.43
D18   39.02   48.02   26.35   74.83  -21.74   20.01   29.56  137.45
D19   32.33   31.20   46.70   62.67    8.23  -29.74   30.85  285.48
D20   17.11   13.57    4.90   43.61   24.00   24.82   34.53   45.94
D21   25.11   24.44   16.22   56.52    6.68    8.85   11.18   52.35
D22   41.37   40.40   25.20   69.75    7.50   13.24   15.24   60.18
E1     6.22    6.77    4.26   31.26   -3.17    7.03    7.75  114.71
E2     5.49    6.61    2.24   30.88   -9.76   20.76   22.95  115.19
E3     4.90    6.21    1.42   29.94  -12.85   27.55   30.41  115.03
E4     4.74    6.69    0.76   31.10  -19.91   39.27   44.04  116.90
E5    25.04   28.07   15.48   59.94   -8.39   16.49   18.51  117.03
E6    22.80   27.79    9.92   59.69  -17.11   31.84   36.15  118.28
E7    21.04   28.38    6.02   60.22  -27.55   47.92   55.28  119.90
E8    20.80   29.69    4.45   61.39  -33.72   57.87   66.98  120.23
E9    43.53   47.36   31.27   74.41   -6.19   11.22   12.82  118.92
E10   42.24   48.46   25.71   75.11  -13.02   21.58   25.21  121.11
E11   39.68   47.94   20.37   74.78  -19.42   31.12   36.69  121.96
E12   39.19   47.58   19.60   74.56  -19.99   32.35   38.03  121.71
E13   38.59   47.48   53.15   74.50  -21.63  -16.62   27.28  217.54
E14   43.38   33.48   44.53   64.54   35.92  -23.89   43.14  326.38
E15   57.15   60.15   20.60   81.92   -2.10   42.98   43.03   92.80
E16   19.82   20.50   16.99   52.39    0.23   -0.07    1.25  186.85
E17   38.80   31.35   16.92   62.80   29.46   18.02   34.56   31.39
E18   33.31   43.42   20.80   71.83  -27.79   25.20   37.53  137.84
E19   25.27   23.60   43.63   55.68   10.97  -38.07   39.62  286.07
E20   23.31   16.29    0.99   47.35   38.38   63.46   74.17   58.83
E21   21.62   18.63    4.74   50.25   18.18   37.12   41.34   63.89
E22   31.85   28.53   11.42   60.36   16.47   28.29   32.75   59.74
F1     4.39    5.04    3.94   26.85   -6.11    1.37    6.35  167.16
F2     3.40    4.82    3.39   26.23  -18.07    3.84   18.50  167.99
F3     2.63    4.51    2.87   25.28  -27.50    5.93   28.14  167.84
F4     2.18    4.48    2.39   25.20  -36.18    9.66   37.46  165.05
F5    12.39   14.99   10.99   45.62  -13.32    4.16   13.99  162.73
F6     9.88   14.49    9.47   44.93  -28.65    7.88   29.73  164.63
F7     8.43   15.04    8.08   45.69  -44.05   14.21   46.30  162.13
F8     7.57   16.84    7.80   48.06  -62.02   19.39   64.98  162.63
F9    28.70   32.88   24.49   64.05  -11.28    4.68   12.23  157.57
F10   25.96   32.93   22.48   64.09  -22.44    8.51   24.01  159.25
F11   24.63   34.71   21.77   65.51  -34.15   12.34   36.31  160.13
F12   24.27   35.41   21.54   66.06  -38.06   13.75   40.47  160.15
F13   35.20   44.71   52.73   72.70  -25.00  -19.26   31.56  217.61
F14   40.10   29.26   42.38   61.00   41.29  -27.34   49.53  326.49
F15   56.52   59.37   17.14   81.49   -1.80   49.73   49.76   92.07
F16   16.07   16.62   13.63   47.78    0.23    0.31    1.23  190.68
F17   35.33   27.11   13.11   59.08   34.17   21.21   40.24   31.78
F18   29.15   39.81   16.96   69.33  -32.28   29.20   43.54  137.90
F19   20.94   19.03   41.28   50.71   12.97  -43.68   45.57  286.54
F20   28.77   28.27   15.48   60.13    5.93   16.85   17.89   70.38
F21   36.32   34.09   13.97   65.03   11.81   29.18   31.49   67.91
F22   40.08   38.84   19.32   68.64    8.33   22.76   24.24   69.81
G1     3.25    3.65    3.30   22.49   -4.45   -1.97    4.93  203.12
G2     2.57    3.34    3.24   21.37  -11.85   -3.49   12.38  196.35
G3     2.16    3.31    3.45   21.24  -19.65   -5.22   20.35  194.89
G4     1.50    3.19    3.85   20.79  -33.95   -8.50   35.01  194.08
G5    12.70   15.02   13.35   45.65  -11.41   -2.62   11.74  192.96
G6    10.38   14.45   14.19   44.86  -24.52   -6.24   25.33  194.30
G7     8.90   14.65   15.22   45.16  -37.72   -8.36   38.64  192.50
G8     7.92   15.35   15.89   46.10  -50.34   -8.38   51.04  189.46
G9    28.97   33.01   27.72   64.16  -10.71   -0.76   10.77  184.12
G10   26.18   33.08   29.44   64.22  -22.03   -3.48   22.32  188.98
G11   25.01   34.82   31.35   65.60  -32.92   -4.10   33.17  187.10
G12   24.91   35.68   32.21   66.27  -36.19   -4.25   36.45  186.71
G13   30.84   40.96   52.04   70.14  -29.39  -22.92   37.27  217.95
G14   35.52   23.73   38.95   55.81   48.85  -31.83   58.31  326.91
G15   55.88   58.39   13.50   80.95   -1.06   57.85   57.85   91.05
G16   11.22   11.56    9.68   40.50    0.46   -0.37    1.22  170.71
G17   30.67   21.65    8.98   53.66   41.07   24.69   47.94   30.98
G18   24.15   35.23   13.08   65.93  -37.98   33.11   50.39  138.95
G19   15.55   13.26   37.54   43.15   17.19  -51.78   54.56  288.37
G20   37.86   37.60   18.13   67.72    5.22   23.76   24.33   77.54
G21   37.04   36.66   12.66   67.02    5.62   36.16   36.60   81.15
G22   44.61   41.84    3.21   70.76   12.77   81.89   82.88   81.13
H1     3.32    3.55    3.81   22.11   -1.55   -6.00    6.24  255.34
H2     2.87    3.46    4.75   21.80   -7.97  -12.01   14.44  236.33
H3     2.36    3.24    5.53   20.98  -14.39  -17.42   22.61  230.40
H4     2.00    3.18    6.99   20.74  -20.97  -24.45   32.23  229.38
H5    10.59   12.08   13.03   41.34   -7.73   -9.19   12.05  229.79
H6     9.62   11.93   16.33   41.10  -14.22  -18.05   23.01  231.74
H7     8.46   11.79   20.33   40.87  -23.00  -27.28   35.70  229.85
H8     7.37   11.42   23.66   40.28  -30.38  -34.80   46.22  228.88
H9    30.11   32.62   29.56   63.83   -4.97   -4.32    6.64  220.63
H10   29.23   33.01   33.86   64.16   -9.69  -10.35   14.19  226.82
H11   28.31   33.17   38.04   64.28  -13.76  -16.02   21.12  229.32
H12   27.48   33.88   45.38   64.85  -19.53  -24.38   31.25  231.29
H13   27.79   38.16   51.44   68.14  -32.40  -25.72   41.37  218.45
H14   31.83   19.62   35.89   51.40   55.00  -35.26   65.33  327.34
H15   55.50   57.60   10.67   80.52   -0.12   65.36   65.36   90.11
H16    6.99    7.14    6.30   32.11    1.02   -1.83    2.12  304.65
H17   26.91   17.60    6.07   49.00   46.58   28.35   54.55   31.31
H18   20.53   31.60    9.99   63.01  -42.03   37.38   56.25  138.37
H19   11.99    9.48   34.18   36.88   21.64  -57.87   61.78  290.51
H20   41.28   42.56   18.33   71.24    0.75   29.41   29.42   88.55
H21   34.77   36.35   24.29   66.77   -0.96    9.78    9.83   95.47
H22   36.74   40.14   13.81   69.56   -6.32   37.41   37.94   99.60
I1     5.22    5.18    7.23   27.25    2.74  -14.20   14.47  280.93
I2     5.12    5.11   10.16   27.05    2.44  -25.21   25.34  275.51
I3     4.90    4.91   14.35   26.48    2.10  -38.35   38.41  273.12
I4     4.64    4.74   18.61   25.97    1.05  -49.33   49.34  271.21
I5    14.50   14.87   15.73   45.45    0.95   -9.09    9.16  275.86
I6    14.52   14.80   20.24   45.35    1.53  -19.38   19.44  274.46
I7    14.88   15.07   25.43   45.71    2.12  -28.64   28.72  274.20
I8    15.22   15.27   32.14   45.98    2.98  -39.14   39.26  274.35
I9    31.51   32.55   30.14   63.78    0.44   -5.35    5.38  274.24
I10   31.82   32.83   33.82   64.01    0.59  -10.53   10.56  273.08
I11   32.18   33.20   38.43   64.31    0.60  -16.50   16.51  272.06
I12   31.80   32.47   47.27   63.71    1.82  -28.61   28.67  273.61
I13   25.38   35.83   50.73   66.38  -34.70  -27.95   44.56  218.85
I14   28.32   16.14   32.69   47.15   60.14  -37.94   71.11  327.76
I15   55.29   56.85    8.26   80.10    1.17   72.91   72.91   89.08
I16    3.95    4.02    3.62   23.73    1.11   -1.96    2.28  302.00
I17   23.69   14.38    3.82   44.77   51.22   33.03   60.97   32.80
I18   17.65   28.42    7.27   60.26  -44.83   42.57   61.83  136.49
I19    9.28    6.64   30.78   30.96   26.67  -62.95   68.36  292.96
I20   42.02   46.31   19.36   73.74   -7.78   31.50   32.44  103.90
I21   14.20   18.29    5.51   49.83  -19.79   32.47   38.03  121.38
I22   30.70   37.95   20.16   67.98  -20.61   19.86   28.63  136.13
J1     1.75    1.41    2.98   12.05   10.43  -17.67   20.53  300.57
J2     2.09    1.42    5.26   12.09   18.35  -31.43   36.39  300.27
J3     2.31    1.33    8.38   11.48   25.73  -45.88   52.60  299.28
J4     2.32    1.20   10.49   10.53   30.01  -54.78   62.46  298.72
J5     8.89    8.38    9.99   34.75    7.06  -11.38   13.42  301.82
J6     9.32    8.18   13.18   34.36   12.38  -21.62   24.92  299.79
J7    10.14    8.36   17.35   34.72   17.33  -31.41   35.88  298.88
J8    11.17    8.74   22.49   35.47   21.82  -40.88   46.34  298.09
J9    26.63   26.72   24.83   58.69    3.59   -5.18    6.31  304.90
J10   26.76   26.17   27.59   58.19    6.31  -10.82   12.52  300.29
J11   27.75   26.49   31.52   58.48    9.02  -16.64   18.93  298.48
J12   29.96   27.41   39.64   59.33   13.86  -26.67   30.06  297.47
J13   23.14   33.52   50.14   64.58  -36.65  -30.40   47.62  219.68
J14   25.01   13.17   29.35   43.01   64.47  -39.90   75.82  328.24
J15   54.97   56.01    6.64   79.62    2.42   78.58   78.61   88.24
J16    1.81    1.92    1.61   15.03   -0.77   -0.30    1.28  203.06
J17   20.67   11.64    2.47   40.64   55.09   35.58   65.60   32.85
J18   15.13   25.52    5.59   57.58  -47.47   45.40   65.69  136.28
J19    6.95    4.36   26.95   24.82   32.10  -67.32   74.58  295.50
J20   32.07   40.01   26.58   69.46  -22.04   10.37   24.38  154.92
J21    4.08    7.95    1.26   33.88  -40.76   36.40   54.65  138.23
J22    0.90    1.91    0.56   15.02  -28.54   15.37   32.42  151.68
K1     3.01    2.42    3.17   17.55   12.91   -9.58   16.09  323.49
K2     3.46    2.29    4.18   16.94   22.87  -17.13   28.59  323.19
K3     3.97    2.18    5.43   16.41   32.92  -24.83   41.24  322.99
K4     4.54    2.18    6.57   16.40   40.88  -30.15   50.80  323.59
K5     7.89    6.70    7.66   31.10   13.99   -9.28   16.81  326.52
K6     9.15    6.57    9.88   30.81   26.24  -17.82   31.73  325.84
K7    10.59    6.38   12.70   30.35   39.55  -27.21   48.01  325.48
K8    11.67    6.33   15.63   30.22   48.02  -35.10   59.48  323.83
K9    22.92   21.68   20.59   53.67    9.35   -5.72   10.98  328.69
K10   25.39   22.33   24.11   54.37   17.10  -11.33   20.52  326.53
K11   28.11   22.99   28.12   55.05   25.25  -17.12   30.51  325.86
K12   30.93   23.68   33.42   55.75   32.94  -24.19   40.86  323.71
K13   20.11   30.19   48.97   61.81  -38.92  -33.84   51.57  221.01
K14   21.05   10.11   24.94   38.02   68.20  -41.01   79.58  328.98
K15   54.59   54.66    4.52   78.85    4.81   87.62   87.75   86.86
K16    0.86    0.92    0.85    8.26   -0.77   -1.74    2.00  240.69
K17   17.19    8.86    1.11   35.71   58.53   41.67   71.84   35.44
K18   11.84   21.23    3.32   53.19  -49.79   50.84   71.16  134.40
K19    4.61    2.34   21.67   17.19   38.50  -70.81   80.59  298.53
K20    3.52    4.41    2.96   24.97  -10.84    4.74   11.85  156.60
K21    1.77    2.44    2.23   17.64  -13.00   -1.94   13.18  188.62
K22    2.20    2.88    3.97   19.56  -11.57  -11.39   16.28  224.50
L1     3.12    2.59    2.53   18.29   11.54   -3.44   12.08  343.43
L2     3.53    2.41    2.78   17.49   21.69   -6.77   22.74  342.68
L3     3.94    2.25    2.86   16.75   31.01   -8.73   32.23  344.29
L4     4.79    2.34    3.40   17.20   40.62  -11.78   42.31  343.83
L5     8.19    6.86    6.28   31.49   15.09   -2.83   15.39  349.40
L6     9.67    6.63    6.66   30.93   29.92   -5.47   30.43  349.64
L7    11.00    6.08    7.16   29.60   45.93   -9.88   46.99  347.85
L8    11.94    6.18    7.47   29.86   51.49  -10.69   52.60  348.27
L9    22.90   21.72   18.10   53.72    9.09   -0.33    9.13  178.12
L10   25.78   22.22   18.97   54.26   19.21   -1.33   19.28  356.10
L11   28.34   22.80   20.06   54.86   26.97   -2.57   27.10  354.57
L12   29.87   23.25   20.65   55.32   30.84   -2.99   31.00  354.47
L13   16.47   25.76   46.93   57.81  -40.76  -38.38   55.98  223.27
L14   16.69    7.26   19.49   32.40   70.01  -40.14   80.70  330.18
L15   54.37   52.82    2.63   77.77    8.89   98.25   98.65   84.83
L16    0.17    0.17    0.14    1.58    0.11    0.14    0.22  128.16
L17   13.23    6.20    0.29   29.92   59.94   46.10   75.62   37.57
L18    8.30   16.00    1.61   46.97  -50.69   54.75   74.62  132.79
L19    2.76    1.01   14.80    9.11   44.72  -69.46   82.61  302.77
L20    0.73    0.91    1.11    8.19   -5.68   -5.84    8.20  225.58
L21    1.23    1.10    1.43    9.84    5.45   -7.16    9.00  307.21
L22    3.06    2.32    2.12   17.09   15.73   -1.94   15.88  353.08
GS0    62.91   64.81   55.21   84.38    0.96   -1.78    2.03  298.50
GS1    57.76   60.44   50.21   82.07   -1.26   -0.31    1.35  192.91
GS2    51.27   53.24   44.07   78.01   -0.18   -0.11    0.71  180.64
GS3    43.70   45.08   37.83   72.94    0.68   -0.80    1.20  233.79
GS4    38.88   40.18   32.93   69.60    0.41    0.40    1.12  124.28
GS5    33.79   34.92   28.49   65.67    0.42    0.57    1.28  130.99
GS6    28.83   29.81   24.25   61.48    0.31    0.70    1.25  133.95
GS7    24.62   25.34   20.60   57.40    0.79    0.68    1.32  128.00
GS8    20.95   21.72   17.75   53.72    0.03    0.43    1.19  139.61
GS9    17.90   18.49   15.12   50.08    0.36    0.39    1.22  129.82
GS10   15.42   16.07   13.09   47.06   -0.45    0.52    1.10  140.10
GS11   12.87   13.42   10.79   43.38   -0.50    0.94    1.18  121.37
GS12   10.10   10.53    8.66   38.76   -0.40    0.14    0.84  214.29
GS13    8.06    8.32    6.80   34.63    0.27    0.33    0.94  207.14
GS14    6.50    6.72    5.45   31.15    0.22    0.48    1.04  218.22
GS15    4.94    5.08    4.16   26.97    0.50    0.27    1.01  206.40
GS16    3.71    3.81    3.18   23.04    0.50   -0.14    1.01  190.24
GS17    2.47    2.61    2.20   18.40   -0.91   -0.37    1.36  205.17
GS18    1.49    1.65    1.43   13.52   -2.69   -0.75    2.94  197.82
GS19    1.24    1.29    1.04   11.23   -0.38    0.40    0.93  184.72
GS20    0.69    0.73    0.53    6.55   -0.37    1.20    1.34   99.48
GS21    0.50    0.54    0.43    4.88   -1.00    0.23    1.10  176.21
GS22    0.23    0.27    0.19    2.46   -1.26    0.63    1.41  154.24
GS23    0.08    0.10    0.11    0.95   -0.64   -0.35    0.74  207.71
END_DATA