IT8.7/1
ORIGINATOR "FotoTune"
DESCRIPTOR "Agfa IT8"
MATERIAL "AgfachromeRS100Plus"
MANUFACTURER "Agfa"
CREATED "Thu Jul 25 09:56:57 1996"
PROD_DATE "1996:07"
SERIAL "4x5 b60724xx"
NUMBER_OF_FIELDS 9
BEGIN_DATA_FORMAT
SAMPLE_ID XYZ_X XYZ_Y XYZ_Z LAB_L LAB_A LAB_B LAB_C LAB_H
END_DATA_FORMAT
NUMBER_OF_SETS 288
BEGIN_DATA
A1     2.49    2.09    1.44   15.97   10.20    3.26   10.74   17.61
A2     2.89    2.00    1.18   15.49   19.70    5.84   20.58   16.43
A3     3.32    1.91    1.00   15.06   28.76    7.60   29.76   14.77
A4     3.97    1.95    0.94   15.26   37.97    8.91   39.00   13.19
A5     9.79    8.51    5.87   35.03   13.33    5.12   14.31   20.95
A6    11.34    8.29    5.02   34.58   26.92    8.60   28.27   17.72
A7    13.93    8.73    4.43   35.46   40.58   13.34   42.72   18.19
A8    16.35    9.17    4.20   36.32   51.23   16.16   53.72   17.51
A9    27.21   26.16   19.31   58.18    8.21    4.70    9.48   29.76
A10   30.00   27.08   18.97   59.04   15.34    6.91   16.83   24.27
A11   32.21   27.39   18.08   59.33   22.17    9.36   24.07   22.90
A12   33.54   27.78   18.20   59.69   25.39    9.72   27.18   20.94
A13   57.33   59.43   52.01   81.52    0.05   -3.26    3.26  271.07
A14   57.90   59.67   52.28   81.66    0.89   -3.33    3.45  285.05
A15   57.33   59.54   47.55   81.59   -0.20    1.90    1.91   96.11
A16   56.90   59.18   47.60   81.39   -0.41    1.50    1.55  105.31
A17   57.73   59.81   47.99   81.74    0.14    1.63    1.64   85.08
A18   57.79   60.14   48.57   81.92   -0.48    1.28    1.38  110.79
A19   59.15   61.09   53.67   82.43    0.57   -3.51    3.56  279.36
A20    2.13    1.31    0.51   11.31   22.62    9.88   24.68   23.60
A21    5.91    3.12    0.59   20.49   39.85   24.33   46.68   31.41
A22   10.48    5.09    0.36   26.97   53.39   39.86   66.62   36.75
B1     3.34    2.97    1.70   19.94    8.13    7.13   10.82   41.04
B2     3.99    3.05    1.11   20.24   16.68   14.98   22.42   41.87
B3     4.27    2.86    0.75   19.49   23.97   19.38   30.83   38.94
B4     4.55    2.69    0.33   18.74   30.91   26.01   40.39   40.08
B5    12.40   11.06    6.23   39.68   12.38   11.53   16.94   42.90
B6    14.21   11.09    4.24   39.74   23.89   21.78   32.33   42.33
B7    16.47   11.10    2.76   39.75   37.17   31.69   48.84   40.44
B8    18.25   11.55    2.45   40.48   43.58   35.50   56.21   39.17
B9    32.82   32.31   23.31   63.59    6.02    6.07    8.56   45.17
B10   34.96   32.85   20.72   64.03   11.54   11.88   16.56   45.81
B11   36.50   33.07   19.14   64.21   15.95   15.49   22.23   44.17
B12   37.36   33.18   18.51   64.30   18.40   16.97   25.02   42.68
B13   52.68   56.52   52.03   79.91   -4.65   -6.08    7.65  232.60
B14   54.38   53.18   50.60   77.98    7.99   -7.82   11.18  315.64
B15   56.41   58.99   41.68   81.28   -1.14    8.51    8.59   97.67
B16   47.97   49.61   40.72   75.82    0.38    0.34    0.60  204.72
B17   53.40   52.99   41.02   77.87    5.98    3.47    6.91   30.15
B18   52.18   56.53   42.53   79.92   -5.99    5.09    7.86  139.65
B19   51.53   52.51   52.05   77.59    2.36  -10.10   10.37  283.11
B20    4.07    2.58    0.71   18.27   26.42   18.07   32.01   34.36
B21    9.51    4.65    0.43   25.72   51.17   36.35   62.76   35.39
B22   34.22   29.93   16.42   61.60   19.51   17.09   25.93   41.22
C1     6.51    6.33    3.40   30.23    4.40   10.62   11.51   67.41
C2     6.57    6.01    2.16   29.44    8.36   18.94   20.70   66.18
C3     6.95    5.96    1.36   29.33   12.76   27.28   30.11   64.93
C4     7.89    6.27    0.68   30.10   18.33   39.15   43.23   64.92
C5    21.95   21.06    9.97   53.01    7.84   20.17   21.65   68.70
C6    23.86   21.26    5.98   53.24   15.51   36.01   39.21   66.71
C7    26.52   21.84    2.84   53.85   24.07   55.40   60.40   66.52
C8    24.14   20.13    2.74   51.97   22.11   52.89   57.32   67.30
C9    39.66   39.96   27.05   69.43    3.58    9.45   10.10   69.24
C10   40.11   39.29   22.90   68.96    7.04   16.08   17.56   66.35
C11   41.58   39.87   19.82   69.38    9.76   22.93   24.92   66.95
C12   41.83   39.70   18.47   69.26   11.05   25.62   27.90   66.68
C13   47.60   53.11   51.91   77.93   -9.74   -9.34   13.49  223.76
C14   50.15   45.81   48.48   73.43   16.66  -13.26   21.30  321.47
C15   55.07   58.04   33.33   80.76   -2.24   19.03   19.17   96.69
C16   37.78   38.85   31.35   68.65    1.02    1.15    1.58   46.03
C17   47.51   44.44   31.19   72.53   13.34    8.09   15.60   31.23
C18   45.71   52.19   34.31   77.40  -12.70   11.82   17.35  137.08
C19   41.97   41.78   49.25   70.72    5.12  -18.81   19.49  285.23
C20    2.89    2.24    1.17   16.71   14.31    7.97   16.39   29.14
C21   27.90   21.94    8.15   53.97   29.12   28.24   40.56   44.12
C22   40.44   38.07   24.06   68.07   11.88   12.40   17.17   46.24
D1     4.36    4.53    2.42   25.36   -0.25    9.59    9.60   91.71
D2     4.14    4.36    1.61   24.81   -0.78   16.58   16.60   92.75
D3     4.08    4.28    1.01   24.56   -0.65   23.82   23.83   91.60
D4     4.62    4.84    0.73   26.26   -0.54   31.45   31.47   90.99
D5    16.42   17.02    8.27   48.28    0.04   17.99   17.99   89.91
D6    15.95   16.84    4.88   48.06   -1.67   32.57   32.61   92.96
D7    14.90   16.22    2.40   47.26   -4.35   47.58   47.78   95.22
D8    14.47   15.69    2.02   46.56   -3.97   49.80   49.97   94.56
D9    45.27   47.25   23.28   74.34   -0.81   24.64   24.66   91.88
D10   44.61   46.89   14.39   74.12   -1.71   43.70   43.73   92.24
D11   45.53   48.15    7.45   74.92   -2.52   67.09   67.14   92.15
D12   44.57   47.92    8.84   74.78   -4.70   61.57   61.75   94.36
D13   42.60   49.65   51.78   75.86  -15.12  -12.78   19.80  220.20
D14   46.12   39.45   46.28   69.08   24.31  -18.19   30.36  323.21
D15   54.10   57.26   26.65   80.32   -2.80   28.92   29.06   95.54
D16   28.67   29.55   24.88   61.26    0.69   -0.85    1.13  313.53
D17   42.47   37.44   23.42   67.61   20.04   12.76   23.76   32.49
D18   39.04   47.35   27.05   74.41  -19.81   18.03   26.80  137.70
D19   32.99   32.21   46.27   63.51    6.97  -27.76   28.62  284.10
D20   19.51   15.34    5.97   46.10   25.88   23.78   35.15   42.58
D21   27.40   26.53   16.52   58.53    7.47   11.56   13.75   57.10
D22   44.59   43.67   27.96   72.00    7.32   12.35   14.36   59.36
E1     5.77    6.49    3.70   30.63   -5.47    9.34   10.88  120.83
E2     5.11    6.36    2.10   30.31  -11.88   21.07   24.20  119.45
E3     4.97    6.40    1.66   30.42  -13.99   25.56   29.15  118.71
E4     4.18    6.11    0.98   29.68  -21.31   33.17   39.44  122.73
E5    22.13   25.49   13.23   57.54  -10.87   18.20   21.21  120.93
E6    20.32   25.40    8.93   57.46  -19.06   31.39   36.73  121.29
E7    19.28   26.52    5.52   58.54  -28.93   47.32   55.47  121.45
E8    18.86   27.78    4.70   59.69  -36.01   53.56   64.55  123.92
E9    43.53   47.47   30.40   74.49   -6.47   12.69   14.25  116.98
E10   41.69   47.74   23.97   74.66  -12.67   23.90   27.05  117.94
E11   38.85   46.48   18.90   73.86  -18.04   32.62   37.27  118.94
E12   38.15   45.98   18.56   73.54  -18.83   32.79   37.82  119.87
E13   37.96   46.19   51.43   73.68  -20.06  -16.15   25.76  218.84
E14   42.12   33.51   43.81   64.57   32.07  -22.97   39.45  324.39
E15   53.40   56.53   20.85   79.91   -2.82   38.96   39.06   94.15
E16   21.13   21.74   18.47   53.75    0.81   -1.11    1.42  310.58
E17   37.33   30.60   16.54   62.17   27.45   17.77   32.70   32.91
E18   32.94   42.40   20.74   71.15  -26.09   24.08   35.51  137.32
E19   25.31   23.85   42.83   55.94   10.02  -36.63   37.97  285.30
E20   24.45   17.26    1.69   48.59   38.08   56.66   68.26   56.10
E21   23.06   19.42    5.18   51.17   20.78   36.39   41.90   60.27
E22   34.99   31.31   11.80   62.77   17.11   31.26   35.64   61.31
F1     3.86    4.59    3.20   25.51   -7.93    3.85    8.89  154.28
F2     3.12    4.51    2.75   25.27  -18.59    6.82   19.81  159.85
F3     2.63    4.60    2.59   25.57  -28.66    8.58   29.92  163.33
F4     2.16    4.47    2.38   25.18  -36.47    9.72   37.75  165.08
F5    10.79   13.55    9.02   43.57  -15.83    7.13   17.40  155.82
F6     8.88   13.52    7.76   43.54  -30.82   11.76   32.99  159.12
F7     7.43   13.86    7.17   44.04  -46.06   14.98   48.43  161.99
F8     7.01   14.84    7.23   45.42  -56.04   17.08   58.59  163.05
F9    27.80   32.13   23.88   63.45  -12.15    4.75   13.06  158.68
F10   25.81   33.12   22.09   64.26  -23.71    9.53   25.55  158.10
F11   23.77   33.86   20.53   64.85  -34.94   13.64   37.51  158.68
F12   22.63   33.57   19.85   64.62  -39.08   14.65   41.73  159.45
F13   34.61   43.59   51.10   71.96  -23.78  -18.76   30.28  218.27
F14   38.78   28.86   41.46   60.65   38.65  -26.76   47.00  325.31
F15   52.99   55.93   17.29   79.57   -2.42   46.04   46.11   93.01
F16   15.97   16.36   13.47   47.45    1.06    0.14    1.16  186.68
F17   33.54   25.74   12.29   57.80   33.56   21.26   39.73   32.36
F18   28.84   39.06   16.81   68.79  -31.10   28.58   42.24  137.43
F19   20.49   18.59   40.28   50.21   12.97  -43.27   45.17  286.68
F20   31.95   31.05   16.47   62.54    7.41   18.58   20.00   68.22
F21   39.47   37.33   15.52   67.53   11.20   29.46   31.53   69.17
F22   43.57   42.30   21.98   71.07    8.32   21.49   23.05   68.82
G1     2.74    3.33    2.71   21.33   -8.32    0.36    8.41  177.33
G2     2.34    3.20    2.88   20.85  -14.26   -1.82   14.41  187.18
G3     1.97    3.07    3.07   20.35  -20.08   -4.04   20.49  191.35
G4     1.25    2.76    3.33   19.04  -33.47   -8.11   34.44  193.62
G5    10.95   13.44   11.09   43.43  -14.02    0.04   14.06  179.82
G6     9.10   13.33   11.79   43.26  -27.84   -2.35   27.95  184.82
G7     7.97   13.88   13.29   44.06  -41.10   -5.23   41.44  187.25
G8     7.45   14.78   14.66   45.33  -51.39   -6.64   51.82  187.37
G9    28.15   32.40   28.19   63.67  -11.71   -2.38   11.96  191.51
G10   26.15   33.14   29.31   64.27  -22.39   -3.19   22.61  188.12
G11   23.70   33.64   30.17   64.67  -34.50   -3.86   34.72  186.39
G12   23.56   34.23   31.06   65.15  -37.19   -4.43   37.46  186.80
G13   31.35   40.90   50.81   70.10  -27.33  -21.62   34.84  218.35
G14   35.42   24.64   38.96   56.72   44.63  -30.28   53.93  325.85
G15   52.64   55.46   14.88   79.31   -2.19   51.39   51.44   92.44
G16   10.97   11.32    9.29   40.12    0.38    0.24    0.69  186.75
G17   30.30   21.80    9.53   53.81   39.01   22.99   45.29   30.51
G18   25.31   35.99   14.36   66.51  -35.49   30.62   46.89  139.21
G19   16.46   14.32   37.63   44.69   15.75  -49.24   51.69  287.74
G20   41.06   40.68   20.23   69.95    5.68   23.06   23.76   76.15
G21   39.79   39.29   14.27   68.96    6.03   35.10   35.61   80.24
G22   44.56   43.12    4.55   71.64    8.82   75.01   75.53   83.29
H1     2.89    3.33    3.38   21.31   -5.49   -4.56    7.22  218.56
H2     2.55    3.26    4.14   21.06  -10.84   -9.85   14.68  222.09
H3     2.20    3.10    4.95   20.44  -15.24  -15.47   21.73  225.38
H4     1.81    2.93    6.30   19.77  -21.30  -23.10   31.44  227.30
H5     9.28   10.66   11.51   38.99   -7.93   -8.86   11.92  227.89
H6     7.99   10.28   13.90   38.35  -16.23  -16.69   23.30  225.77
H7     7.64   10.88   18.62   39.38  -24.01  -26.24   35.58  227.54
H8     7.27   11.42   22.74   40.28  -31.42  -33.07   45.63  226.46
H9    29.56   32.01   30.15   63.36   -4.94   -6.09    7.85  230.88
H10   29.39   33.17   35.10   64.29   -9.61  -11.92   15.32  231.10
H11   28.85   34.11   39.65   65.04  -14.91  -16.84   22.49  228.47
H12   28.19   34.91   45.36   65.68  -20.20  -22.94   30.58  228.64
H13   28.24   38.08   50.20   68.07  -30.36  -24.44   38.97  218.83
H14   32.03   20.71   36.08   52.64   50.42  -33.40   60.47  326.47
H15   51.83   54.36   12.18   78.68   -1.54   57.60   57.61   91.54
H16    7.15    7.26    6.10   32.40    1.48   -0.47    1.65  163.71
H17   27.19   18.31    6.80   49.87   43.97   26.60   51.39   31.18
H18   21.80   32.65   11.52   63.88  -39.69   34.01   52.28  139.41
H19   12.88   10.60   34.58   38.90   18.94  -54.95   58.13  289.02
H20   44.43   45.69   20.35   73.35    1.08   28.68   28.70   87.85
H21   37.92   39.21   26.19   68.90    0.35   10.00   10.01   87.96
H22   40.29   43.49   15.19   71.89   -5.03   37.81   38.14   97.57
I1     4.54    4.64    6.18   25.70    0.76  -12.40   12.41  273.51
I2     4.55    4.60    8.85   25.55    1.52  -23.37   23.42  273.67
I3     4.36    4.39   13.41   24.91    1.75  -38.51   38.54  272.55
I4     4.41    4.43   17.39   25.06    1.89  -48.14   48.18  272.24
I5    13.05   13.54   14.01   43.57   -0.09   -7.99    7.99  269.33
I6    12.84   13.21   18.25   43.08    0.67  -19.03   19.05  271.99
I7    13.49   13.70   24.12   43.80    1.82  -29.58   29.63  273.51
I8    14.07   14.10   31.07   44.36    3.02  -40.26   40.38  274.29
I9    31.36   32.22   30.98   63.52    1.08   -7.11    7.19  278.54
I10   31.82   32.85   35.61   64.04    0.51  -13.09   13.09  272.22
I11   32.13   33.18   39.47   64.30    0.52  -17.91   17.92  271.67
I12   31.05   31.77   45.94   63.15    1.52  -27.99   28.03  273.11
I13   24.92   34.95   49.22   65.71  -33.74  -27.41   43.47  219.08
I14   28.33   16.79   32.67   48.00   56.58  -36.46   67.31  327.20
I15   51.78   53.93    9.80   78.42   -0.58   64.52   64.52   90.52
I16    3.93    4.01    3.56   23.70    0.86   -1.64    1.87  298.29
I17   23.83   14.79    4.49   45.34   49.33   30.00   57.74   31.31
I18   18.07   28.86    8.85   60.66  -44.35   37.22   57.90  139.99
I19    9.52    7.18   31.02   32.21   23.26  -61.17   65.44  290.82
I20   44.78   48.84   20.60   75.35   -6.56   31.63   32.31  101.71
I21   14.90   19.26    5.72   50.98  -20.43   33.33   39.10  121.51
I22   33.22   41.00   21.01   70.18  -20.97   21.89   30.31  133.79
J1     1.56    1.30    2.57   11.30    8.67  -15.79   18.01  298.85
J2     1.75    1.21    4.48   10.64   16.65  -29.79   34.13  299.22
J3     2.07    1.22    7.32   10.69   23.90  -43.12   49.30  299.00
J4     2.28    1.25    9.81   10.88   27.76  -51.97   58.92  298.10
J5     8.99    8.59   10.05   35.18    6.15  -10.84   12.48  299.82
J6     9.80    8.69   14.06   35.39   11.83  -22.24   25.19  298.04
J7    10.62    8.81   18.51   35.62   17.20  -32.44   36.72  297.95
J8    11.75    9.29   23.67   36.53   21.49  -41.26   46.53  297.52
J9    26.72   26.81   25.42   58.80    3.54   -6.07    7.02  300.31
J10   27.53   27.03   29.01   59.00    5.96  -11.77   13.19  296.86
J11   29.99   28.40   34.99   60.25   10.07  -18.72   21.26  298.28
J12   31.76   29.16   40.64   60.93   13.73  -25.26   28.75  298.53
J13   22.78   32.83   48.56   64.03  -35.81  -29.56   46.43  219.54
J14   24.73   13.46   28.94   43.44   61.44  -38.49   72.51  327.93
J15   51.47   53.13    7.72   77.95    0.64   71.22   71.22   89.49
J16    2.50    2.53    2.12   18.06    1.23   -0.21    1.26  349.55
J17   20.58   11.76    2.71   40.82   53.83   33.97   63.65   32.25
J18   15.42   25.89    6.65   57.93  -47.25   41.10   62.62  138.99
J19    7.06    4.70   27.09   25.86   28.76  -65.74   71.75  293.62
J20   32.75   40.74   26.85   69.99  -21.80   10.76   24.31  153.73
J21    3.80    7.87    1.59   33.71  -44.14   32.20   54.64  143.89
J22    0.88    1.90    0.74   14.97  -29.11   11.85   31.43  157.86
K1     2.68    2.20    2.64   16.47   11.46   -7.49   13.72  327.01
K2     3.10    2.09    3.63   15.94   21.30  -15.48   26.34  324.04
K3     3.72    2.07    4.94   15.80   31.95  -23.34   39.58  323.88
K4     4.36    2.11    6.09   16.05   39.90  -28.58   49.10  324.41
K5     7.53    6.36    7.65   30.31   14.09  -10.63   17.67  323.08
K6     9.44    6.81   10.32   31.36   26.36  -18.30   32.10  325.27
K7    10.88    6.51   13.47   30.66   40.47  -28.78   49.67  324.61
K8    12.44    6.86   16.41   31.49   47.94  -34.82   59.26  324.02
K9    22.98   21.78   20.50   53.79    9.13   -5.34   10.58  329.81
K10   25.98   22.76   24.84   54.82   17.65  -11.88   21.27  326.07
K11   28.95   23.39   29.27   55.47   26.75  -18.29   32.40  325.64
K12   31.78   24.11   33.88   56.19   34.20  -24.12   41.85  324.79
K13   20.63   30.58   47.73   62.15  -37.76  -31.85   49.39  220.14
K14   20.99   10.43   24.72   38.60   65.38  -39.61   76.43  328.79
K15   51.33   52.47    6.13   77.56    1.95   77.26   77.29   88.56
K16    0.99    1.03    0.90    9.23   -0.15   -0.86    0.88  261.45
K17   17.33    9.10    1.54   36.19   57.24   36.92   68.12   32.82
K18   13.18   23.17    5.01   55.25  -49.60   44.28   66.49  138.24
K19    4.91    2.68   22.20   18.76   35.53  -69.15   77.74  297.20
K20    3.72    4.72    3.74   25.92  -11.68    1.04   11.73  174.93
K21    2.00    2.61    2.70   18.37  -10.94   -4.65   11.89  203.03
K22    2.78    3.53    4.95   22.02  -10.59  -12.72   16.56  230.21
L1     2.78    2.30    2.17   17.00   10.99   -2.55   11.31  347.01
L2     3.26    2.22    2.43   16.60   21.10   -5.54   21.85  345.33
L3     3.76    2.14    2.67   16.22   30.78   -8.17   31.87  345.15
L4     4.41    2.13    2.90   16.17   40.17  -10.05   41.41  345.96
L5     8.03    6.65    6.40   31.00   15.79   -4.24   16.39  345.02
L6     9.84    6.76    6.96   31.24   30.06   -6.24   30.71  348.29
L7    11.98    6.68    7.32   31.08   46.51   -7.99   47.19  350.26
L8    13.10    6.89    7.84   31.55   52.10   -9.28   52.92  349.90
L9    23.25   21.91   18.22   53.93    9.79   -0.25    9.81  178.60
L10   26.60   22.90   19.80   54.97   19.60   -1.86   19.68  354.60
L11   29.61   23.42   20.81   55.50   29.17   -3.05   29.33  354.04
L12   30.68   23.64   21.83   55.72   32.19   -4.68   32.53  351.73
L13   17.70   27.17   46.40   59.14  -39.71  -35.47   53.24  221.77
L14   15.58    6.88   17.69   31.52   67.50  -37.69   77.32  330.82
L15   51.30   51.14    3.78   76.76    5.32   88.38   88.54   86.56
L16    0.22    0.20    0.36    1.89    0.61   -3.44    3.50  279.97
L17   12.55    5.89    0.41   29.14   58.81   42.52   72.57   35.86
L18    9.93   18.60    2.64   50.22  -51.10   50.67   71.96  135.24
L19    2.59    0.97   13.65    8.71   43.31  -67.14   79.90  302.83
L20    1.01    1.15    1.67   10.18   -3.34   -9.35    9.93  250.35
L21    1.53    1.35    1.79   11.65    6.43   -8.11   10.35  308.38
L22    3.43    2.66    2.45   18.62   15.18   -2.20   15.34  351.78
GS0    58.89   60.85   52.97   82.29    0.53   -2.99    3.03  280.38
GS1    55.97   58.24   47.58   80.87   -0.46    0.62    0.88  144.45
GS2    51.58   53.69   44.03   78.28   -0.50    0.41    0.91  161.12
GS3    46.34   47.77   39.03   74.68    0.79    0.58    1.21  199.86
GS4    40.77   42.25   34.51   71.04    0.08    0.58    0.88  186.31
GS5    34.68   35.85   29.83   66.40    0.39   -0.33    0.89  175.29
GS6    29.12   30.07   25.53   61.71    0.51   -1.23    1.35  300.42
GS7    24.72   25.45   21.65   57.52    0.72   -1.22    1.45  307.39
GS8    21.25   21.87   18.52   53.89    0.76   -1.00    1.33  317.66
GS9    17.86   18.54   15.27   50.15   -0.09    0.14    0.50  193.70
GS10   14.53   15.05   12.44   45.69    0.17   -0.05    0.61  207.06
GS11   12.45   12.86   10.66   42.56    0.32   -0.10    0.46  195.52
GS12   10.57   10.96    9.07   39.51    0.02   -0.04    0.35  258.27
GS13    8.65    8.95    7.35   35.88    0.23    0.19    0.33   62.60
GS14    6.53    6.76    5.81   31.24    0.25   -1.11    1.16  286.15
GS15    5.01    5.22    4.27   27.35   -0.36    0.26    0.56  140.84
GS16    3.69    3.88    2.96   23.30   -0.85    1.82    2.03  115.70
GS17    2.64    2.76    2.39   19.08   -0.41   -0.89    0.99  244.68
GS18    1.66    1.70    1.51   13.85    0.47   -1.26    1.35  290.68
GS19    1.25    1.31    1.07   11.34   -0.37    0.14    0.40  157.06
GS20    0.83    0.84    0.72    7.55    0.86   -0.59    1.05  324.67
GS21    0.43    0.44    0.40    3.90    0.22   -0.88    0.90  283.89
GS22    0.29    0.29    0.26    2.61    0.45   -0.34    0.58  322.35
GS23    0.09    0.11    0.16    1.00   -0.54   -1.27    1.38  246.86
END_DATA