IT8.7/1
ORIGINATOR "FotoTune"
DESCRIPTOR "Agfa IT8"
MATERIAL "AgfachromeRS100Plus"
MANUFACTURER "Agfa"
CREATED "Tue Sep 17 17:41:44 1996"
PROD_DATE "1996:09"
SERIAL "4x5 b60826xx"
NUMBER_OF_FIELDS 9
BEGIN_DATA_FORMAT
SAMPLE_ID XYZ_X XYZ_Y XYZ_Z LAB_L LAB_A LAB_B LAB_C LAB_H
END_DATA_FORMAT
NUMBER_OF_SETS 288
BEGIN_DATA
A1     2.48    2.06    1.47   15.82   10.52    2.68   10.88   14.26
A2     2.86    1.97    1.21   15.30   19.96    5.10   20.61   14.32
A3     3.28    1.87    1.05   14.81   29.13    6.48   29.85   12.54
A4     3.95    1.91    1.00   15.02   38.59    7.50   39.32   10.99
A5     9.79    8.48    5.88   34.97   13.55    5.02   14.49   20.23
A6    11.19    8.16    5.05   34.31   27.05    7.95   28.21   16.35
A7    13.55    8.44    4.50   34.89   40.60   11.93   42.32   16.36
A8    15.71    8.74    4.31   35.48   51.21   14.03   53.10   15.31
A9    26.80   25.74   19.24   57.79    8.25    4.18    9.28   26.62
A10   29.60   26.72   19.22   58.71   15.24    5.81   16.33   20.80
A11   31.95   27.22   18.41   59.18   21.94    8.37   23.48   20.86
A12   32.94   27.30   18.42   59.25   25.17    8.47   26.56   18.59
A13   56.55   58.41   51.61   80.97    0.57   -3.79    3.83  278.55
A14   57.25   58.76   51.86   81.16    1.44   -3.72    3.99  291.16
A15   56.54   58.53   47.06   81.03    0.25    1.51    1.54   80.68
A16   55.95   57.99   47.08   80.74    0.07    0.97    0.98   85.14
A17   56.83   58.65   47.39   81.10    0.68    1.23    1.41   60.21
A18   56.71   58.81   47.68   81.19   -0.01    1.04    1.05   89.98
A19   57.85   59.51   52.63   81.57    1.14   -3.86    4.03  286.42
A20    1.90    1.15    0.47   10.21   22.15    8.78   23.82   21.62
A21    5.44    2.83    0.55   19.33   39.51   23.01   45.72   30.22
A22    9.66    4.61    0.33   25.60   52.94   37.91   65.11   35.60
B1     3.33    2.94    1.72   19.82    8.38    6.75   10.78   38.68
B2     3.95    3.01    1.14   20.07   16.84   14.27   22.08   40.24
B3     4.27    2.85    0.78   19.41   24.22   18.71   30.61   37.68
B4     4.51    2.64    0.35   18.54   31.21   25.32   40.18   39.05
B5    12.46   11.09    6.27   39.73   12.57   11.41   17.00   42.10
B6    14.12   11.02    4.33   39.60   23.84   21.01   31.79   41.36
B7    16.17   10.91    2.89   39.43   36.82   30.17   47.61   39.32
B8    17.77   11.24    2.57   39.99   43.18   33.62   54.73   37.90
B9    32.33   31.72   23.09   63.10    6.38    5.62    8.53   41.07
B10   34.47   32.37   20.72   63.64   11.55   11.20   16.10   44.04
B11   36.19   32.80   19.46   64.00   15.82   14.41   21.40   42.28
B12   36.87   32.74   18.88   63.95   18.27   15.57   24.01   40.42
B13   52.02   55.61   51.58   79.39   -4.12   -6.47    7.68  237.50
B14   53.67   52.31   50.28   77.46    8.42   -8.34   11.86  315.28
B15   55.48   57.81   41.21   80.63   -0.67    7.99    8.02   94.81
B16   47.18   48.63   40.36   75.22    0.81   -0.25    0.89  223.87
B17   52.16   51.54   40.33   77.00    6.52    2.86    7.12   23.72
B18   50.90   55.02   41.58   79.06   -5.64    4.80    7.41  139.62
B19   49.79   50.50   50.71   76.37    2.95  -10.72   11.12  285.41
B20    3.73    2.34    0.66   17.15   26.16   17.14   31.28   33.23
B21    8.83    4.25    0.40   24.49   50.81   34.61   61.48   34.26
B22   32.83   28.74   15.76   60.55   19.18   16.86   25.54   41.29
C1     6.54    6.33    3.40   30.22    4.71   10.68   11.68   66.08
C2     6.58    6.01    2.18   29.43    8.49   18.81   20.64   65.69
C3     6.98    5.98    1.38   29.34   12.94   27.12   30.05   64.48
C4     7.95    6.33    0.69   30.23   18.37   39.03   43.13   64.79
C5    22.09   21.14    9.99   53.10    8.05   20.27   21.82   68.26
C6    23.76   21.17    6.02   53.13   15.49   35.66   38.88   66.51
C7    26.32   21.75    2.91   53.76   23.66   54.72   59.61   66.62
C8    23.90   20.02    2.83   51.86   21.58   52.01   56.31   67.46
C9    39.46   39.64   27.10   69.21    3.91    8.98    9.79   66.40
C10   39.49   38.57   22.90   68.44    7.33   15.18   16.86   64.19
C11   40.88   39.14   20.05   68.86    9.85   21.55   23.69   65.42
C12   41.26   39.11   18.96   68.83   11.15   23.80   26.28   64.89
C13   47.13   52.38   51.59   77.51   -9.21   -9.73   13.40  226.59
C14   49.34   44.93   48.12   72.85   16.96  -13.85   21.89  320.77
C15   54.15   56.90   33.14   80.12   -1.81   18.23   18.32   95.67
C16   37.12   38.10   31.07   68.09    1.26    0.63    1.45   24.13
C17   46.52   43.46   30.81   71.87   13.41    7.54   15.39   29.34
C18   44.46   50.72   33.29   76.50  -12.45   11.77   17.13  136.63
C19   40.63   40.28   48.17   69.67    5.59  -19.38   20.17  286.08
C20    2.66    2.06    1.08   15.82   13.86    7.71   15.86   29.09
C21   26.77   21.11    7.96   53.07   28.49   27.40   39.53   43.88
C22   38.80   36.44   23.01   66.85   12.00   12.23   17.14   45.51
D1     4.34    4.50    2.43   25.26   -0.05    9.42    9.42   90.38
D2     4.14    4.33    1.61   24.73   -0.53   16.36   16.37   91.90
D3     4.16    4.35    1.04   24.79   -0.50   23.83   23.84   91.21
D4     4.68    4.88    0.75   26.39   -0.35   31.35   31.35   90.64
D5    16.53   17.08    8.22   48.36    0.33   18.29   18.29   88.99
D6    16.02   16.86    4.90   48.08   -1.36   32.49   32.52   92.41
D7    14.99   16.25    2.41   47.29   -3.98   47.55   47.72   94.78
D8    14.67   15.86    2.08   46.79   -3.74   49.69   49.83   94.31
D9    44.77   46.57   23.19   73.91   -0.39   24.07   24.07   90.94
D10   44.15   46.30   14.56   73.74   -1.42   42.59   42.61   91.91
D11   45.02   47.57    7.62   74.55   -2.43   65.75   65.80   92.12
D12   43.88   47.15    9.06   74.29   -4.60   59.93   60.10   94.39
D13   42.28   49.05   51.33   75.48  -14.48  -12.93   19.42  221.75
D14   45.68   39.02   46.19   68.77   24.40  -18.61   30.69  322.67
D15   53.38   56.33   26.47   79.80   -2.40   28.33   28.43   94.84
D16   28.18   28.97   24.65   60.76    0.95   -1.31    1.65  308.34
D17   41.59   36.62   23.26   66.99   20.06   12.00   23.38   30.89
D18   38.07   46.08   26.32   73.60  -19.39   17.88   26.37  137.32
D19   32.14   31.21   45.32   62.69    7.52  -28.06   29.05  285.00
D20   18.38   14.49    5.64   44.93   25.13   23.31   34.27   42.86
D21   26.11   25.26   15.77   57.33    7.41   11.27   13.49   56.64
D22   42.65   41.58   26.67   70.57    7.77   12.07   14.36   57.16
E1     5.70    6.39    3.63   30.39   -5.17    9.45   10.78  118.89
E2     5.07    6.29    2.06   30.12  -11.51   21.13   24.07  118.62
E3     5.00    6.40    1.65   30.40  -13.56   25.78   29.13  117.74
E4     4.32    6.26    1.00   30.06  -20.96   33.52   39.53  122.03
E5    22.43   25.69   13.08   57.75  -10.38   18.94   21.62  118.85
E6    20.60   25.54    8.77   57.60  -18.35   32.19   37.06  119.72
E7    19.59   26.68    5.53   58.67  -27.94   47.55   55.16  120.44
E8    19.11   27.83    4.72   59.74  -34.93   53.54   63.94  123.13
E9    43.17   46.88   30.01   74.11   -5.90   12.66   13.98  115.06
E10   41.30   47.07   23.93   74.24  -12.07   23.25   26.20  117.46
E11   38.54   45.89   19.11   73.47  -17.36   31.49   35.96  118.88
E12   37.79   45.32   18.73   73.10  -18.16   31.67   36.51  119.84
E13   38.11   46.02   51.18   73.56  -19.10  -16.08   24.97  220.10
E14   41.52   32.95   43.66   64.12   32.22  -23.56   39.92  323.83
E15   52.49   55.46   20.71   79.30   -2.54   38.20   38.28   93.80
E16   20.44   20.96   17.97   52.91    1.08   -1.48    1.86  307.91
E17   36.48   29.95   16.47   61.61   27.10   16.99   31.98   32.09
E18   32.28   41.53   20.40   70.55  -25.89   23.75   35.13  137.47
E19   24.97   23.47   42.25   55.56   10.28  -36.57   37.99  285.70
E20   23.21   16.42    1.60   47.53   37.20   55.80   67.07   56.31
E21   21.90   18.53    5.02   50.13   19.99   35.38   40.65   60.53
E22   33.38   29.86   11.33   61.53   16.89   30.53   34.90   61.05
F1     3.84    4.54    3.17   25.39   -7.61    3.92    8.60  153.06
F2     3.12    4.48    2.69   25.21  -18.32    7.20   19.70  158.59
F3     2.66    4.62    2.52   25.61  -28.39    9.22   29.86  162.02
F4     2.24    4.60    2.37   25.56  -36.42   10.44   37.89  164.02
F5    10.89   13.58    8.78   43.63  -15.32    8.08   17.36  152.35
F6     9.01   13.60    7.55   43.65  -30.22   12.75   32.82  157.14
F7     7.65   14.12    7.08   44.41  -45.53   15.98   48.26  160.66
F8     7.25   15.12    7.22   45.80  -55.39   17.80   58.18  162.19
F9    27.85   32.01   23.58   63.35  -11.51    5.13   12.63  156.11
F10   25.80   32.89   21.86   64.07  -22.92    9.66   24.89  157.17
F11   23.92   33.72   20.54   64.74  -33.88   13.44   36.46  158.37
F12   22.84   33.52   20.04   64.58  -37.93   14.19   40.51  159.48
F13   34.77   43.44   50.87   71.85  -22.80  -18.68   29.47  219.32
F14   38.05   28.21   41.32   60.08   38.83  -27.59   47.63  324.60
F15   52.04   54.86   17.16   78.96   -2.21   45.27   45.33   92.79
F16   15.43   15.78   13.18   46.68    1.25   -0.39    1.45  221.84
F17   32.52   24.98   12.16   57.05   33.15   20.36   38.90   31.55
F18   28.15   38.06   16.48   68.06  -30.65   28.06   41.56  137.53
F19   20.09   18.14   39.62   49.67   13.36  -43.33   45.35  287.14
F20   30.39   29.53   15.72   61.24    7.31   18.15   19.57   68.06
F21   37.71   35.59   14.94   66.20   11.31   28.63   30.78   68.45
F22   41.35   39.98   20.88   69.45    8.69   20.89   22.62   67.39
G1     2.73    3.31    2.68   21.25   -8.19    0.45    8.27  177.08
G2     2.32    3.19    2.83   20.78  -14.21   -1.55   14.32  186.28
G3     2.00    3.12    3.05   20.53  -20.10   -3.56   20.43  190.05
G4     1.31    2.86    3.31   19.48  -33.68   -7.30   34.47  192.24
G5    11.03   13.47   10.84   43.47  -13.59    0.90   13.70  176.32
G6     9.23   13.45   11.53   43.43  -27.47   -1.28   27.52  182.69
G7     7.99   13.87   12.87   44.04  -40.80   -4.08   41.01  185.71
G8     7.62   15.03   14.54   45.67  -51.24   -5.75   51.57  186.42
G9    28.27   32.31   27.97   63.60  -10.92   -2.15   11.17  191.08
G10   26.37   33.21   29.18   64.33  -21.70   -2.87   21.90  187.53
G11   24.03   33.72   30.19   64.74  -33.39   -3.78   33.61  186.46
G12   23.76   34.15   31.06   65.08  -36.07   -4.54   36.36  187.17
G13   31.63   40.89   50.57   70.10  -26.27  -21.37   33.87  219.11
G14   34.73   24.02   38.99   56.11   44.92  -31.38   54.80  325.06
G15   51.82   54.51   14.81   78.76   -1.93   50.61   50.64   92.19
G16   10.53   10.86    9.02   39.34    0.49   -0.18    0.78  214.05
G17   29.51   21.27    9.62   53.24   38.49   21.72   44.20   29.44
G18   24.66   35.02   14.02   65.77  -35.07   30.25   46.32  139.23
G19   16.26   14.07   37.18   44.33   16.17  -49.24   51.83  288.18
G20   39.40   38.94   19.43   68.70    5.90   22.60   23.35   75.36
G21   38.11   37.52   13.62   67.66    6.31   34.59   35.16   79.66
G22   42.85   41.33    4.27   70.41    9.11   74.46   75.02   83.02
H1     2.86    3.30    3.35   21.20   -5.50   -4.55    7.21  219.02
H2     2.55    3.27    4.09   21.09  -10.83   -9.48   14.43  221.08
H3     2.22    3.13    4.90   20.57  -15.36  -14.92   21.45  224.11
H4     1.83    2.99    6.23   20.01  -21.77  -22.38   31.25  225.79
H5     9.28   10.63   11.09   38.94   -7.75   -7.67   10.96  224.29
H6     8.20   10.53   13.73   38.78  -16.29  -15.50   22.51  223.50
H7     7.83   11.17   18.62   39.86  -24.27  -25.40   35.16  226.28
H8     7.58   11.95   23.24   41.13  -32.06  -32.54   45.69  225.42
H9    30.09   32.46   30.59   63.72   -4.48   -6.16    7.65  233.61
H10   29.91   33.62   35.51   64.66   -9.23  -11.87   15.05  232.03
H11   29.69   34.92   40.33   65.68  -14.48  -16.65   22.06  228.96
H12   28.85   35.51   45.74   66.14  -19.68  -22.60   29.96  228.94
H13   28.55   38.19   50.01   68.16  -29.50  -24.08   38.08  219.23
H14   31.42   20.19   36.24   52.05   50.75  -34.64   61.45  325.69
H15   51.37   53.80   12.18   78.35   -1.34   57.02   57.04   91.35
H16    6.88    6.97    5.93   31.74    1.57   -0.79    1.83  333.30
H17   26.41   17.78    6.85   49.23   43.54   25.23   50.33   30.09
H18   21.36   31.93   11.32   63.29  -39.22   33.59   51.64  139.42
H19   12.89   10.58   34.45   38.86   19.23  -54.84   58.12  289.32
H20   42.97   44.06   19.52   72.27    1.44   28.55   28.58   87.11
H21   36.26   37.42   24.91   67.59    0.59   10.01   10.02   86.60
H22   38.51   41.46   14.45   70.49   -4.60   37.28   37.57   97.04
I1     4.44    4.55    6.01   25.41    0.75  -12.08   12.11  273.47
I2     4.50    4.53    8.69   25.36    1.70  -23.07   23.13  274.16
I3     4.44    4.48   13.52   25.19    1.66  -38.37   38.42  272.44
I4     4.52    4.57   17.60   25.48    1.47  -47.92   47.95  271.75
I5    13.06   13.54   13.68   43.56    0.08   -7.12    7.13  270.32
I6    13.02   13.37   18.13   43.32    0.82  -18.36   18.37  272.53
I7    13.85   14.03   24.43   44.27    2.06  -29.33   29.40  274.01
I8    14.47   14.49   31.40   44.93    3.07  -39.83   39.95  274.41
I9    31.78   32.62   31.45   63.85    1.18   -7.28    7.37  279.39
I10   32.03   33.04   35.94   64.19    0.64  -13.28   13.30  272.77
I11   32.58   33.60   39.90   64.64    0.65  -17.89   17.90  272.11
I12   31.60   32.30   46.35   63.59    1.66  -27.74   27.78  273.43
I13   25.30   35.17   49.29   65.88  -32.87  -27.20   42.66  219.61
I14   27.80   16.36   33.01   47.45   56.83  -37.91   68.31  326.29
I15   51.20   53.27    9.70   78.03   -0.43   64.19   64.19   90.39
I16    3.76    3.85    3.48   23.17    0.78   -2.08    2.26  291.91
I17   23.21   14.43    4.62   44.84   48.78   28.42   56.46   30.23
I18   17.77   28.32    8.75   60.18  -43.81   36.72   57.17  140.03
I19    9.49    7.12   30.82   32.09   23.56  -61.07   65.46  291.10
I20   43.16   46.96   19.52   74.17   -6.18   31.82   32.42  100.98
I21   14.44   18.57    5.39   50.18  -19.76   33.60   38.98  120.46
I22   31.89   39.23   19.77   68.92  -20.25   22.24   30.09  132.34
J1     1.51    1.25    2.54   10.94    8.97  -16.16   18.49  299.06
J2     1.73    1.17    4.51   10.36   17.33  -30.41   35.00  299.69
J3     2.09    1.20    7.48   10.59   24.94  -43.95   50.53  299.58
J4     2.31    1.23    9.98   10.74   28.95  -52.76   60.18  298.75
J5     9.01    8.57   10.02   35.13    6.55  -10.84   12.67  301.33
J6     9.90    8.73   14.18   35.45   12.35  -22.42   25.61  298.89
J7    11.08    9.17   19.22   36.31   17.62  -32.80   37.24  298.25
J8    12.06    9.50   24.15   36.93   21.94  -41.47   46.92  297.88
J9    27.24   27.30   26.06   59.25    3.72   -6.40    7.43  300.58
J10   28.00   27.48   29.71   59.41    6.04  -12.20   13.62  296.45
J11   30.40   28.81   35.77   60.61   10.05  -19.22   21.69  297.63
J12   32.06   29.48   41.25   61.20   13.58  -25.56   28.94  298.00
J13   23.13   33.04   48.62   64.19  -35.02  -29.34   45.69  219.96
J14   24.29   13.07   29.44   42.87   62.01  -40.29   73.96  326.98
J15   50.98   52.62    7.71   77.65    0.63   70.76   70.76   89.49
J16    2.44    2.47    2.12   17.76    1.20   -0.78    1.51  327.18
J17   20.03   11.44    2.84   40.31   53.40   32.03   62.27   30.95
J18   15.34   25.62    6.76   57.68  -46.64   40.18   61.57  139.26
J19    7.03    4.64   27.00   25.67   29.27  -65.93   72.13  293.94
J20   32.18   39.86   25.76   69.37  -21.19   11.58   24.15  151.36
J21    3.68    7.64    1.52   33.21  -43.83   32.09   54.33  143.79
J22    0.86    1.85    0.73   14.71  -28.60   11.58   30.85  157.96
K1     2.60    2.11    2.59   16.06   11.78   -7.78   14.14  326.70
K2     2.94    1.96    3.49   15.25   21.57  -15.77   26.73  323.87
K3     3.58    1.94    4.81   15.18   32.43  -23.75   40.20  323.80
K4     4.24    2.00    6.10   15.49   40.79  -29.61   50.40  324.03
K5     7.41    6.24    7.48   30.00   14.35  -10.49   17.81  323.97
K6     9.29    6.65   10.29   30.98   26.72  -18.86   32.71  324.80
K7    10.81    6.39   13.72   30.37   41.19  -29.98   50.96  323.96
K8    12.40    6.73   16.81   31.18   49.00  -36.27   60.97  323.49
K9    23.29   22.05   21.01   54.08    9.33   -5.88   11.05  327.88
K10   26.36   23.12   25.68   55.19   17.61  -12.73   21.74  324.15
K11   29.45   23.84   30.40   55.92   26.69  -19.31   32.94  324.12
K12   31.86   24.22   34.57   56.31   34.02  -24.93   42.17  323.76
K13   20.99   30.82   47.84   62.35  -36.94  -31.62   48.62  220.56
K14   20.54   10.04   25.14   37.91   66.21  -41.57   78.18  327.88
K15   50.93   52.01    6.05   77.28    2.06   77.16   77.19   88.48
K16    0.94    0.97    0.90    8.76    0.01   -1.62    1.64  271.65
K17   16.76    8.74    1.60   35.48   57.13   35.04   67.02   31.52
K18   12.98   22.82    5.07   54.89  -49.29   43.32   65.62  138.69
K19    4.82    2.58   21.99   18.25   36.53  -69.59   78.60  297.70
K20    3.63    4.64    3.55   25.70  -12.16    1.86   12.31  171.31
K21    1.91    2.53    2.58   18.03  -11.45   -4.28   12.22  200.52
K22    2.66    3.41    4.69   21.63  -11.14  -11.96   16.35  227.03
L1     2.72    2.25    2.15   16.73   11.16   -2.84   11.56  345.84
L2     3.15    2.11    2.39   16.07   21.58   -6.13   22.46  344.18
L3     3.56    1.99    2.57   15.41   31.11   -8.76   32.33  344.30
L4     4.28    2.02    2.94   15.60   40.77  -11.28   42.31  344.54
L5     7.90    6.49    6.28   30.62   16.19   -4.34   16.80  345.07
L6     9.56    6.50    6.87   30.63   30.40   -6.88   31.19  347.25
L7    11.59    6.37    7.41   30.31   47.11   -9.65   48.10  348.42
L8    12.62    6.51    8.08   30.66   52.77  -11.69   54.06  347.51
L9    23.43   22.04   18.47   54.06   10.01   -0.59   10.08  236.62
L10   26.93   23.24   20.47   55.31   19.45   -2.66   19.66  352.20
L11   29.72   23.54   21.76   55.61   29.01   -4.72   29.40  350.76
L12   31.07   24.04   23.18   56.13   31.86   -6.56   32.54  348.36
L13   18.04   27.47   46.55   59.41  -39.08  -35.17   52.58  221.99
L14   15.11    6.48   18.05   30.59   68.76  -40.14   79.62  329.73
L15   50.90   50.76    3.72   76.53    5.21   88.40   88.56   86.63
L16    0.23    0.21    0.37    1.89    0.93   -3.78    3.89  283.75
L17   12.08    5.58    0.42   28.34   59.09   40.93   71.88   34.71
L18    9.81   18.46    2.78   50.05  -51.24   49.31   71.12  136.10
L19    2.55    0.90   13.54    8.11   44.94  -67.88   81.41  303.51
L20    0.96    1.10    1.60    9.80   -3.89   -9.25   10.04  247.17
L21    1.42    1.26    1.70   10.98    6.15   -8.27   10.31  306.66
L22    3.24    2.51    2.34   17.99   14.82   -2.36   15.01  350.94
GS0    58.72   60.51   53.13   82.11    0.90   -3.46    3.58  284.43
GS1    55.57   57.69   47.57   80.56   -0.15    0.10    0.42  186.95
GS2    51.15   53.14   43.88   77.95   -0.25    0.02    0.53  187.86
GS3    45.97   47.34   38.80   74.41    0.92    0.41    1.20  142.68
GS4    40.64   42.08   34.38   70.92    0.21    0.55    0.88  155.35
GS5    34.51   35.64   29.55   66.25    0.50   -0.16    1.12  236.15
GS6    28.76   29.68   25.01   61.38    0.53   -0.86    1.37  220.48
GS7    24.23   24.92   21.06   57.00    0.86   -0.95    1.61  211.26
GS8    20.94   21.51   18.13   53.51    0.95   -0.80    1.66  215.39
GS9    17.70   18.35   15.05   49.92    0.02    0.27    0.89  202.64
GS10   14.45   14.92   12.37   45.52    0.37   -0.11    0.92  217.38
GS11   12.39   12.78   10.65   42.43    0.46   -0.29    0.99  213.15
GS12   10.59   10.94    9.17   39.48    0.24   -0.45    1.05  204.07
GS13    8.77    9.07    7.53   36.11    0.23   -0.18    0.80  206.14
GS14    6.58    6.84    5.74   31.44   -0.13   -0.44    0.80  185.50
GS15    5.04    5.27    4.32   27.48   -0.53    0.20    0.79  162.97
GS16    3.73    3.92    3.45   23.38   -0.73   -1.51    1.67  243.78
GS17    2.58    2.72    2.26   18.90   -1.00   -0.12    1.03  184.45
GS18    1.61    1.67    1.50   13.65   -0.03   -1.46    1.47  269.22
GS19    1.19    1.26    1.07   10.98   -0.85   -0.43    0.97  208.57
GS20    0.76    0.78    0.71    7.07    0.44   -1.22    1.33  290.24
GS21    0.39    0.40    0.40    3.63    0.00   -1.23    1.24  270.26
GS22    0.27    0.27    0.26    2.46    0.20   -0.63    0.67  288.91
GS23    0.09    0.11    0.16    1.01   -0.56   -1.37    1.48  247.93
END_DATA