IT8.7/1
ORIGINATOR "FotoTune"
DESCRIPTOR "Agfa IT8"
MATERIAL "AgfachromeRS100Plus"
MANUFACTURER "Agfa"
CREATED "Tue Sep 17 17:45:13 1996"
PROD_DATE "1996:09"
SERIAL "4x5 b60909xx"
NUMBER_OF_FIELDS 9
BEGIN_DATA_FORMAT
SAMPLE_ID XYZ_X XYZ_Y XYZ_Z LAB_L LAB_A LAB_B LAB_C LAB_H
END_DATA_FORMAT
NUMBER_OF_SETS 288
BEGIN_DATA
A1     2.49    2.09    1.50   15.93   10.08    2.56   10.41   14.18
A2     2.85    1.96    1.21   15.28   19.70    5.05   20.34   14.38
A3     3.26    1.87    1.02   14.80   28.92    6.82   29.72   13.25
A4     3.97    1.95    0.98   15.23   38.12    8.26   39.01   12.22
A5     9.81    8.60    6.01   35.20   12.74    4.81   13.63   20.58
A6    11.31    8.31    5.15   34.63   26.49    8.01   27.68   16.79
A7    13.65    8.55    4.45   35.11   40.32   12.57   42.24   17.31
A8    16.01    8.95    4.22   35.89   51.15   15.29   53.40   16.63
A9    26.74   25.92   19.27   57.96    7.27    4.41    8.56   30.79
A10   29.62   26.94   19.15   58.91   14.45    6.32   15.79   23.49
A11   31.86   27.29   18.14   59.24   21.37    9.07   23.23   22.93
A12   33.10   27.58   18.24   59.50   24.67    9.30   26.38   20.61
A13   56.34   58.49   51.74   81.01   -0.14   -3.86    3.87  267.63
A14   57.09   58.89   52.00   81.22    0.76   -3.77    3.86  281.10
A15   56.48   58.74   47.39   81.15   -0.39    1.32    1.39  105.06
A16   56.02   58.32   47.62   80.92   -0.54    0.65    0.85  129.93
A17   56.86   58.92   47.96   81.24    0.12    0.82    0.92   73.82
A18   57.02   59.35   48.55   81.48   -0.51    0.56    0.78  139.33
A19   58.35   60.29   53.29   81.99    0.53   -3.86    3.91  277.35
A20    2.03    1.24    0.51   10.83   22.47    9.06   24.23   21.93
A21    5.68    2.97    0.57   19.93   39.65   23.58   46.14   30.74
A22   10.07    4.86    0.35   26.33   53.02   38.80   65.70   36.19
B1     3.32    2.98    1.77   19.97    7.66    6.48   10.03   40.18
B2     3.94    3.03    1.14   20.16   16.35   14.35   21.76   41.24
B3     4.24    2.86    0.77   19.44   23.77   18.99   30.42   38.60
B4     4.47    2.63    0.34   18.49   30.86   25.45   39.99   39.51
B5    12.34   11.13    6.38   39.80   11.42   11.06   15.91   44.01
B6    14.05   11.08    4.35   39.72   22.95   21.14   31.21   42.64
B7    16.20   11.00    2.86   39.58   36.36   30.68   47.58   40.15
B8    17.89   11.38    2.52   40.21   42.94   34.46   55.06   38.74
B9    31.88   31.55   23.02   62.97    5.34    5.52    7.72   45.54
B10   34.16   32.30   20.61   63.58   10.74   11.33   15.63   46.40
B11   35.94   32.75   19.16   63.96   15.18   15.01   21.35   44.58
B12   36.83   32.88   18.67   64.06   17.68   16.25   24.03   42.51
B13   51.57   55.50   51.82   79.32   -5.04   -6.84    8.51  233.62
B14   53.59   52.51   50.38   77.58    7.69   -8.25   11.28  313.01
B15   55.39   57.95   41.61   80.71   -1.25    7.62    7.72   99.23
B16   47.17   49.00   40.92   75.44   -0.20   -0.57    0.95  223.65
B17   52.53   52.26   41.01   77.43    5.63    2.74    6.30   26.17
B18   51.26   55.60   42.72   79.38   -6.12    3.92    7.28  147.50
B19   50.57   51.75   51.50   77.11    1.80  -10.31   10.48  279.65
B20    3.93    2.48    0.72   17.81   26.34   17.18   31.45   33.11
B21    9.13    4.45    0.42   25.09   50.74   35.24   61.78   34.78
B22   33.88   29.91   16.99   61.56   18.42   15.70   24.23   40.38
C1     6.53    6.43    3.53   30.48    3.48   10.22   10.80   71.21
C2     6.61    6.14    2.24   29.76    7.34   18.77   20.16   68.65
C3     6.98    6.09    1.40   29.62   11.78   27.30   29.73   66.67
C4     7.87    6.35    0.70   30.27   17.37   38.99   42.69   65.99
C5    22.01   21.40   10.23   53.38    6.53   19.94   20.99   71.89
C6    23.80   21.48    6.12   53.47   14.18   35.80   38.51   68.39
C7    26.22   21.85    2.92   53.87   22.76   54.81   59.35   67.45
C8    23.74   20.05    2.82   51.90   20.75   52.17   56.14   68.32
C9    37.55   38.50   27.89   68.38    1.28    6.33    8.64  107.14
C10   38.98   38.31   22.55   68.25    6.54   15.54   16.87   67.12
C11   40.47   38.90   19.67   68.68    9.36   22.05   23.96   66.96
C12   40.99   39.04   18.57   68.78   10.53   24.60   26.76   66.80
C13   46.37   51.98   51.58   77.26  -10.30  -10.14   14.46  224.54
C14   49.28   45.11   48.12   72.96   16.30  -13.64   21.25  320.07
C15   53.83   56.82   33.15   80.08   -2.45   18.14   18.31   97.68
C16   37.07   38.43   31.58   68.33    0.05    0.26    0.89  164.94
C17   46.83   44.03   31.30   72.24   12.65    7.43   14.70   30.41
C18   44.49   50.99   34.37   76.67  -13.09   10.48   16.78  141.40
C19   41.11   41.23   48.81   70.32    4.19  -18.98   19.45  282.38
C20    2.78    2.16    1.17   16.32   13.94    7.34   15.76   27.74
C21   27.38   21.76    8.38   53.76   27.90   27.03   38.85   44.08
C22   39.95   37.88   24.72   67.91   10.99   10.94   15.55   44.71
D1     4.35    4.60    2.55   25.55   -1.21    8.97    9.05   97.72
D2     4.16    4.44    1.67   25.08   -1.70   16.33   16.42   95.94
D3     4.16    4.44    1.06   25.09   -1.69   24.01   24.07   94.04
D4     4.67    4.96    0.77   26.61   -1.48   31.32   31.35   92.70
D5    16.47   17.31    8.49   48.64   -1.23   17.79   17.84   93.97
D6    15.99   17.14    5.05   48.44   -3.07   32.32   32.47   95.44
D7    14.96   16.51    2.49   47.64   -5.66   47.46   47.80   96.81
D8    14.47   15.90    2.12   46.84   -5.16   49.34   49.61   95.97
D9    44.03   46.10   23.06   73.61   -1.20   23.81   23.84   92.91
D10   43.71   46.17   14.54   73.65   -2.35   42.50   42.56   93.17
D11   44.38   47.22    7.59   74.33   -3.33   65.53   65.62   92.91
D12   43.22   46.83    8.93   74.07   -5.60   60.05   60.31   95.33
D13   41.33   48.38   51.19   75.06  -15.54  -13.51   20.59  221.00
D14   45.62   39.15   46.07   68.85   23.86  -18.33   30.09  322.47
D15   52.85   56.04   26.45   79.63   -3.02   28.08   28.23   96.16
D16   27.90   29.05   24.83   60.81   -0.42   -1.52    1.82  233.65
D17   42.05   37.28   23.61   67.48   19.31   12.22   22.86   32.28
D18   37.90   46.19   27.12   73.67  -20.25   16.66   26.23  140.62
D19   32.22   31.71   45.68   63.08    6.03  -27.79   28.44  282.19
D20   18.67   14.87    5.97   45.44   24.40   22.65   33.31   42.85
D21   26.62   26.00   16.79   58.02    6.45   10.06   11.99   56.96
D22   43.54   42.78   28.26   71.39    6.84   10.82   12.86   57.35
E1     5.71    6.53    3.83   30.70   -6.39    8.69   10.79  126.33
E2     5.09    6.45    2.15   30.53  -13.04   20.94   24.68  121.93
E3     5.01    6.58    1.72   30.81  -15.26   25.73   29.92  120.68
E4     4.30    6.38    1.04   30.34  -22.50   33.42   40.29  123.95
E5    22.01   25.60   13.40   57.66  -11.91   17.93   21.54  123.64
E6    20.26   25.54    9.04   57.59  -19.99   31.24   37.10  122.63
E7    19.21   26.61    5.65   58.61  -29.58   46.86   55.42  122.27
E8    18.66   27.58    4.80   59.51  -36.30   52.72   64.02  124.55
E9    42.21   46.23   29.88   73.69   -6.96   12.17   14.03  119.89
E10   40.60   46.71   23.92   74.00  -13.18   22.88   26.42  120.00
E11   37.54   45.25   18.82   73.06  -18.77   31.42   36.61  120.89
E12   36.87   44.76   18.46   72.73  -19.56   31.66   37.22  121.75
E13   37.21   45.33   51.00   73.11  -20.07  -16.66   26.08  219.69
E14   41.42   32.97   43.47   64.13   31.86  -23.30   39.48  323.83
E15   52.01   55.23   20.69   79.17   -3.22   38.05   38.18   94.84
E16   20.29   21.07   18.09   53.02   -0.16   -1.53    1.81  231.37
E17   36.78   30.28   16.61   61.89   26.85   17.17   31.88   32.56
E18   31.45   41.16   21.35   70.28  -27.80   21.40   35.22  142.46
E19   24.99   23.74   42.53   55.81    9.19  -36.47   37.61  284.12
E20   23.69   16.89    1.72   48.11   36.75   55.50   66.57   56.48
E21   22.26   19.01    5.28   50.68   19.26   35.04   39.99   61.17
E22   34.01   30.70   12.04   62.24   15.95   29.66   33.69   61.67
F1     3.87    4.67    3.32   25.76   -8.88    3.49    9.55  158.53
F2     3.16    4.65    2.85   25.69  -19.74    6.78   20.88  161.04
F3     2.71    4.81    2.69   26.17  -29.77    8.87   31.07  163.39
F4     2.28    4.74    2.47   25.98  -37.40   10.34   38.81  164.53
F5    10.85   13.78    9.12   43.91  -16.85    7.36   18.40  156.41
F6     9.00   13.83    7.88   43.98  -31.76   12.05   33.98  159.23
F7     7.56   14.16    7.25   44.47  -46.60   15.39   49.08  161.73
F8     7.15   15.06    7.34   45.71  -55.99   17.17   58.57  162.95
F9    27.13   31.52   23.70   62.94  -12.63    4.22   13.36  161.62
F10   25.16   32.45   21.76   63.71  -24.11    9.25   25.84  159.06
F11   23.08   33.00   20.21   64.16  -35.08   13.15   37.49  159.48
F12   22.12   32.92   19.77   64.09  -39.14   13.94   41.57  160.41
F13   33.30   42.22   50.34   71.02  -24.31  -19.52   31.18  218.77
F14   38.08   28.33   41.15   60.18   38.43  -27.18   47.07  324.72
F15   51.64   54.72   17.30   78.88   -2.93   44.83   44.92   93.74
F16   15.34   15.88   13.38   46.81    0.16   -0.70    1.38  231.37
F17   32.91   25.36   12.27   57.42   32.95   20.67   38.91   32.09
F18   28.00   38.14   16.99   68.12  -31.53   27.00   41.52  139.44
F19   20.12   18.41   39.88   49.97   12.11  -43.14   44.80  285.67
F20   30.74   30.17   16.56   61.78    6.21   17.09   18.19   69.92
F21   38.18   36.31   15.72   66.74   10.44   27.65   29.57   69.24
F22   42.18   41.11   22.19   70.23    7.78   19.66   21.16   68.31
G1     2.75    3.38    2.79   21.52   -9.15    0.05    9.16  179.57
G2     2.34    3.27    2.98   21.10  -15.10   -2.11   15.26  187.90
G3     2.03    3.21    3.20   20.86  -20.95   -4.12   21.36  191.10
G4     1.37    2.97    3.47   19.90  -33.79   -7.59   34.64  192.64
G5    10.96   13.62   11.27   43.67  -15.04   -0.06   15.06  180.17
G6     9.24   13.67   12.06   43.75  -28.73   -2.28   28.83  184.54
G7     7.99   13.98   13.31   44.20  -41.51   -5.02   41.82  186.89
G8     7.59   14.99   14.80   45.61  -51.36   -6.50   51.78  187.21
G9    27.68   31.99   28.19   63.33  -12.12   -2.98   12.52  193.78
G10   25.87   32.91   29.40   64.09  -22.73   -3.64   23.05  189.10
G11   23.27   33.04   29.96   64.20  -34.40   -4.34   34.68  187.21
G12   23.08   33.55   30.94   64.61  -37.00   -5.18   37.37  187.98
G13   30.57   39.90   50.00   69.40  -27.17  -21.94   34.93  218.91
G14   34.89   24.24   38.72   56.33   44.53  -30.64   54.05  325.46
G15   51.28   54.22   14.84   78.59   -2.62   50.26   50.33   92.99
G16   10.50   10.95    9.17   39.49   -0.49   -0.41    1.26  207.54
G17   29.85   21.56    9.61   53.55   38.46   22.33   44.48   30.12
G18   24.50   35.08   14.40   65.81  -35.94   29.36   46.42  140.78
G19   16.13   14.11   37.15   44.38   15.21  -49.12   51.43  287.20
G20   39.53   39.41   20.24   69.03    4.87   21.50   22.05   77.17
G21   38.34   38.07   14.35   68.06    5.31   33.36   33.78   80.93
G22   43.11   41.95    4.55   70.82    8.03   73.65   74.09   83.77
H1     2.88    3.36    3.50   21.43   -6.28   -5.15    8.13  219.31
H2     2.56    3.32    4.29   21.25  -11.44  -10.36   15.44  222.14
H3     2.27    3.23    5.18   20.91  -15.84  -15.80   22.38  224.92
H4     1.92    3.10    6.61   20.42  -21.47  -23.37   31.74  227.42
H5     9.30   10.81   11.68   39.26   -8.95   -8.89   12.62  224.68
H6     8.19   10.65   14.30   38.99  -17.24  -16.65   23.98  223.98
H7     7.81   11.22   19.07   39.94  -24.77  -26.22   36.08  226.62
H8     7.48   11.80   23.25   40.88  -31.93  -32.98   45.91  225.92
H9    29.40   32.03   30.68   63.37   -5.58   -6.92    8.90  231.04
H10   29.23   33.12   35.50   64.25  -10.07  -12.54   16.10  231.21
H11   28.54   33.87   39.75   64.86  -15.31  -17.32   23.12  228.51
H12   27.77   34.45   45.18   65.32  -20.30  -23.35   30.95  229.00
H13   27.77   37.49   49.63   67.64  -30.33  -24.55   39.03  219.00
H14   31.52   20.32   35.84   52.20   50.45  -33.81   60.74  326.17
H15   50.96   53.63   12.23   78.25   -2.00   56.72   56.76   92.02
H16    6.94    7.12    6.10   32.08    0.72   -0.97    1.46  229.88
H17   26.84   18.11    6.87   49.62   43.58   25.91   50.71   30.72
H18   21.19   31.94   11.69   63.29  -40.09   32.52   51.63  140.97
H19   12.79   10.61   34.42   38.90   18.34  -54.73   57.71  288.52
H20   42.92   44.34   20.46   72.44    0.50   26.92   26.94   88.93
H21   36.51   37.99   26.38   67.99   -0.40    8.15    8.17   92.45
H22   38.86   42.27   15.48   71.04   -5.89   35.65   36.13   99.39
I1     4.46    4.62    6.29   25.61    0.16  -13.00   13.00  270.71
I2     4.54    4.62    9.13   25.62    1.13  -24.21   24.24  272.68
I3     4.47    4.53   13.98   25.35    1.47  -39.33   39.36  272.13
I4     4.55    4.61   17.91   25.60    1.42  -48.42   48.44  271.68
I5    12.99   13.65   14.10   43.74   -1.17   -7.94    8.03  261.68
I6    13.03   13.55   18.75   43.58   -0.28  -19.25   19.26  269.18
I7    13.64   13.98   24.62   44.20    1.03  -29.78   29.81  271.97
I8    14.11   14.25   31.28   44.59    2.33  -40.22   40.28  273.32
I9    30.99   32.08   31.42   63.41    0.17   -7.98    7.98  271.19
I10   31.15   32.38   35.62   63.65   -0.24  -13.76   13.77  268.96
I11   31.74   32.98   39.57   64.15   -0.21  -18.31   18.31  269.32
I12   30.58   31.53   45.80   62.96    0.64  -28.17   28.18  271.29
I13   24.61   34.52   48.76   65.38  -33.62  -27.47   43.41  219.25
I14   27.85   16.49   32.47   47.61   56.31  -36.81   67.28  326.83
I15   50.64   52.94    9.71   77.83   -1.08   63.82   63.83   90.97
I16    3.82    3.96    3.61   23.52    0.09   -2.25    2.26  273.01
I17   23.74   14.80    4.62   45.35   48.90   29.34   57.03   30.95
I18   17.57   28.27    9.01   60.13  -44.70   35.74   57.24  141.37
I19    9.38    7.12   30.67   32.06   22.73  -60.86   64.97  290.48
I20   42.98   47.09   20.42   74.24   -7.05   30.08   30.90  103.20
I21   14.63   19.10    5.84   50.79  -21.29   32.48   38.85  123.27
I22   32.11   39.82   21.12   69.33  -21.28   20.20   29.36  136.58
J1     1.51    1.25    2.62   10.96    8.82  -16.76   18.95  297.74
J2     1.73    1.17    4.64   10.29   17.52  -31.25   35.82  299.28
J3     2.09    1.20    7.61   10.53   25.09  -44.57   51.15  299.38
J4     2.33    1.23   10.10   10.79   28.98  -53.06   60.46  298.64
J5     9.04    8.72   10.33   35.43    5.43  -11.34   12.59  295.74
J6     9.86    8.79   14.57   35.58   11.49  -23.24   25.92  296.32
J7    10.84    9.06   19.15   36.10   16.72  -33.03   37.03  296.86
J8    11.75    9.32   24.00   36.60   21.19  -41.76   46.84  296.91
J9    26.47   26.75   25.89   58.75    2.78   -6.96    7.50  291.86
J10   27.17   26.87   29.44   58.85    5.15  -12.75   13.75  292.03
J11   29.54   28.21   35.35   60.08    9.17  -19.54   21.58  295.14
J12   31.27   28.98   40.84   60.76   12.64  -25.79   28.72  296.11
J13   22.48   32.38   48.00   63.65  -35.61  -29.55   46.28  219.69
J14   24.50   13.30   28.93   43.20   61.48  -38.89   72.75  327.68
J15   50.43   52.24    7.74   77.42    0.17   70.26   70.26   89.87
J16    2.48    2.54    2.18   18.07    0.81   -0.77    1.30  237.99
J17   20.58   11.81    2.83   40.90   53.54   33.18   62.99   31.78
J18   15.09   25.49    6.88   57.55  -47.56   39.52   61.84  140.29
J19    6.97    4.64   26.83   25.67   28.59  -65.61   71.57  293.54
J20   32.15   40.11   27.08   69.54  -22.05    9.60   24.07  156.54
J21    3.86    8.04    1.69   34.05  -44.84   31.67   54.90  144.78
J22    0.95    2.01    0.80   15.52  -28.90   11.71   31.22  157.91
K1     2.60    2.13    2.66   16.17   11.33   -8.16   13.97  324.25
K2     2.98    1.99    3.65   15.46   21.33  -16.49   26.97  322.32
K3     3.62    1.98    5.04   15.37   32.27  -24.64   40.60  322.65
K4     4.29    2.05    6.28   15.73   40.40  -30.01   50.33  323.40
K5     7.44    6.34    7.73   30.25   13.44  -11.06   17.42  320.59
K6     9.38    6.77   10.66   31.27   26.12  -19.57   32.64  323.16
K7    10.76    6.41   13.82   30.42   40.58  -30.16   50.57  323.38
K8    12.29    6.74   16.77   31.20   48.19  -36.16   60.25  323.12
K9    22.66   21.66   20.84   53.67    8.24   -6.25   10.36  322.91
K10   25.69   22.71   25.29   54.77   16.69  -12.77   21.02  322.59
K11   28.76   23.44   29.91   55.51   25.80  -19.24   32.18  323.29
K12   31.37   23.98   34.07   56.07   33.23  -24.61   41.36  323.48
K13   20.44   30.20   47.21   61.83  -37.33  -31.78   49.03  220.41
K14   20.82   10.32   24.69   38.40   65.49  -39.92   76.70  328.64
K15   50.32   51.61    6.13   77.05    1.47   76.42   76.43   88.90
K16    0.99    1.03    0.93    9.20    0.01   -1.41    1.56  270.07
K17   17.30    9.10    1.59   36.16   57.16   36.37   67.75   32.47
K18   12.77   22.67    5.13   54.73  -50.05   42.77   65.84  139.49
K19    4.82    2.62   21.87   18.45   35.69  -69.02   77.71  297.34
K20    3.73    4.82    3.84   26.20  -12.88    0.89   12.93  176.08
K21    2.01    2.66    2.83   18.62  -11.66   -5.23   12.81  204.04
K22    2.82    3.59    5.21   22.26  -11.00  -13.61   17.52  230.95
L1     2.72    2.28    2.22   16.88   10.57   -3.24   11.06  342.97
L2     3.18    2.16    2.49   16.31   21.09   -6.46   22.07  342.96
L3     3.61    2.03    2.68   15.63   30.83   -9.28   32.21  343.24
L4     4.31    2.07    3.01   15.85   40.18  -11.35   41.77  344.23
L5     7.92    6.60    6.50   30.89   15.21   -4.84   15.99  342.37
L6     9.58    6.58    7.03   30.82   29.78   -7.23   30.66  346.35
L7    11.60    6.44    7.49   30.49   46.48   -9.66   47.48  348.26
L8    12.65    6.59    8.02   30.86   52.08  -11.11   53.26  347.96
L9    22.94   21.78   18.53   53.80    8.98   -1.18    9.11  262.52
L10   26.28   22.83   20.26   54.89   18.60   -2.95   18.85  350.97
L11   29.28   23.31   21.44   55.38   28.37   -4.49   28.74  351.02
L12   30.67   23.84   22.63   55.92   31.31   -5.88   31.86  349.37
L13   17.68   27.05   45.99   59.01  -39.32  -35.19   52.77  221.82
L14   15.55    6.83   17.77   31.42   67.75  -38.06   77.71  330.67
L15   50.42   50.39    3.84   76.31    4.90   87.26   87.40   86.78
L16    0.25    0.23    0.39    2.11    1.12   -3.70    3.89  286.73
L17   12.64    5.93    0.44   29.24   58.98   42.20   72.52   35.58
L18    9.71   18.37    2.83   49.94  -51.63   48.77   71.03  136.63
L19    2.57    0.94   13.52    8.51   43.68  -67.13   80.09  303.05
L20    1.00    1.14    1.71   10.14   -3.68   -9.86   10.55  249.58
L21    1.48    1.31    1.85   11.34    6.24   -9.16   11.10  304.32
L22    3.35    2.62    2.54   18.42   14.74   -3.28   15.11  347.51
GS0    56.92   58.74   51.79   81.14    0.69   -3.67    3.74  280.74
GS1    54.23   56.41   46.91   79.84   -0.41   -0.36    0.59  215.10
GS2    50.12   52.16   43.73   77.38   -0.48   -0.79    0.94  237.50
GS3    45.10   46.57   38.90   73.91    0.55   -0.58    0.88  317.80
GS4    40.01   41.60   34.57   70.59   -0.32   -0.30    0.59  199.82
GS5    33.97   35.31   29.95   65.99   -0.26   -1.25    1.28  259.12
GS6    28.72   29.88   25.76   61.55   -0.36   -1.90    1.96  258.56
GS7    24.00   24.88   21.35   56.96    0.03   -1.60    1.65  277.55
GS8    20.50   21.26   18.31   53.23   -0.01   -1.66    1.72  274.83
GS9    17.36   18.15   15.15   49.68   -0.78   -0.37    1.40  176.15
GS10   14.32   14.94   12.49   45.55   -0.56   -0.44    1.23  167.00
GS11   12.27   12.79   10.65   42.44   -0.44   -0.24    1.22  166.92
GS12   10.42   10.91    9.13   39.43   -0.76   -0.40    1.22  193.70
GS13    8.66    9.05    7.47   36.06   -0.54    0.02    1.09  174.13
GS14    6.45    6.77    5.65   31.28   -0.81   -0.28    1.17  189.48
GS15    4.98    5.27    4.28   27.49   -1.25    0.40    1.49  165.92
GS16    3.69    3.92    3.43   23.40   -1.32   -1.32    1.94  222.22
GS17    2.61    2.78    2.30   19.12   -1.35   -0.04    1.45  181.83
GS18    1.65    1.72    1.55   13.92   -0.19   -1.47    1.54  263.02
GS19    1.24    1.31    1.12   11.35   -0.93   -0.53    1.16  185.26
GS20    0.81    0.82    0.75    7.39    0.74   -1.35    1.72  297.78
GS21    0.41    0.42    0.41    3.82    0.38   -1.19    1.47  286.51
GS22    0.29    0.29    0.27    2.64    0.57   -0.60    1.00  304.47
GS23    0.11    0.12    0.18    1.11   -0.38   -1.39    1.47  256.11
END_DATA