IT8.7/1
ORIGINATOR "FotoTune"
DESCRIPTOR "Agfa IT8"
MATERIAL "AgfachromeRS100Plus"
MANUFACTURER "Agfa"
CREATED "Tue Oct 27 12:02:50 1998"
PROD_DATE "1998:010"
SERIAL "4x5 bm0710xx"
NUMBER_OF_FIELDS 9
BEGIN_DATA_FORMAT
SAMPLE_ID XYZ_X XYZ_Y XYZ_Z LAB_L LAB_A LAB_B LAB_C LAB_H
END_DATA_FORMAT
NUMBER_OF_SETS 288
BEGIN_DATA
A1     2.62    2.24    1.71   16.70    9.31    1.48    9.44    8.99
A2     2.85    1.99    1.29   15.44   18.99    4.25   19.47   12.61
A3     3.56    2.11    1.09   16.03   28.48    8.07   29.60   15.83
A4     4.51    2.35    1.15   17.23   36.88    9.15   38.00   13.93
A5    10.15    8.69    6.02   35.39   14.62    5.09   15.49   19.17
A6    11.98    8.62    5.12   35.24   28.63    9.16   30.07   17.73
A7    13.98    8.59    4.59   35.18   42.06   11.95   43.74   15.87
A8    15.65    8.93    3.81   35.86   49.17   17.74   52.27   19.84
A9    28.69   27.43   19.73   59.36    8.94    5.86   10.69   33.25
A10   30.22   27.11   18.82   59.07   16.02    7.31   17.61   24.49
A11   32.22   27.00   17.74   58.97   23.80    9.53   25.64   21.83
A12   33.00   27.15   17.17   59.11   25.99   11.03   28.24   22.99
A13   56.50   58.11   46.92   80.79    1.17    1.27    1.75   48.26
A14   57.56   58.49   46.94   81.01    2.85    1.61    3.28   29.61
A15   57.52   58.71   45.60   81.12    2.24    3.40    4.07   56.72
A16   57.73   58.84   47.04   81.20    2.44    1.83    3.05   36.89
A17   57.17   58.14   45.40   80.82    2.72    3.11    4.14   48.89
A18   55.97   57.62   45.39   80.52    1.01    2.62    2.82   68.91
A19   56.04   57.41   46.76   80.40    1.71    0.78    1.89   24.69
A20    2.24    1.56    0.65   12.98   17.64   10.03   20.29   29.65
A21    5.72    3.26    0.64   21.09   35.15   24.30   42.73   34.65
A22   10.68    5.44    0.45   27.97   50.60   39.68   64.31   38.10
B1     3.85    3.46    2.07   21.78    7.99    6.65   10.41   39.69
B2     4.22    3.30    1.33   21.19   15.91   13.62   20.95   40.54
B3     4.74    3.24    0.82   20.97   23.90   20.73   31.63   40.92
B4     5.23    3.22    0.42   20.92   30.20   28.08   41.24   42.90
B5    13.39   11.94    6.36   41.13   12.64   13.40   18.42   46.66
B6    14.94   11.85    4.27   40.99   22.93   23.78   33.03   46.04
B7    16.82   11.31    2.73   40.09   37.56   32.54   49.69   40.91
B8    18.15   11.59    2.32   40.57   42.74   36.76   56.37   40.71
B9    34.57   33.72   24.00   64.74    7.19    6.74    9.85   43.17
B10   35.86   33.36   20.75   64.44   12.84   12.52   17.92   44.29
B11   38.03   33.82   18.89   64.82   18.33   17.05   25.03   42.93
B12   37.71   32.95   17.72   64.12   20.28   18.42   27.41   42.25
B13   51.15   54.72   46.79   78.88   -4.22   -1.89    4.62  204.21
B14   53.78   52.01   45.29   77.29    9.45   -2.86    9.88  343.22
B15   56.32   57.92   38.92   80.69    1.14   11.09   11.15   84.14
B16   46.93   48.18   38.74   74.93    1.35    1.42    1.98   47.72
B17   52.69   51.54   37.70   76.99    7.90    6.38   10.16   38.96
B18   49.90   53.90   38.90   78.40   -5.49    7.18    9.04  127.42
B19   47.43   48.18   45.08   74.93    2.74   -6.64    7.19  292.25
B20    3.92    2.68    0.78   18.74   22.28   17.49   28.32   38.13
B21    9.76    5.10    0.54   27.03   47.59   36.28   59.85   37.32
B22   28.08   24.28   13.02   56.37   19.48   16.74   25.69   40.68
C1     6.87    6.64    3.55   30.97    4.87   10.91   11.94   65.90
C2     6.77    6.23    2.28   29.98    8.02   18.88   20.51   66.96
C3     7.11    6.16    1.21   29.81   12.22   30.06   32.46   67.88
C4     8.30    6.68    0.75   31.08   17.75   39.33   43.16   65.71
C5    23.39   22.21   10.81   54.25    9.02   19.59   21.57   65.27
C6    25.18   22.23    6.27   54.28   16.68   36.47   40.11   65.43
C7    28.38   23.31    3.19   55.40   24.85   55.47   60.78   65.88
C8    25.43   20.51    2.76   52.42   25.74   53.59   59.46   64.34
C9    38.20   38.27   25.86   68.22    4.19    9.43   10.32   66.06
C10   40.07   39.13   22.74   68.84    7.41   16.19   17.81   65.41
C11   41.06   38.81   19.12   68.60   11.46   23.09   25.78   63.61
C12   41.34   38.72   17.20   68.54   12.59   27.24   30.01   65.18
C13   44.85   50.49   46.40   76.38  -10.74   -5.74   12.18  208.11
C14   48.53   43.50   42.87   71.89   18.86   -9.18   20.99  334.04
C15   54.93   56.86   30.94   80.10    0.25   21.54   21.54   89.35
C16   35.99   36.89   29.60   67.19    1.39    1.38    1.97   44.65
C17   46.18   42.25   28.17   71.04   15.99   10.35   19.06   32.92
C18   42.08   48.53   30.60   75.15  -13.67   13.52   19.23  135.30
C19   36.43   36.12   42.15   66.61    5.39  -17.37   18.19  287.20
C20    2.78    2.30    1.21   17.01   11.08    7.91   13.61   35.50
C21   23.08   17.97    6.40   49.45   28.33   27.60   39.54   44.26
C22   35.07   32.35   19.64   63.63   13.64   13.42   19.13   44.53
D1     4.53    4.73    2.58   25.95   -0.38    9.33    9.34   92.44
D2     4.35    4.59    1.66   25.53   -1.14   17.14   17.17   93.82
D3     4.34    4.50    0.90   25.26    0.01   26.74   26.74   89.97
D4     4.52    4.81    0.78   26.19   -1.48   30.49   30.52   92.79
D5    17.73   18.26    8.93   49.81    0.68   18.18   18.19   87.90
D6    17.00   17.58    4.73   48.97    0.29   34.94   34.94   89.53
D7    16.64   17.23    2.30   48.54    0.14   50.74   50.74   89.83
D8    16.64   17.10    2.38   48.39    0.86   49.65   49.65   89.01
D9    44.42   45.76   22.31   73.40    0.86   24.85   24.88   88.04
D10   44.64   45.97   13.63   73.53    0.89   44.67   44.68   88.86
D11   44.76   46.24    6.76   73.70    0.49   67.85   67.85   89.58
D12   42.61   45.25    7.94   73.06   -3.01   61.93   62.01   92.79
D13   40.62   47.42   46.01   74.46  -15.09   -8.59   17.36  209.64
D14   44.75   37.85   40.83   67.90   25.45  -13.45   28.79  332.14
D15   54.01   56.08   25.42   79.66   -0.16   29.94   29.94   90.32
D16   27.56   28.25   22.22   60.11    1.26    2.13    2.48   60.32
D17   41.72   36.22   22.10   66.68   21.76   13.70   25.71   32.20
D18   36.90   44.60   24.85   72.63  -19.01   18.81   26.74  135.32
D19   29.92   28.93   39.68   60.72    7.85  -24.36   25.60  287.86
D20   16.72   13.05    4.61   42.83   25.24   24.97   35.50   44.69
D21   22.11   21.06   12.95   53.01    8.54   11.17   14.06   52.61
D22   39.03   37.44   22.68   67.60    9.51   14.16   17.06   56.15
E1     6.12    7.09    3.62   31.99   -7.34   12.21   14.25  121.07
E2     5.11    6.36    2.30   30.31  -11.85   19.25   22.61  121.65
E3     4.85    6.41    1.62   30.43  -15.60   26.15   30.44  120.82
E4     4.49    6.48    1.05   30.59  -20.90   33.56   39.54  121.92
E5    25.38   27.92   14.01   59.82   -6.36   20.02   21.01  107.64
E6    23.03   27.73    8.73   59.64  -15.83   35.86   39.20  113.83
E7    20.71   27.44    5.33   59.38  -25.48   49.75   55.90  117.12
E8    17.45   25.26    6.04   57.28  -33.22   43.24   54.79  128.43
E9    44.92   47.62   29.65   74.59   -2.87   14.06   14.35  101.55
E10   41.28   46.80   23.44   74.06  -11.37   23.85   26.43  115.49
E11   39.15   45.88   18.29   73.46  -15.39   33.27   36.66  114.82
E12   38.07   45.22   18.32   73.03  -16.94   32.47   36.62  117.56
E13   35.11   43.30   45.44   71.76  -21.24  -12.57   24.68  210.61
E14   39.97   31.16   38.10   62.65   33.82  -18.94   38.75  330.76
E15   52.98   55.06   19.37   79.07   -0.28   40.60   40.60   90.40
E16   20.01   20.52   16.12   52.42    1.09    1.97    2.26   61.31
E17   35.92   28.80   14.66   60.60   29.55   19.68   35.50   33.67
E18   30.53   39.61   18.39   69.19  -26.42   25.69   36.85  135.80
E19   22.06   20.56   36.39   52.46   10.69  -34.13   35.76  287.39
E20   22.43   15.85    1.61   46.77   36.97   54.43   65.79   55.82
E21   18.84   15.57    3.96   46.40   21.15   34.93   40.84   58.81
E22   28.38   24.74    9.10   56.82   18.72   29.66   35.07   57.74
F1     3.95    4.70    3.27   25.86   -8.02    4.00    8.98  153.55
F2     3.24    4.89    2.85   26.43  -21.63    8.06   23.09  159.58
F3     2.62    4.74    2.65   25.98  -30.53    8.82   31.78  163.88
F4     2.26    4.61    2.41   25.60  -36.35   10.12   37.73  164.43
F5    12.34   15.38   10.49   46.15  -15.97    6.63   17.31  157.46
F6     9.40   14.14    7.90   44.44  -30.44   12.74   33.01  157.30
F7     8.05   14.86    7.24   45.44  -46.36   17.14   49.43  159.71
F8     7.07   14.46    6.61   44.88  -53.23   18.81   56.46  160.54
F9    28.38   32.11   22.88   63.43   -9.84    6.60   11.86  146.15
F10   26.33   32.93   21.88   64.10  -20.84    9.67   22.98  155.10
F11   23.33   32.46   19.90   63.72  -32.03   13.00   34.57  157.92
F12   22.80   33.22   19.40   64.34  -37.10   15.13   40.08  157.82
F13   30.85   39.90   44.91   69.40  -26.09  -16.00   30.61  211.51
F14   36.32   26.38   35.75   58.40   40.41  -22.99   46.49  330.37
F15   52.11   54.01   15.65   78.47    0.09   48.01   48.01   89.90
F16   14.25   14.67   11.49   45.19    0.62    1.88    1.98   72.70
F17   32.17   24.15   10.75   56.24   35.41   23.19   42.33   33.22
F18   25.90   35.79   14.66   66.36  -32.37   29.61   43.88  137.55
F19   17.01   15.32   33.83   46.07   12.85  -41.50   43.44  287.20
F20   27.61   26.47   13.97   58.47    8.54   17.83   19.77   64.40
F21   33.85   31.19   12.52   62.66   13.63   29.03   32.07   64.85
F22   37.76   35.67   17.22   66.26   11.21   23.27   25.83   64.28
G1     2.72    3.39    2.91   21.56   -9.67   -0.83    9.72  184.85
G2     2.39    3.30    2.93   21.18  -14.47   -1.60   14.56  186.28
G3     1.88    3.07    3.06   20.30  -21.82   -4.07   22.19  190.55
G4     1.34    2.90    3.48   19.66  -33.42   -8.11   34.40  193.65
G5    12.07   14.68   12.24   45.18  -13.67   -0.34   13.68  181.41
G6     9.65   13.99   12.79   44.21  -27.44   -3.58   27.67  187.42
G7     8.40   14.32   14.60   44.69  -39.92   -7.60   40.64  190.77
G8     7.07   13.77   13.40   43.90  -48.88   -5.78   49.22  186.76
G9    28.20   32.11   25.86   63.43  -10.53    1.17   10.60  173.62
G10   25.47   31.59   28.10   63.01  -19.74   -3.38   20.02  189.71
G11   23.65   32.58   28.61   63.82  -31.11   -2.82   31.24  185.17
G12   22.28   32.11   29.31   63.43  -35.54   -4.62   35.85  187.41
G13   27.72   37.21   44.35   67.43  -29.63  -18.69   35.04  212.24
G14   33.21   22.58   33.50   54.64   46.00  -26.25   52.96  330.29
G15   51.55   53.18   13.05   77.98    0.71   53.92   53.93   89.24
G16    9.80   10.17    8.32   38.15   -0.11    0.33    0.60  139.83
G17   28.98   20.40    7.90   52.28   40.57   26.29   48.34   32.95
G18   22.52   32.69   11.85   63.91  -36.53   33.10   49.29  137.83
G19   13.57   11.67   31.35   40.69   15.68  -47.06   49.60  288.43
G20   34.69   33.78   15.87   64.78    7.40   23.89   25.01   72.78
G21   33.71   32.62   10.91   63.84    8.03   35.83   36.72   77.36
G22   40.38   37.75    3.86   67.83   12.73   72.56   73.66   80.06
H1     2.80    3.30    3.43   21.20   -6.74   -5.12    8.47  217.13
H2     2.55    3.33    4.19   21.31  -11.94   -9.74   15.41  219.20
H3     2.13    3.10    4.90   20.44  -16.82  -15.18   22.65  222.08
H4     1.87    3.06    6.22   20.29  -22.08  -21.89   31.09  224.74
H5     9.73   11.11   11.56   39.77   -7.57   -7.66   10.77  225.33
H6     8.71   11.02   14.58   39.61  -15.36  -16.30   22.39  226.68
H7     7.93   11.22   18.63   39.94  -23.70  -25.28   34.65  226.85
H8     6.62   10.14   19.18   38.10  -28.41  -29.65   41.07  226.23
H9    31.21   32.80   29.06   64.00   -1.53   -3.26    3.60  245.23
H10   29.58   32.66   32.07   63.89   -7.11   -8.16   10.82  228.95
H11   28.51   32.79   36.10   64.00  -11.73  -13.85   18.14  229.75
H12   26.47   32.26   41.96   63.56  -17.98  -22.40   28.72  231.24
H13   24.58   34.30   43.56   65.20  -32.99  -21.58   39.42  213.18
H14   31.03   20.17   31.87   52.02   49.44  -28.31   56.97  330.20
H15   51.12   52.58   11.03   77.62    1.10   59.19   59.19   88.93
H16    6.30    6.55    5.34   30.76   -0.23    0.39    0.65  137.46
H17   27.14   18.35    6.09   49.91   43.56   29.78   52.77   34.36
H18   19.26   29.67    9.89   61.38  -41.22   34.82   53.97  139.82
H19   11.15    9.47   29.97   36.87   15.66  -51.48   53.81  286.91
H20   40.33   40.75   17.74   69.99    3.26   28.50   28.68   83.46
H21   31.89   32.64   21.59   63.85    1.55    9.84    9.97   81.12
H22   34.89   36.99   12.52   67.26   -2.61   36.93   37.03   94.04
I1     4.55    4.75    6.01   26.00   -0.47  -11.06   11.07  267.65
I2     4.40    4.51    8.92   25.30    0.64  -24.05   24.07  271.54
I3     4.44    4.47   13.44   25.18    1.80  -38.19   38.24  272.71
I4     4.19    4.32   16.27   24.71    0.34  -46.17   46.17  270.43
I5    13.81   14.07   13.83   44.33    1.50   -6.18    6.38  283.85
I6    13.94   14.05   18.56   44.30    2.50  -17.60   17.78  278.09
I7    14.15   14.12   23.95   44.40    3.33  -28.22   28.42  276.73
I8    13.98   14.26   28.26   44.61    1.39  -35.38   35.40  272.26
I9    32.14   32.69   29.49   63.90    2.22   -4.11    4.68  298.49
I10   31.84   32.20   32.01   63.50    2.89   -8.73    9.19  288.32
I11   31.68   32.15   35.56   63.47    2.47  -13.99   14.21  280.03
I12   30.99   31.08   40.61   62.58    3.80  -22.36   22.69  279.65
I13   21.83   31.67   42.88   63.08  -36.12  -24.38   43.58  214.02
I14   26.67   15.62   28.12   46.47   56.51  -31.93   64.90  330.52
I15   50.67   51.75    8.64   77.13    2.06   66.34   66.38   88.22
I16    3.91    4.14    3.35   24.14   -1.20    0.51    1.32  156.88
I17   23.12   14.14    3.68   44.44   50.10   33.31   60.17   33.61
I18   15.96   26.18    7.32   58.21  -45.34   38.81   59.68  139.43
I19    8.03    6.05   26.31   29.55   22.05  -58.03   62.08  290.80
I20   40.42   43.72   17.78   72.04   -5.28   31.94   32.38   99.38
I21   11.79   15.08    4.61   45.74  -17.95   30.02   34.98  120.89
I22   28.51   35.08   17.86   65.82  -19.57   21.02   28.73  132.96
J1     1.46    1.31    2.49   11.32    6.01  -15.10   16.26  291.70
J2     1.69    1.27    4.39   11.09   13.23  -28.45   31.38  294.93
J3     1.97    1.23    7.16   10.81   21.15  -42.29   47.28  296.58
J4     2.28    1.38    9.77   11.77   23.78  -50.30   55.64  295.30
J5     8.84    8.53    9.71   35.07    5.36   -9.90   11.26  298.47
J6     9.65    8.67   13.49   35.34   10.77  -20.80   23.42  297.39
J7    10.15    8.41   17.62   34.83   16.96  -31.85   36.09  298.03
J8    11.39    9.51   22.00   36.93   17.10  -37.40   41.13  294.58
J9    25.90   25.77   23.82   57.82    4.41   -4.85    6.57  312.22
J10   26.58   25.70   27.45   57.76    7.52  -11.36   13.62  303.51
J11   27.38   25.99   30.29   58.03    9.57  -15.51   18.23  301.67
J12   28.28   25.78   36.58   57.82   13.99  -25.17   28.80  299.07
J13   20.15   29.99   42.26   61.64  -37.92  -26.10   46.03  214.54
J14   24.01   13.17   25.45   43.01   60.19  -33.33   68.81  331.02
J15   50.33   50.97    7.13   76.66    3.17   71.38   71.46   87.46
J16    2.12    2.24    1.87   16.71   -0.94   -0.20    1.06  188.71
J17   20.82   11.99    2.53   41.21   53.39   36.09   64.45   34.06
J18   14.00   23.94    5.93   56.03  -47.69   41.06   62.93  139.27
J19    6.35    4.34   23.69   24.76   26.20  -61.62   66.96  293.04
J20   29.42   36.33   23.78   66.76  -20.19   10.65   22.83  152.20
J21    3.47    6.44    1.42   30.51  -35.42   28.53   45.49  141.15
J22    0.86    1.93    0.77   15.13  -30.78   11.60   32.89  159.35
K1     2.46    2.15    2.62   16.27    8.12   -7.68   11.19  316.59
K2     2.99    2.14    3.54   16.23   17.99  -14.42   23.06  321.28
K3     3.60    2.14    4.55   16.21   28.25  -20.53   34.93  323.98
K4     4.40    2.32    5.80   17.08   35.98  -25.49   44.10  324.68
K5     7.41    6.34    6.97   30.24   13.22   -8.01   15.47  328.82
K6     8.46    5.97    9.32   29.33   26.77  -18.49   32.54  325.37
K7     9.88    5.90   11.91   29.17   39.26  -27.00   47.65  325.48
K8    12.27    7.11   14.95   32.06   44.35  -30.28   53.70  325.68
K9    23.07   21.49   19.10   53.47   10.92   -2.98   11.33  344.70
K10   24.38   21.10   21.98   53.06   18.49   -9.56   20.81  332.65
K11   26.80   21.56   26.24   53.55   26.49  -16.54   31.24  328.02
K12   29.16   22.15   29.58   54.18   33.10  -21.02   39.22  327.58
K13   18.63   28.35   41.93   60.21  -39.42  -28.14   48.44  215.52
K14   20.58   10.32   21.90   38.43   64.22  -34.66   72.99  331.65
K15   49.99   50.21    5.72   76.19    4.28   76.85   76.96   86.82
K16    0.76    0.84    0.75    7.52   -1.60   -1.25    2.04  217.74
K17   17.78    9.41    1.52   36.78   57.08   38.23   68.71   33.81
K18   12.06   21.55    4.52   53.54  -49.72   43.92   66.34  138.54
K19    4.57    2.57   19.70   18.24   33.41  -64.99   73.07  297.21
K20    3.20    4.03    3.00   23.76  -10.74    2.32   10.99  167.86
K21    1.99    2.59    2.36   18.30  -10.68   -1.96   10.86  190.37
K22    2.45    3.06    3.86   20.28   -9.40   -9.46   13.34  225.15
L1     2.35    2.10    1.93   15.98    6.96   -2.07    7.27  343.39
L2     2.72    1.89    2.13   14.95   18.66   -5.72   19.52  342.96
L3     3.16    1.86    2.12   14.72   27.67   -6.06   28.33  347.64
L4     4.52    2.38    2.95   17.35   36.50   -8.35   37.45  347.10
L5     7.65    6.47    5.73   30.57   14.09   -1.91   14.24  352.24
L6     9.35    6.42    6.21   30.44   29.44   -4.33   29.76  351.63
L7    11.40    6.35    6.80   30.29   45.81   -7.23   46.38  351.04
L8    12.67    6.99    7.17   31.78   48.25   -6.14   48.64  352.74
L9    23.07   21.68   17.14   53.68   10.01    1.77   10.16    9.93
L10   25.30   21.35   18.59   53.33   21.25   -2.12   21.36  354.29
L11   28.60   22.27   19.45   54.32   30.34   -2.26   30.42  355.72
L12   29.80   22.94   19.86   55.01   31.94   -1.92   31.99  356.55
L13   14.58   23.55   40.08   55.63  -42.40  -33.64   54.13  218.43
L14   14.09    6.09   14.11   29.64   66.63  -32.29   74.04  334.15
L15   50.53   49.65    3.68   75.85    7.17   87.45   87.74   85.32
L16    0.38    0.30    0.37    2.74    3.28   -2.11    3.90  327.21
L17   11.70    5.36    0.36   27.75   59.00   41.04   71.86   34.83
L18    7.45   15.34    2.41   46.10  -54.74   45.50   71.18  140.26
L19    1.94    0.67   10.39    5.99   41.29  -62.28   74.73  303.54
L20    1.04    1.20    1.55   10.57   -4.19   -7.33    8.44  240.21
L21    1.47    1.35    1.60   11.61    4.89   -6.03    7.78  309.08
L22    3.10    2.54    2.20   18.09   11.93   -0.92   11.99  355.60
GS0    59.40   60.74   48.47   82.22    2.00    1.95    2.81   44.15
GS1    58.38   59.78   47.93   81.71    1.77    1.67    2.46   42.40
GS2    51.70   53.17   43.22   77.96    1.12    0.87    1.45   35.85
GS3    44.00   45.21   36.91   73.02    1.20    0.59    1.40   24.42
GS4    37.98   39.04   31.49   68.78    1.07    1.15    1.58   45.33
GS5    33.53   34.53   28.20   65.38    0.84    0.52    1.02   27.31
GS6    29.30   30.22   24.35   61.83    0.61    1.10    1.25   60.63
GS7    24.47   25.22   20.28   57.28    0.61    1.12    1.29   62.73
GS8    21.40   22.12   18.19   54.15    0.28    0.19    0.40  188.79
GS9    16.80   17.41   14.25   48.76    0.08    0.34    0.60  163.20
GS10   14.40   15.02   12.27   45.65   -0.49    0.38    0.76  147.88
GS11   11.39   11.86    9.63   40.99   -0.36    0.56    0.75  130.30
GS12    9.27    9.64    7.91   37.17   -0.14    0.17    0.60  159.63
GS13    7.29    7.68    6.36   33.31   -1.11   -0.09    1.16  180.88
GS14    6.30    6.70    5.52   31.11   -1.73    0.06    1.77  177.30
GS15    4.34    4.59    3.74   25.51   -1.20    0.36    1.32  163.88
GS16    3.29    3.51    2.91   21.94   -1.43   -0.11    1.49  184.09
GS17    2.25    2.41    2.03   17.51   -1.47   -0.40    1.55  194.32
GS18    1.67    1.80    1.50   14.38   -1.36   -0.19    1.46  187.21
GS19    0.96    1.04    0.90    9.32   -1.58   -0.71    1.76  203.14
GS20    0.67    0.74    0.68    6.70   -1.56   -1.18    1.97  216.71
GS21    0.50    0.56    0.50    5.05   -1.53   -0.79    1.75  206.70
GS22    0.27    0.32    0.31    2.88   -1.45   -0.79    1.66  208.21
GS23    0.08    0.07    0.14    0.65    0.16   -1.46    1.47  276.23
END_DATA

