IT8.7/1
ORIGINATOR "FotoTune"
DESCRIPTOR "Agfa IT8"
MATERIAL "AgfachromeRS100Plus"
MANUFACTURER "Agfa"
CREATED "Fri Oct 30 11:02:15 1998"
PROD_DATE "1998:010"
SERIAL "4x5 bm1015xx"
NUMBER_OF_FIELDS 9
BEGIN_DATA_FORMAT
SAMPLE_ID XYZ_X XYZ_Y XYZ_Z LAB_L LAB_A LAB_B LAB_C LAB_H
END_DATA_FORMAT
NUMBER_OF_SETS 288
BEGIN_DATA
A1     2.39    2.05    1.47   15.71    9.08    2.37    9.39   14.59
A2     2.63    1.84    1.12   14.60   18.65    5.15   19.35   15.43
A3     3.28    1.93    0.94   15.14   27.78    8.84   29.16   17.65
A4     4.12    2.15    1.00   16.26   35.78    9.77   37.08   15.26
A5     9.49    8.14    5.42   34.25   14.21    5.99   15.42   22.85
A6    11.07    7.98    4.57   33.95   27.70    9.91   29.42   19.67
A7    13.02    8.01    4.05   34.00   40.99   13.04   43.01   17.64
A8    14.70    8.41    3.38   34.82   48.05   18.73   51.57   21.30
A9    26.21   25.04   17.80   57.11    8.74    6.16   10.70   35.15
A10   27.43   24.51   16.72   56.59   15.92    7.74   17.72   25.93
A11   29.65   24.65   15.70   56.73   23.99   10.40   26.15   23.44
A12   30.93   25.23   15.47   57.29   26.32   11.97   28.91   24.44
A13   54.18   55.54   45.34   79.35    1.61    0.66    1.74   22.18
A14   55.31   55.96   45.15   79.59    3.44    1.29    3.68   20.42
A15   55.19   56.07   43.69   79.66    2.83    3.18    4.26   48.47
A16   55.63   56.39   45.48   79.83    3.14    1.32    3.41   22.80
A17   55.06   55.70   43.69   79.44    3.40    2.82    4.43   39.89
A18   54.27   55.73   44.10   79.46    1.35    2.34    2.70   60.25
A19   54.62   55.88   45.76   79.54    1.90    0.47    1.97   13.65
A20    2.08    1.45    0.57   12.30   17.23   10.45   20.15   31.24
A21    5.33    3.05    0.57   20.25   34.22   24.20   41.90   35.28
A22   10.07    5.14    0.41   27.12   49.61   38.97   63.08   38.15
B1     3.47    3.12    1.79   20.52    7.78    7.18   10.58   42.72
B2     3.86    3.00    1.16   20.05   15.59   13.89   20.87   41.69
B3     4.41    3.01    0.74   20.07   23.35   20.72   31.22   41.58
B4     4.81    2.95    0.39   19.86   29.44   26.89   39.88   42.39
B5    12.31   10.98    5.68   39.55   12.27   13.83   18.49   48.39
B6    13.99   11.10    3.84   39.75   22.41   24.24   33.01   47.25
B7    15.90   10.68    2.44   39.03   36.92   33.03   49.54   41.82
B8    17.12   10.92    2.05   39.43   42.07   37.29   56.22   41.55
B9    32.19   31.25   21.85   62.71    7.55    7.33   10.53   44.11
B10   33.39   30.83   18.78   62.36   13.29   13.07   18.64   44.50
B11   35.74   31.49   16.97   62.91   19.01   18.06   26.22   43.51
B12   35.49   30.68   15.93   62.23   21.08   19.34   28.60   42.53
B13   48.83   52.29   45.46   77.45   -4.28   -2.76    5.10  212.60
B14   51.43   49.21   43.68   75.57   10.73   -3.84   11.40  340.32
B15   54.33   55.68   36.93   79.43    1.62   11.61   11.73   82.04
B16   44.18   45.11   36.78   72.96    1.98    0.66    2.10   18.37
B17   50.28   48.68   35.58   75.25    9.12    6.30   11.09   34.59
B18   47.72   51.64   37.08   77.07   -5.66    7.34    9.27  127.71
B19   45.38   45.76   43.97   73.38    3.63   -7.97    8.77  294.45
B20    3.72    2.54    0.71   18.12   21.81   17.89   28.20   39.35
B21    9.21    4.82    0.49   26.22   46.57   35.94   58.83   37.65
B22   26.91   23.17   12.16   55.24   19.62   17.23   26.10   41.29
C1     6.36    6.14    3.20   29.77    4.72   11.26   12.20   67.26
C2     6.26    5.74    2.02   28.76    8.08   19.11   20.76   67.07
C3     6.60    5.68    1.08   28.59   12.26   29.82   32.24   67.65
C4     7.64    6.10    0.69   29.66   17.85   38.15   42.11   64.93
C5    21.90   20.71    9.79   52.62    9.20   20.08   22.08   65.38
C6    23.85   20.95    5.66   52.89   16.91   36.92   40.60   65.39
C7    27.00   21.92    2.86   53.94   25.65   55.39   61.03   65.15
C8    23.99   19.17    2.45   50.88   26.14   53.48   59.53   63.96
C9    35.80   35.65   23.74   66.25    4.80    9.85   10.95   64.03
C10   37.64   36.48   20.71   66.88    8.15   16.79   18.66   64.10
C11   38.94   36.49   17.33   66.88   12.30   24.06   27.01   62.92
C12   39.17   36.36   15.60   66.79   13.43   27.99   31.04   64.36
C13   42.72   48.26   45.25   74.99  -11.01   -6.77   12.93  211.54
C14   46.80   41.47   41.74   70.51   20.07  -10.14   22.49  333.21
C15   53.29   55.07   29.03   79.08    0.47   22.79   22.80   88.84
C16   33.69   34.42   27.81   65.29    1.78    1.03    2.07   29.67
C17   44.24   40.03   26.33   69.49   17.12   10.78   20.24   32.20
C18   40.29   46.71   29.06   74.01  -14.15   13.99   19.90  135.32
C19   35.06   34.53   41.38   65.38    6.05  -18.51   19.48  288.10
C20    2.68    2.22    1.10   16.57   11.05    8.71   14.07   38.25
C21   22.17   17.18    5.88   48.49   28.36   28.32   40.08   44.96
C22   33.83   31.01   18.58   62.51   14.21   13.74   19.77   44.04
D1     4.19    4.34    2.28   24.78   -0.10    9.83    9.83   90.62
D2     4.05    4.26    1.49   24.51   -0.83   17.50   17.52   92.72
D3     4.05    4.16    0.81   24.19    0.50   26.38   26.39   88.91
D4     4.20    4.43    0.72   25.02   -0.96   29.66   29.67   91.83
D5    16.50   17.02    8.10   48.28    0.49   18.60   18.61   88.49
D6    15.91   16.39    4.25   47.47    0.65   35.07   35.07   88.94
D7    15.45   15.89    2.05   46.82    0.81   49.97   49.97   89.07
D8    15.51   15.84    2.13   46.75    1.39   49.11   49.13   88.37
D9    42.49   43.62   20.54   71.97    1.29   25.92   25.94   87.16
D10   42.76   43.76   12.31   72.07    1.68   45.82   45.85   87.90
D11   43.19   44.38    6.15   72.47    1.21   68.41   68.43   88.99
D12   40.75   43.12    7.15   71.64   -2.52   62.61   62.67   92.30
D13   38.99   45.69   45.10   73.35  -15.38   -9.42   18.03  211.48
D14   43.40   36.30   39.92   66.75   26.50  -14.28   30.10  331.68
D15   52.69   54.58   24.01   78.80    0.18   30.97   30.97   89.68
D16   25.85   26.46   20.61   58.47    1.38    2.49    2.86   61.53
D17   40.51   34.89   20.74   65.66   22.49   14.63   26.83   33.04
D18   35.65   43.31   23.51   71.76  -19.43   19.76   27.72  134.52
D19   28.82   27.69   39.14   59.60    8.43  -25.56   26.92  288.26
D20   16.17   12.61    4.25   42.18   24.94   25.94   35.98   46.12
D21   21.21   20.20   12.21   52.07    8.39   11.62   14.34   54.21
D22   38.22   36.57   21.90   66.95    9.73   14.53   17.49   56.24
E1     5.61    6.45    3.17   30.52   -6.78   12.73   14.43  118.05
E2     4.65    5.77    2.02   28.80  -11.15   19.22   22.22  120.11
E3     4.45    5.83    1.43   28.97  -14.58   25.74   29.58  119.54
E4     4.05    5.80    0.95   28.88  -19.65   32.29   37.80  121.33
E5    23.35   25.65   12.58   57.69   -5.99   20.26   21.12  106.49
E6    21.35   25.68    7.85   57.73  -15.33   35.85   38.99  113.16
E7    19.43   25.69    4.78   57.74  -24.75   49.76   55.58  116.44
E8    17.78   25.84    4.12   57.88  -33.92   53.73   63.54  122.26
E9    42.99   45.53   27.92   73.23   -2.68   14.57   14.81  100.45
E10   39.31   44.68   21.70   72.68  -11.52   24.80   27.35  114.90
E11   37.45   44.17   16.93   72.34  -16.01   34.40   37.94  114.95
E12   36.37   43.42   16.85   71.83  -17.36   33.70   37.92  117.26
E13   33.65   41.66   44.60   70.63  -21.42  -13.49   25.31  212.19
E14   38.78   29.88   37.13   61.55   34.81  -19.49   39.89  330.74
E15   51.69   53.53   17.94   78.18    0.20   42.17   42.17   89.72
E16   19.03   19.49   15.08   51.25    1.20    2.49    2.76   64.49
E17   35.24   28.07   13.85   59.94   30.10   20.66   36.50   34.47
E18   29.58   38.61   17.45   68.47  -26.90   26.53   37.79  135.40
E19   21.45   19.92   36.17   51.74   11.01  -35.08   36.76  287.43
E20   22.01   15.51    1.49   46.33   36.91   55.04   66.27   56.16
E21   18.19   15.01    3.66   45.65   21.03   35.53   41.28   59.39
E22   27.78   24.12    8.61   56.21   18.99   30.38   35.82   58.00
F1     3.60    4.27    2.88   24.52   -7.60    4.49    8.82  149.44
F2     2.91    4.39    2.47   24.94  -20.71    8.53   22.40  157.60
F3     2.35    4.24    2.30   24.42  -29.42    9.10   30.79  162.82
F4     2.00    4.09    2.10   23.95  -34.88   10.07   36.29  163.92
F5    11.48   14.28    9.57   44.62  -15.43    7.05   16.97  155.47
F6     8.69   13.06    7.09   42.84  -29.50   13.24   32.33  155.85
F7     7.47   13.80    6.52   43.92  -45.17   17.53   48.45  158.79
F8     6.55   13.41    5.92   43.37  -51.94   19.30   55.42  159.62
F9    26.51   29.98   21.04   61.63   -9.56    7.09   11.90  143.45
F10   24.55   30.80   20.10   62.33  -20.76   10.22   23.14  153.79
F11   22.06   30.90   18.51   62.42  -32.25   13.74   35.05  156.91
F12   21.81   32.01   18.10   63.36  -37.40   16.24   40.78  156.52
F13   29.54   38.36   44.11   68.28  -26.21  -16.93   31.20  212.87
F14   35.36   25.43   35.04   57.50   41.07  -23.56   47.35  330.16
F15   50.87   52.58   14.45   77.62    0.47   49.56   49.56   89.46
F16   13.40   13.79   10.56   43.93    0.64    2.61    2.68   76.29
F17   31.39   23.37    9.95   55.45   35.95   24.43   43.47   34.20
F18   25.05   34.81   13.78   65.60  -32.71   30.58   44.77  136.92
F19   16.52   14.76   33.57   45.29   13.48  -42.44   44.54  287.61
F20   26.69   25.54   13.18   57.60    8.64   18.41   20.34   64.87
F21   33.47   30.78   11.94   62.31   13.84   30.06   33.10   65.28
F22   37.69   35.53   16.91   66.15   11.47   23.79   26.41   64.27
G1     2.47    3.09    2.58   20.38   -9.43   -0.23    9.43  181.42
G2     2.18    3.01    2.60   20.08  -14.12   -0.90   14.15  183.67
G3     1.70    2.79    2.70   19.17  -21.26   -3.35   21.53  188.96
G4     1.19    2.59    3.04   18.29  -32.19   -7.38   33.03  192.91
G5    11.23   13.64   11.19   43.69  -13.18    0.21   13.18  179.10
G6     9.10   13.16   11.85   42.99  -26.67   -2.97   26.84  186.37
G7     7.90   13.43   13.55   43.40  -38.90   -7.04   39.54  190.25
G8     6.64   12.94   12.42   42.68  -47.96   -5.17   48.24  186.15
G9    26.76   30.48   24.44   62.06  -10.34    1.34   10.43  172.65
G10   23.94   29.72   26.57   61.40  -19.42   -3.55   19.74  190.37
G11   22.63   31.26   27.40   62.72  -30.93   -2.70   31.05  184.98
G12   21.81   31.50   28.46   62.92  -35.55   -4.11   35.79  186.60
G13   27.26   36.58   44.47   66.96  -29.42  -19.65   35.38  213.76
G14   32.75   22.14   33.39   54.17   46.40  -26.88   53.62  329.91
G15   50.85   52.38   12.24   77.50    0.90   55.38   55.38   89.07
G16    9.35    9.71    7.69   37.32   -0.11    1.29    1.30   95.17
G17   28.44   19.90    7.28   51.72   40.88   27.76   49.42   34.17
G18   21.90   31.95   11.27   63.30  -36.80   33.75   49.94  137.47
G19   13.34   11.38   31.44   40.21   16.26  -48.03   50.71  288.70
G20   34.22   33.29   15.41   64.40    7.47   24.37   25.49   72.97
G21   33.51   32.34   10.51   63.62    8.35   36.71   37.65   77.20
G22   40.38   37.54    3.65   67.68   13.36   73.57   74.78   79.71
H1     2.57    3.04    3.07   20.17   -6.58   -4.32    7.88  213.31
H2     2.35    3.08    3.74   20.35  -11.81   -8.63   14.63  216.17
H3     1.94    2.84    4.39   19.38  -16.45  -14.23   21.76  220.87
H4     1.66    2.73    5.45   18.95  -21.58  -20.56   29.81  223.60
H5     9.07   10.33   10.52   38.42   -7.22   -6.81    9.93  223.32
H6     8.20   10.34   13.52   38.44  -14.85  -15.49   21.45  226.21
H7     7.52   10.58   17.58   38.86  -22.97  -24.81   33.81  227.21
H8     6.29    9.57   18.24   37.06  -27.44  -29.39   40.21  226.97
H9    30.20   31.69   28.17   63.07   -1.30   -3.38    3.62  248.97
H10   28.47   31.41   31.20   62.85   -6.94   -8.61   11.07  231.13
H11   27.77   31.92   35.70   63.28  -11.56  -14.51   18.55  231.48
H12   25.98   31.53   42.11   62.94  -17.38  -23.65   29.35  233.68
H13   24.59   34.23   44.01   65.14  -32.71  -22.23   39.54  214.20
H14   30.86   19.96   31.93   51.78   49.85  -28.82   57.58  329.96
H15   50.78   52.05   10.43   77.31    1.58   60.54   60.57   88.51
H16    6.04    6.24    4.93   30.02    0.17    1.18    1.20   82.40
H17   26.56   17.82    5.60   49.28   43.96   30.98   53.78   35.18
H18   18.74   28.99    9.32   60.77  -41.27   35.74   54.60  139.11
H19   10.90    9.12   29.82   36.22   16.60  -52.36   54.92  287.60
H20   39.78   40.03   17.09   69.49    3.71   29.11   29.34   82.74
H21   32.27   33.01   21.71   64.17    1.58   10.13   10.25   81.19
H22   35.15   37.26   12.45   67.48   -2.64   37.47   37.57   94.04
I1     4.24    4.43    5.47   25.03   -0.46  -10.14   10.15  267.42
I2     4.13    4.24    8.20   24.47    0.45  -22.83   22.83  271.13
I3     4.16    4.19   12.55   24.28    1.79  -37.24   37.29  272.76
I4     3.93    4.01   15.29   23.70    0.86  -45.51   45.52  271.08
I5    13.06   13.30   13.02   43.20    1.54   -5.94    6.14  284.52
I6    13.35   13.45   17.64   43.42    2.48  -17.06   17.24  278.28
I7    13.53   13.45   23.05   43.42    3.65  -28.22   28.46  277.38
I8    13.33   13.48   27.31   43.46    2.18  -35.74   35.81  273.49
I9    30.38   30.79   27.92   62.32    2.59   -4.27    5.00  301.23
I10   30.27   30.49   30.76   62.07    3.27   -9.26    9.82  289.46
I11   30.58   30.90   34.78   62.42    2.90  -14.69   14.98  281.20
I12   30.01   29.98   40.19   61.62    4.22  -23.46   23.83  280.22
I13   21.79   31.52   43.12   62.94  -35.71  -24.93   43.56  214.92
I14   26.53   15.47   28.12   46.26   56.80  -32.29   65.34  330.38
I15   50.29   51.12    8.09   76.75    2.68   67.71   67.76   87.73
I16    3.69    3.88    3.02   23.27   -0.74    1.36    1.55  118.65
I17   22.62   13.76    3.35   43.89   50.28   34.58   61.01   34.52
I18   15.57   25.59    6.84   57.64  -45.14   39.84   60.20  138.57
I19    7.95    5.90   26.30   29.15   22.93  -58.71   63.03  291.33
I20   39.74   42.97   17.16   71.54   -5.23   32.49   32.90   99.14
I21   11.55   14.71    4.38   45.24  -17.49   30.45   35.12  119.89
I22   28.19   34.75   17.42   65.56  -19.69   21.57   29.21  132.40
J1     1.37    1.22    2.26   10.74    5.88  -14.11   15.29  292.60
J2     1.59    1.20    4.03   10.56   12.87  -27.32   30.20  295.23
J3     1.86    1.16    6.69   10.26   20.72  -41.26   46.17  296.66
J4     2.14    1.27    9.20   11.08   23.80  -49.53   54.96  295.66
J5     8.36    8.07    9.02   34.11    5.26   -9.18   10.57  299.77
J6     9.18    8.24   12.64   34.48   10.62  -19.90   22.56  298.10
J7     9.80    8.11   16.92   34.19   16.88  -31.33   35.58  298.30
J8    11.05    9.19   21.49   36.34   17.20  -37.40   41.17  294.70
J9    25.17   24.99   23.15   57.05    4.64   -4.89    6.74  313.37
J10   25.74   24.83   26.71   56.90    7.64  -11.56   13.85  303.46
J11   26.67   25.21   29.80   57.26    9.91  -16.03   18.84  301.73
J12   27.93   25.30   36.74   57.36   14.58  -26.17   29.95  299.12
J13   20.33   30.04   42.92   61.69  -37.30  -26.83   45.94  215.72
J14   24.05   13.14   25.84   42.97   60.56  -34.10   69.50  330.62
J15   50.36   50.90    6.86   76.62    3.44   72.45   72.54   87.28
J16    2.06    2.15    1.73   16.30   -0.49    0.51    0.73  136.45
J17   20.56   11.80    2.31   40.89   53.53   37.40   65.30   34.94
J18   13.71   23.45    5.55   55.54  -47.40   42.07   63.38  138.42
J19    6.30    4.22   23.74   24.39   27.33  -62.36   68.09  293.66
J20   29.06   35.97   23.33   66.49  -20.36   11.01   23.15  151.59
J21    3.38    6.20    1.33   29.92  -34.40   28.70   44.81  140.17
J22    0.80    1.81    0.72   14.44  -29.65   11.49   31.79  158.82
K1     2.32    2.01    2.37   15.55    8.22   -6.80   10.67  320.38
K2     2.80    2.01    3.19   15.54   17.69  -13.22   22.09  323.23
K3     3.40    2.02    4.19   15.61   27.75  -19.49   33.91  324.90
K4     4.19    2.21    5.47   16.56   35.41  -24.76   43.21  325.04
K5     7.11    6.09    6.51   29.63   12.94   -7.09   14.75  331.29
K6     8.12    5.75    8.84   28.76   26.20  -17.74   31.64  325.90
K7     9.53    5.69   11.49   28.63   38.77  -26.65   47.04  325.51
K8    11.86    6.86   14.59   31.48   43.94  -30.31   53.39  325.40
K9    22.44   20.88   18.51   52.81   10.94   -2.83   11.31  345.55
K10   23.97   20.70   21.49   52.61   18.63   -9.37   20.85  333.30
K11   26.59   21.30   26.01   53.26   26.86  -16.62   31.58  328.26
K12   29.24   22.14   29.71   54.17   33.42  -21.22   39.60  327.58
K13   18.79   28.45   42.50   60.29  -38.98  -28.71   48.41  216.37
K14   20.56   10.28   22.14   38.33   64.51  -35.25   73.51  331.35
K15   50.34   50.35    5.45   76.29    4.82   78.28   78.43   86.47
K16    0.74    0.78    0.68    7.11   -0.99   -0.51    1.12  207.24
K17   17.57    9.27    1.37   36.51   57.11   39.60   69.49   34.73
K18   11.86   21.17    4.27   53.14  -49.28   44.71   66.54  137.79
K19    4.64    2.57   20.08   18.20   34.53  -65.86   74.37  297.66
K20    3.17    3.98    2.86   23.58  -10.52    3.04   10.94  163.88
K21    1.96    2.54    2.24   18.09  -10.41   -1.25   10.48  186.84
K22    2.39    2.97    3.66   19.92   -8.99   -8.89   12.64  224.65
L1     2.20    1.96    1.74   15.30    7.05   -1.27    7.16  349.80
L2     2.60    1.82    1.93   14.49   18.51   -4.64   19.08  345.95
L3     3.06    1.80    1.96   14.37   27.43   -5.11   27.90  349.45
L4     4.33    2.28    2.72   16.88   36.00   -7.41   36.75  348.36
L5     7.48    6.33    5.40   30.21   13.97   -0.88   13.99  356.38
L6     9.10    6.26    5.91   30.04   29.12   -3.65   29.35  352.85
L7    11.05    6.16    6.44   29.81   45.37   -6.42   45.82  351.95
L8    12.34    6.81    6.82   31.35   47.87   -5.42   48.17  353.54
L9    22.76   21.40   16.78   53.38    9.94    2.07   10.15   11.74
L10   24.84   20.95   18.22   52.89   21.19   -2.04   21.29  354.51
L11   28.37   22.03   19.13   54.06   30.56   -2.01   30.62  356.25
L12   29.53   22.62   19.41   54.67   32.35   -1.53   32.39  357.29
L13   14.73   23.59   40.69   55.67  -41.71  -34.38   54.05  219.49
L14   14.07    6.05   14.35   29.53   66.92  -33.07   74.64  333.71
L15   50.45   49.36    3.51   75.68    7.73   88.32   88.67   84.99
L16    0.37    0.30    0.34    2.67    3.33   -1.66    3.72  333.34
L17   11.57    5.30    0.34   27.58   58.81   41.24   71.83   35.04
L18    7.38   15.08    2.32   45.74  -53.90   45.72   70.68  139.70
L19    1.98    0.66   10.55    5.94   42.25  -62.88   75.76  303.90
L20    0.99    1.15    1.41   10.18   -4.09   -6.37    7.56  237.29
L21    1.43    1.31    1.48   11.34    4.97   -5.16    7.16  313.94
L22    3.05    2.49    2.05   17.86   12.02   -0.02   12.02  359.90
GS0    56.83   57.79   46.78   80.62    2.73    1.13    2.98   22.22
GS1    56.49   57.58   46.79   80.50    2.43    0.90    2.61   20.11
GS2    50.47   51.66   42.51   77.07    1.74    0.20    1.76  186.24
GS3    42.87   43.88   36.22   72.15    1.66    0.05    1.71  180.61
GS4    37.22   38.17   31.03   68.14    1.37    0.78    1.58   28.97
GS5    33.03   33.94   28.01   64.91    1.08    0.07    1.08  182.54
GS6    28.80   29.63   24.17   61.33    0.87    0.58    1.05   33.32
GS7    24.12   24.85   20.06   56.92    0.70    0.97    1.20   53.39
GS8    21.08   21.78   18.01   53.79    0.33   -0.02    0.38  161.10
GS9    16.44   17.03   13.95   48.30    0.09    0.31    0.42  222.71
GS10   14.08   14.66   11.86   45.15   -0.34    0.72    0.80  115.42
GS11   11.17   11.64    9.27   40.62   -0.31    1.16    1.22  103.71
GS12    9.20    9.57    7.69   37.04   -0.12    0.85    0.87   97.71
GS13    7.22    7.59    6.09   33.11   -1.00    0.82    1.31  138.82
GS14    6.23    6.61    5.30   30.90   -1.57    0.80    1.76  152.72
GS15    4.30    4.54    3.53   25.38   -0.98    1.45    1.76  123.89
GS16    3.23    3.43    2.74   21.67   -1.17    0.70    1.37  149.15
GS17    2.20    2.34    1.90   17.17   -1.17    0.25    1.19  167.92
GS18    1.62    1.73    1.38   14.01   -1.11    0.56    1.25  153.18
GS19    0.93    1.00    0.84    9.03   -1.43   -0.14    1.45  186.52
GS20    0.65    0.72    0.63    6.50   -1.55   -0.62    1.68  202.70
GS21    0.50    0.55    0.47    4.96   -1.43   -0.32    1.47  193.05
GS22    0.26    0.31    0.29    2.80   -1.33   -0.63    1.47  205.47
GS23    0.08    0.07    0.13    0.63    0.21   -1.37    1.38  278.74
END_DATAA