IT8.7/1

ORIGINATOR "FotoTune"

DESCRIPTOR "Agfa IT8"

MATERIAL "AgfachromeRS100Plus"

MANUFACTURER "Agfa"

CREATED "Fri Mar 19 10:55:58 1999"

PROD_DATE "1999:03"

SERIAL "4x5 bm1022xx"

NUMBER_OF_FIELDS 9

BEGIN_DATA_FORMAT

SAMPLE_ID XYZ_X XYZ_Y XYZ_Z LAB_L LAB_A LAB_B LAB_C LAB_H

END_DATA_FORMAT

NUMBER_OF_SETS 288

BEGIN_DATA

A1     2.38    2.04    1.52   15.68    9.06    1.84    9.24   11.44

A2     2.63    1.84    1.15   14.60   18.58    4.62   19.14   13.97

A3     3.29    1.94    0.98   15.19   27.72    8.31   28.94   16.68

A4     4.14    2.16    1.03   16.31   35.85    9.36   37.05   14.64

A5     9.40    8.05    5.48   34.07   14.27    5.41   15.25   20.79

A6    11.06    7.97    4.65   33.91   27.78    9.39   29.33   18.67

A7    12.94    7.97    4.15   33.90   40.91   12.25   42.71   16.67

A8    14.49    8.27    3.41   34.54   47.92   18.02   51.19   20.61

A9    25.65   24.49   17.51   56.56    8.73    5.88   10.52   33.93

A10   26.85   24.03   16.47   56.11   15.66    7.53   17.38   25.69

A11   28.85   24.05   15.47   56.12   23.51    9.98   25.53   22.99

A12   29.87   24.40   15.01   56.48   25.87   11.70   28.40   24.33

A13   52.21   53.50   44.01   78.16    1.62    0.22    1.72  191.49

A14   53.45   54.01   43.94   78.46    3.55    0.81    3.69   13.88

A15   53.68   54.54   42.69   78.76    2.80    2.91    4.10   46.17

A16   54.28   55.06   44.40   79.07    3.02    1.31    3.34   24.13

A17   53.78   54.47   42.90   78.71    3.27    2.58    4.24   38.45

A18   52.90   54.32   43.08   78.62    1.35    2.20    2.66   59.10

A19   53.28   54.44   44.86   78.69    2.05    0.14    2.09  187.02

A20    2.11    1.47    0.59   12.41   17.36   10.32   20.20   30.69

A21    5.43    3.11    0.58   20.44   34.45   24.23   42.11   35.12

A22   10.19    5.20    0.42   27.28   49.81   39.08   63.31   38.12

B1     3.45    3.09    1.80   20.40    7.84    6.88   10.43   41.26

B2     3.84    2.99    1.18   19.98   15.61   13.47   20.62   40.79

B3     4.39    2.99    0.75   19.99   23.34   20.28   30.92   40.99

B4     4.80    2.95    0.39   19.83   29.44   26.77   39.79   42.28

B5    12.33   11.03    5.80   39.62   12.13   13.41   18.08   47.85

B6    13.94   11.09    3.92   39.74   22.19   23.69   32.47   46.88

B7    15.65   10.53    2.49   38.77   36.58   32.17   48.72   41.33

B8    16.81   10.72    2.07   39.10   41.83   36.46   55.48   41.08

B9    31.64   30.78   21.76   62.31    7.27    6.83    9.99   43.21

B10   32.40   29.99   18.37   61.62   12.94   12.69   18.14   44.42

B11   34.68   30.58   16.58   62.13   18.74   17.64   25.74   43.28

B12   34.47   29.81   15.47   61.47   20.85   19.17   28.33   42.58

B13   47.21   50.50   43.93   76.37   -4.11   -2.77    4.98  213.92

B14   50.14   47.96   42.62   74.78   10.73   -3.88   11.41  340.22

B15   52.92   54.24   36.00   78.59    1.60   11.48   11.60   82.03

B16   43.25   44.18   35.91   72.34    1.93    0.81    2.22   25.05

B17   49.16   47.62   34.77   74.57    8.98    6.30   11.00   35.22

B18   46.56   50.37   36.21   76.26   -5.56    7.20    9.09  127.61

B19   44.57   45.01   43.00   72.86    3.41   -7.63    8.38  293.71

B20    3.78    2.58    0.73   18.27   21.96   17.90   28.33   39.18

B21    9.30    4.86    0.50   26.32   46.81   35.97   59.03   37.53

B22   26.91   23.26   12.33   55.30   19.27   16.91   25.64   41.26

C1     6.27    6.06    3.24   29.56    4.68   10.64   11.62   66.20

C2     6.23    5.73    2.07   28.72    7.91   18.60   20.22   66.96

C3     6.51    5.60    1.10   28.39   12.24   29.21   31.67   67.27

C4     7.51    6.00    0.69   29.42   17.76   37.64   41.61   64.74

C5    21.67   20.56    9.89   52.46    8.88   19.48   21.41   65.49

C6    23.82   21.02    5.85   52.97   16.40   36.19   39.74   65.63

C7    26.62   21.76    2.96   53.78   24.78   54.39   59.76   65.50

C8    23.78   19.16    2.54   50.87   25.33   52.67   58.44   64.32

C9    35.15   35.11   23.76   65.82    4.44    9.06   10.10   63.85

C10   36.58   35.53   20.43   66.15    7.81   16.10   17.90   64.12

C11   37.65   35.35   17.08   66.00   11.94   23.15   26.06   62.69

C12   37.78   35.06   15.24   65.78   13.30   27.15   30.24   63.88

C13   41.48   46.84   44.06   74.07  -10.87   -6.88   12.88  212.27

C14   45.40   40.20   40.45   69.59   19.99  -10.05   22.38  333.34

C15   51.65   53.35   28.32   78.07    0.56   22.24   22.26   88.53

C16   33.43   34.22   27.42   65.11    1.56    1.40    2.23   40.52

C17   43.35   39.39   25.94   69.01   16.57   10.65   19.70   32.79

C18   39.42   45.72   28.67   73.34  -14.09   13.51   19.52  136.18

C19   34.68   34.24   40.73   65.12    5.82  -18.11   19.03  287.77

C20    2.69    2.21    1.11   16.58   11.21    8.64   14.15   37.60

C21   22.22   17.25    5.94   48.56   28.21   28.16   39.86   44.95

C22   34.17   31.48   18.98   62.88   13.73   13.56   19.31   44.64

D1     4.23    4.39    2.37   24.94   -0.14    9.41    9.41   90.86

D2     4.10    4.30    1.54   24.67   -0.82   17.10   17.12   92.75

D3     4.07    4.19    0.85   24.31    0.46   26.03   26.03   88.98

D4     4.19    4.41    0.73   24.98   -0.81   29.28   29.29   91.60

D5    16.54   17.08    8.32   48.35    0.44   17.90   17.90   88.60

D6    16.00   16.52    4.41   47.65    0.38   34.45   34.45   89.35

D7    15.65   16.16    2.14   47.18    0.39   49.72   49.72   89.54

D8    15.58   15.92    2.21   46.88    1.25   48.60   48.62   88.54

D9    41.46   42.67   20.53   71.32    1.00   24.80   24.83   87.68

D10   41.60   42.64   12.37   71.30    1.49   44.35   44.37   88.07

D11   42.17   43.46    6.27   71.86    0.81   66.85   66.85   89.29

D12   39.78   42.20    7.26   71.00   -2.82   61.10   61.17   92.63

D13   37.60   44.08   43.71   72.27  -15.23   -9.55   17.98  212.10

D14   42.03   35.21   38.64   65.89   26.08  -14.04   29.62  331.71

D15   51.22   53.12   23.54   77.93    0.00   30.37   30.38   90.00

D16   25.61   26.26   20.55   58.27    1.18    2.31    2.64   61.90

D17   39.64   34.17   20.23   65.08   22.22   14.69   26.64   33.50

D18   35.22   42.76   23.48   71.39  -19.30   19.20   27.22  135.13

D19   28.40   27.34   38.40   59.26    8.14  -25.15   26.42  287.91

D20   16.24   12.68    4.30   42.26   24.92   25.77   35.85   45.96

D21   21.29   20.30   12.31   52.14    8.38   11.50   14.24   53.92

D22   38.03   36.51   22.05   66.87    9.34   14.18   16.99   56.65

E1     5.66    6.52    3.28   30.70   -6.98   12.24   14.09  119.66

E2     4.70    5.83    2.09   28.97  -11.15   18.91   21.95  120.51

E3     4.51    5.92    1.50   29.22  -14.81   25.35   29.36  120.28

E4     4.06    5.82    0.97   28.94  -19.69   31.98   37.56  121.62

E5    23.35   25.69   12.85   57.74   -6.19   19.56   20.51  107.56

E6    21.60   26.03    8.16   58.06  -15.58   35.22   38.52  113.85

E7    19.40   25.69    4.94   57.74  -24.88   48.94   54.90  116.94

E8    17.79   25.86    4.26   57.90  -33.92   52.97   62.90  122.63

E9    41.85   44.31   27.56   72.43   -2.63   13.77   14.02  100.81

E10   38.39   43.65   21.59   71.99  -11.44   23.84   26.44  115.63

E11   36.60   43.18   16.90   71.68  -15.94   33.33   36.94  115.55

E12   35.68   42.68   16.81   71.32  -17.48   32.93   37.29  117.96

E13   32.83   40.69   43.43   69.94  -21.35  -13.23   25.11  211.79

E14   38.17   29.50   36.50   61.22   34.26  -19.19   39.28  330.74

E15   50.54   52.42   17.89   77.53   -0.01   41.17   41.17   90.00

E16   18.94   19.40   15.07   51.15    1.16    2.36    2.63   63.54

E17   34.74   27.76   13.76   59.67   29.62   20.41   35.98   34.57

E18   29.43   38.36   17.47   68.28  -26.67   26.19   37.38  135.52

E19   21.42   19.91   35.83   51.71   10.87  -34.62   36.29  287.42

E20   21.88   15.44    1.53   46.22   36.68   54.46   65.66   56.03

E21   18.25   15.06    3.70   45.69   21.08   35.35   41.16   59.18

E22   27.82   24.24    8.75   56.29   18.64   30.06   35.37   58.18

F1     3.62    4.30    2.98   24.62   -7.57    3.96    8.55  152.43

F2     2.97    4.47    2.59   25.17  -20.64    7.87   22.09  159.13

F3     2.39    4.30    2.40   24.63  -29.35    8.59   30.58  163.69

F4     2.02    4.11    2.14   24.01  -34.65    9.76   36.00  164.27

F5    11.51   14.34    9.75   44.72  -15.50    6.61   16.86  156.92

F6     8.85   13.32    7.35   43.23  -29.72   12.84   32.38  156.64

F7     7.63   14.09    6.84   44.35  -45.43   16.88   48.47  159.62

F8     6.66   13.61    6.15   43.67  -52.07   18.73   55.35  160.22

F9    26.75   30.28   21.49   61.90   -9.66    6.64   11.73  145.54

F10   24.83   31.04   20.57   62.53  -20.45    9.59   22.58  154.89

F11   22.09   30.82   18.67   62.35  -31.80   13.27   34.46  157.34

F12   21.58   31.65   17.99   63.04  -37.16   15.95   40.44  156.76

F13   29.24   37.96   43.26   67.98  -26.10  -16.41   30.83  212.15

F14   34.87   25.18   34.46   57.24   40.51  -23.15   46.66  330.26

F15   50.24   51.99   14.65   77.28    0.29   48.47   48.47   89.65

F16   13.61   14.02   10.72   44.25    0.62    2.65    2.72   76.80

F17   31.17   23.28   10.05   55.35   35.54   23.94   42.85   33.97

F18   24.80   34.47   13.78   65.32  -32.62   30.13   44.41  137.27

F19   16.46   14.74   33.11   45.25   13.30  -41.83   43.90  287.64

F20   26.51   25.41   13.16   57.45    8.47   18.25   20.12   65.10

F21   32.89   30.27   11.87   61.87   13.60   29.56   32.53   65.28

F22   37.11   35.12   16.89   65.81   10.97   23.31   25.76   64.79

G1     2.51    3.12    2.67   20.53   -9.15   -0.73    9.18  184.55

G2     2.22    3.03    2.70   20.19  -13.75   -1.50   13.83  186.23

G3     1.75    2.84    2.84   19.36  -21.01   -3.99   21.38  190.74

G4     1.22    2.62    3.16   18.46  -32.04   -7.99   33.03  194.01

G5    11.34   13.78   11.48   43.92  -13.30   -0.27   13.31  181.17

G6     9.15   13.24   12.05   43.11  -26.75   -3.34   26.95  187.13

G7     8.01   13.58   13.86   43.62  -38.90   -7.53   39.62  190.96

G8     6.75   13.10   12.75   42.92  -47.92   -5.70   48.26  186.78

G9    26.72   30.43   24.62   62.02  -10.31    0.93   10.36  174.90

G10   24.17   29.98   26.83   61.63  -19.35   -3.62   19.69  190.61

G11   22.54   31.09   27.36   62.58  -30.72   -2.90   30.85  185.39

G12   21.56   31.10   28.16   62.58  -35.29   -4.20   35.54  186.79

G13   26.84   36.07   43.40   66.57  -29.46  -19.01   35.07  212.83

G14   32.07   21.67   32.51   53.67   46.07  -26.43   53.11  330.16

G15   49.96   51.54   12.28   77.00    0.68   54.42   54.42   89.28

G16    9.42    9.79    7.81   37.46   -0.17    1.08    1.09   99.45

G17   28.05   19.65    7.26   51.43   40.64   27.35   48.98   33.94

G18   21.72   31.74   11.27   63.13  -36.86   33.50   49.81  137.74

G19   13.15   11.24   30.81   39.97   16.10  -47.46   50.11  288.73

G20   33.76   32.86   15.24   64.03    7.38   24.16   25.26   73.02

G21   33.16   32.10   10.59   63.40    7.95   36.08   36.96   77.56

G22   40.15   37.45    3.72   67.60   12.97   72.97   74.13   79.91

H1     2.57    3.03    3.10   20.14   -6.37   -4.65    7.89  216.14

H2     2.36    3.07    3.84   20.32  -11.36   -9.31   14.69  219.32

H3     1.98    2.87    4.50   19.49  -16.11  -14.64   21.77  222.25

H4     1.71    2.79    5.65   19.19  -21.31  -21.12   30.00  224.75

H5     9.22   10.52   10.77   38.76   -7.40   -7.02   10.20  223.49

H6     8.39   10.60   13.90   38.91  -15.10  -15.75   21.82  226.21

H7     7.73   10.88   18.06   39.38  -23.09  -25.03   34.06  227.32

H8     6.39    9.75   18.43   37.38  -27.74  -29.26   40.32  226.52

H9    29.78   31.26   27.79   62.72   -1.39   -3.36    3.64  247.45

H10   28.19   31.10   30.62   62.59   -6.95   -8.16   10.73  229.54

H11   27.22   31.29   34.88   62.75  -11.48  -14.26   18.31  231.15

H12   25.45   30.90   41.06   62.41  -17.29  -23.22   28.97  233.32

H13   24.14   33.71   43.07   64.73  -32.85  -21.77   39.41  213.53

H14   30.28   19.61   31.15   51.40   49.39  -28.29   56.92  330.20

H15   49.88   51.22   10.46   76.81    1.31   59.60   59.62   88.75

H16    6.14    6.36    5.03   30.28    0.07    1.09    1.10   85.62

H17   26.44   17.80    5.64   49.25   43.59   30.78   53.36   35.23

H18   18.71   28.93    9.49   60.72  -41.26   35.07   54.16  139.63

H19   10.91    9.18   29.62   36.32   16.30  -51.87   54.38  287.44

H20   39.54   39.92   17.19   69.39    3.35   28.74   28.94   83.35

H21   32.04   32.80   21.55   63.97    1.51   10.12   10.24   81.44

H22   34.86   36.99   12.48   67.25   -2.69   37.04   37.14   94.14

I1     4.22    4.40    5.50   24.95   -0.37  -10.46   10.47  268.00

I2     4.19    4.28    8.47   24.60    0.79  -23.57   23.58  271.92

I3     4.23    4.24   12.78   24.45    2.07  -37.63   37.69  273.15

I4     3.97    4.06   15.38   23.86    0.79  -45.47   45.48  271.00

I5    13.16   13.43   13.05   43.41    1.37   -5.69    5.86  283.51

I6    13.29   13.40   17.46   43.35    2.45  -16.81   16.99  278.30

I7    13.57   13.52   22.94   43.54    3.38  -27.83   28.03  276.92

I8    13.32   13.51   27.15   43.51    1.93  -35.40   35.46  273.11

I9    30.30   30.78   27.85   62.32    2.35   -4.16    4.78  299.43

I10   30.50   30.81   30.96   62.33    3.01   -9.13    9.61  288.20

I11   30.40   30.81   34.51   62.35    2.59  -14.43   14.67  280.12

I12   29.90   29.90   39.83   61.57    4.05  -23.08   23.43  279.93

I13   21.47   31.13   42.38   62.62  -35.85  -24.54   43.44  214.39

I14   26.23   15.33   27.74   46.08   56.35  -31.95   64.78  330.44

I15   49.60   50.63    8.28   76.46    2.08   66.49   66.52   88.21

I16    3.82    4.01    3.17   23.72   -0.86    1.04    1.35  129.88

I17   22.75   13.90    3.46   44.10   49.92   34.17   60.49   34.39

I18   15.56   25.59    6.97   57.65  -45.28   39.28   59.94  139.07

I19    7.93    5.89   26.04   29.14   22.80  -58.28   62.58  291.37

I20   39.73   42.97   17.17   71.53   -5.28   32.48   32.91   99.22

I21   11.66   14.86    4.47   45.43  -17.60   30.32   35.06  120.13

I22   28.44   35.05   17.69   65.76  -19.71   21.35   29.07  132.71

J1     1.38    1.23    2.27   10.73    6.05  -14.26   15.49  293.00

J2     1.60    1.20    4.05   10.56   13.06  -27.40   30.35  295.48

J3     1.88    1.17    6.78   10.34   20.93  -41.46   46.44  296.78

J4     2.16    1.29    9.27   11.24   23.74  -49.51   54.90  295.61

J5     8.44    8.14    9.15   34.28    5.26   -9.36   10.74  299.32

J6     9.27    8.34   12.75   34.69   10.59  -19.90   22.54  298.04

J7     9.80    8.12   16.92   34.24   16.76  -31.25   35.46  298.20

J8    10.96    9.11   21.28   36.20   17.17  -37.25   41.02  294.74

J9    25.01   24.87   23.04   56.94    4.43   -4.91    6.61  312.11

J10   25.61   24.74   26.51   56.82    7.53  -11.38   13.65  303.48

J11   26.71   25.35   29.74   57.41    9.52  -15.70   18.36  301.23

J12   27.89   25.38   36.40   57.44   14.10  -25.57   29.20  298.87

J13   20.14   29.86   42.43   61.53  -37.53  -26.49   45.94  215.21

J14   23.89   13.07   25.51   42.87   60.24  -33.68   69.01  330.79

J15   49.83   50.54    7.01   76.39    2.98   71.44   71.50   87.61

J16    2.11    2.20    1.77   16.53   -0.53    0.53    0.75  135.14

J17   20.57   11.82    2.37   40.93   53.35   36.94   64.90   34.69

J18   13.80   23.63    5.71   55.71  -47.55   41.56   63.15  138.85

J19    6.37    4.31   23.76   24.67   26.87  -61.90   67.47  293.46

J20   29.52   36.51   23.72   66.90  -20.37   11.00   23.15  151.62

J21    3.47    6.39    1.39   30.35  -34.68   28.65   44.98  140.45

J22    0.81    1.81    0.73   14.45  -29.57   11.26   31.64  159.14

K1     2.32    2.01    2.39   15.51    8.43   -7.01   10.95  320.24

K2     2.82    2.03    3.24   15.60   17.83  -13.48   22.35  322.91

K3     3.47    2.07    4.29   15.81   27.92  -19.78   34.22  324.67

K4     4.22    2.23    5.49   16.65   35.49  -24.72   43.25  325.15

K5     7.14    6.10    6.60   29.65   13.16   -7.41   15.11  330.61

K6     8.19    5.78    8.90   28.85   26.43  -17.81   31.87  326.03

K7     9.59    5.73   11.45   28.73   38.88  -26.39   46.98  325.83

K8    11.91    6.89   14.49   31.55   44.00  -29.95   53.23  325.76

K9    22.42   20.89   18.62   52.83   10.75   -3.05   11.18  344.22

K10   23.84   20.68   21.45   52.60   18.13   -9.31   20.38  332.83

K11   26.40   21.27   25.83   53.24   26.23  -16.36   30.92  328.05

K12   28.72   21.81   29.11   53.82   32.95  -20.88   39.01  327.65

K13   18.61   28.25   41.97   60.11  -39.15  -28.35   48.34  215.90

K14   20.49   10.27   21.97   38.33   64.18  -34.93   73.07  331.44

K15   50.04   50.29    5.68   76.25    4.19   77.13   77.24   86.89

K16    0.75    0.81    0.71    7.28   -1.02   -0.83    1.32  219.29

K17   17.60    9.30    1.40   36.56   57.07   39.22   69.25   34.49

K18   11.90   21.28    4.39   53.25  -49.56   44.19   66.39  138.27

K19    4.62    2.57   19.82   18.24   34.06  -65.25   73.60  297.57

K20    3.22    4.03    2.93   23.76  -10.29    2.86   10.68  164.53

K21    2.01    2.58    2.29   18.26  -10.17   -1.42   10.27  187.95

K22    2.45    3.03    3.75   20.17   -8.80   -8.99   12.59  225.62

L1     2.22    1.98    1.76   15.38    7.17   -1.41    7.31  348.86

L2     2.60    1.82    1.95   14.49   18.52   -4.80   19.13  345.48

L3     3.06    1.79    1.98   14.38   27.42   -5.32   27.92  349.01

L4     4.38    2.30    2.79   17.00   36.10   -7.76   36.92  347.88

L5     7.48    6.32    5.49   30.19   14.14   -1.38   14.21  354.42

L6     9.16    6.30    6.00   30.16   29.25   -3.86   29.51  352.49

L7    11.23    6.27    6.60   30.07   45.58   -6.70   46.07  351.64

L8    12.49    6.89    6.97   31.56   47.99   -5.72   48.33  353.21

L9    22.94   21.60   16.94   53.60    9.86    2.07   10.08   11.84

L10   24.93   21.06   18.20   53.01   21.06   -1.82   21.14  355.09

L11   28.62   22.35   19.41   54.40   30.05   -2.01   30.11  356.17

L12   29.52   22.74   19.54   54.81   31.77   -1.61   31.82  357.11

L13   14.62   23.51   40.28   55.59  -41.95  -33.99   54.00  219.01

L14   14.11    6.08   14.30   29.62   66.85  -32.79   74.46  333.87

L15   50.24   49.39    3.62   75.69    7.13   87.60   87.89   85.35

L16    0.38    0.30    0.34    2.72    3.45   -1.80    3.89  332.39

L17   11.61    5.32    0.34   27.63   58.89   41.22   71.88   34.99

L18    7.43   15.26    2.39   45.97  -54.44   45.47   70.94  140.13

L19    1.98    0.67   10.56    5.99   42.11  -62.83   75.64  303.83

L20    1.03    1.18    1.48   10.41   -3.64   -6.78    7.70  241.74

L21    1.46    1.32    1.51   11.44    5.43   -5.44    7.68  314.95

L22    3.11    2.52    2.12   18.02   12.43   -0.28   12.44  358.68

GS0    55.42   56.38   45.57   79.83    2.66    1.21    2.91   24.57

GS1    55.28   56.46   45.84   79.87    2.13    0.95    2.34   24.20

GS2    49.58   50.88   41.71   76.60    1.39    0.41    1.45   16.69

GS3    41.97   42.98   35.45   71.54    1.59    0.08    1.59    3.29

GS4    36.58   37.53   30.42   67.67    1.29    0.92    1.59   35.49

GS5    32.53   33.49   27.26   64.55    0.88    0.68    1.14   38.13

GS6    28.73   29.60   23.93   61.31    0.73    0.94    1.27   48.86

GS7    24.17   24.90   20.02   56.97    0.71    1.13    1.35   57.99

GS8    21.47   22.24   18.23   54.28    0.13    0.31    0.41  212.65

GS9    16.94   17.58   14.27   48.98   -0.05    0.66    0.66   90.51

GS10   14.38   14.98   12.10   45.61   -0.41    0.81    0.93  122.19

GS11   11.38   11.85    9.51   40.99   -0.39    0.96    1.06  119.28

GS12    9.34    9.70    7.90   37.31   -0.15    0.43    0.47  139.57

GS13    7.31    7.69    6.27   33.34   -1.07    0.39    1.16  162.33

GS14    6.28    6.68    5.48   31.06   -1.62    0.16    1.65  175.17

GS15    4.36    4.59    3.66   25.53   -1.00    0.87    1.33  139.68

GS16    3.28    3.45    2.82   21.78   -0.99    0.25    1.02  165.91

GS17    2.24    2.37    1.96   17.31   -1.02   -0.02    1.02  180.86

GS18    1.67    1.76    1.44   14.20   -0.80    0.21    0.84  165.31

GS19    0.96    1.03    0.87    9.24   -1.03   -0.26    1.07  193.49

GS20    0.68    0.73    0.64    6.55   -1.07   -0.71    1.28  213.26

GS21    0.50    0.55    0.48    4.97   -1.09   -0.50    1.20  204.28

GS22    0.27    0.31    0.29    2.76   -1.09   -0.71    1.30  213.08

GS23    0.07    0.07    0.13    0.63    0.22   -1.41    1.42  278.84

END_DATA


