IT8.7/1
ORIGINATOR "FotoTune"
DESCRIPTOR "Agfa IT8"
MATERIAL "AgfachromeRS100Plus"
MANUFACTURER "Agfa"
CREATED "Fri Mar 19 11:03:35 1999"
PROD_DATE "1999:03"
SERIAL "4x5 bm1106xx"
NUMBER_OF_FIELDS 9
BEGIN_DATA_FORMAT
SAMPLE_ID XYZ_X XYZ_Y XYZ_Z LAB_L LAB_A LAB_B LAB_C LAB_H
END_DATA_FORMAT
NUMBER_OF_SETS 288
BEGIN_DATA
A1     2.55    2.18    1.63   16.39    9.33    1.84    9.51   11.12
A2     2.76    1.93    1.22   15.10   18.93    4.61   19.49   13.70
A3     3.43    2.03    1.02   15.66   28.10    8.38   29.33   16.60
A4     4.32    2.26    1.09   16.81   36.21    9.33   37.39   14.45
A5     9.81    8.44    5.69   34.88   14.14    5.76   15.26   22.19
A6    11.43    8.28    4.82   34.56   27.67    9.65   29.30   19.21
A7    13.28    8.21    4.28   34.42   40.94   12.35   42.77   16.79
A8    14.89    8.55    3.57   35.08   48.01   17.92   51.25   20.47
A9    26.42   25.21   18.11   57.28    8.90    5.76   10.60   32.91
A10   27.77   24.85   17.12   56.94   15.82    7.40   17.47   25.07
A11   29.75   24.83   16.05   56.90   23.62    9.86   25.60   22.65
A12   31.02   25.40   15.70   57.46   25.95   11.68   28.45   24.22
A13   53.41   54.78   44.76   78.91    1.53    0.59    1.66   22.61
A14   54.22   54.81   44.50   78.93    3.51    0.94    3.63   15.15
A15   54.34   55.22   43.05   79.16    2.81    3.13    4.23   48.18
A16   55.14   55.96   45.08   79.58    2.99    1.37    3.32   25.22
A17   54.78   55.49   43.56   79.32    3.20    2.78    4.28   41.22
A18   54.18   55.65   44.14   79.42    1.30    2.22    2.62   60.02
A19   54.58   55.82   45.92   79.50    1.94    0.22    2.01  190.35
A20    2.20    1.54    0.62   12.85   17.51   10.38   20.35   30.64
A21    5.62    3.24    0.63   20.95   34.64   24.29   42.31   35.04
A22   10.43    5.34    0.45   27.67   49.98   39.25   63.55   38.14
B1     3.68    3.29    1.92   21.17    8.11    6.95   10.68   40.64
B2     4.06    3.16    1.25   20.66   15.95   13.69   21.02   40.64
B3     4.59    3.13    0.79   20.57   23.62   20.53   31.30   41.01
B4     5.05    3.11    0.41   20.49   29.83   27.65   40.67   42.83
B5    12.77   11.44    5.98   40.30   12.17   13.69   18.32   48.38
B6    14.35   11.43    4.08   40.31   22.24   23.72   32.51   46.83
B7    16.10   10.89    2.61   39.39   36.58   32.20   48.74   41.36
B8    17.33   11.12    2.21   39.79   41.68   36.35   55.31   41.08
B9    32.09   31.23   22.17   62.70    7.27    6.70    9.90   42.65
B10   33.25   30.81   19.11   62.34   12.93   12.30   17.85   43.55
B11   35.44   31.31   17.24   62.76   18.67   17.17   25.37   42.61
B12   35.19   30.50   16.03   62.08   20.76   18.83   28.03   42.21
B13   48.15   51.54   44.71   77.01   -4.20   -2.62    4.98  212.06
B14   50.91   48.73   43.30   75.29   10.65   -3.86   11.33  340.10
B15   53.63   55.01   36.69   79.04    1.53   11.28   11.39   82.31
B16   43.97   44.94   36.61   72.85    1.87    0.71    2.03   22.75
B17   50.02   48.44   35.58   75.10    9.06    6.06   10.90   33.85
B18   47.40   51.25   36.88   76.82   -5.53    7.20    9.08  127.47
B19   45.29   45.74   43.75   73.37    3.42   -7.72    8.45  293.59
B20    3.89    2.67    0.77   18.68   22.03   17.60   28.20   38.61
B21    9.47    4.97    0.53   26.63   46.89   35.94   59.08   37.47
B22   27.34   23.66   12.72   55.74   19.24   16.52   25.35   40.65
C1     6.59    6.36    3.37   30.31    4.72   11.03   12.01   66.81
C2     6.53    6.01    2.17   29.42    8.05   18.85   20.49   66.88
C3     6.83    5.90    1.15   29.16   12.21   29.78   32.17   67.71
C4     7.92    6.36    0.72   30.28   17.80   38.68   42.58   65.29
C5    22.30   21.17   10.12   53.12    8.95   19.86   21.79   65.76
C6    24.16   21.29    5.90   53.27   16.64   36.46   40.08   65.48
C7    27.17   22.22    3.04   54.26   24.91   54.62   60.03   65.49
C8    24.28   19.58    2.64   51.37   25.35   52.71   58.48   64.31
C9    35.84   35.76   24.14   66.34    4.59    9.25   10.32   63.60
C10   37.11   36.00   20.74   66.52    8.00   16.12   18.01   63.60
C11   38.49   36.12   17.60   66.62   12.04   22.99   25.95   62.36
C12   38.92   36.20   15.90   66.67   13.17   27.07   30.11   64.04
C13   42.20   47.62   44.67   74.59  -10.85   -6.74   12.78  211.86
C14   46.21   40.94   41.15   70.13   20.01  -10.03   22.39  333.38
C15   52.56   54.33   28.82   78.65    0.45   22.41   22.42   88.83
C16   33.68   34.38   27.74   65.25    1.87    1.08    2.18   31.12
C17   44.21   40.15   26.56   69.57   16.70   10.53   19.76   32.26
C18   40.36   46.71   29.37   74.00  -13.92   13.49   19.39  135.89
C19   35.22   34.78   41.24   65.57    5.82  -18.02   18.93  287.83
C20    2.80    2.33    1.20   17.10   11.15    8.22   13.85   36.40
C21   22.53   17.59    6.28   48.99   27.85   27.35   39.04   44.49
C22   34.45   31.75   19.33   63.11   13.74   13.19   19.04   43.87
D1     4.42    4.60    2.49   25.55   -0.10    9.42    9.43   90.60
D2     4.26    4.49    1.61   25.22   -0.89   17.29   17.31   92.97
D3     4.26    4.39    0.88   24.91    0.42   26.62   26.62   89.10
D4     4.43    4.66    0.75   25.75   -0.93   30.22   30.23   91.76
D5    17.05   17.60    8.53   49.00    0.40   18.25   18.26   88.76
D6    16.53   17.08    4.58   48.35    0.39   34.69   34.70   89.35
D7    15.94   16.46    2.22   47.58    0.38   49.78   49.78   89.57
D8    15.91   16.28    2.30   47.34    1.21   48.56   48.57   88.57
D9    42.22   43.37   20.92   71.81    1.20   24.85   24.88   87.21
D10   42.36   43.40   12.65   71.82    1.51   44.43   44.45   88.04
D11   42.92   44.26    6.50   72.40    0.75   66.71   66.71   89.35
D12   40.66   43.17    7.59   71.67   -2.95   60.91   60.98   92.77
D13   38.53   45.10   44.41   72.96  -15.15   -9.24   17.76  211.38
D14   42.97   36.01   39.46   66.52   26.19  -14.05   29.72  331.80
D15   52.22   54.15   24.35   78.55    0.01   29.91   29.91   89.98
D16   26.06   26.67   21.03   58.67    1.41    2.00    2.50   54.47
D17   40.35   34.83   21.03   65.61   22.19   13.98   26.22   32.22
D18   35.74   43.39   24.12   71.81  -19.35   18.73   26.94  135.93
D19   29.01   27.95   39.06   59.83    8.16  -25.06   26.35  288.02
D20   16.53   12.98    4.58   42.72   24.64   24.99   35.09   45.41
D21   21.66   20.68   12.76   52.59    8.25   10.95   13.72   53.03
D22   38.57   37.01   22.67   67.26    9.42   13.62   16.58   55.36
E1     5.91    6.81    3.45   31.36   -6.93   12.23   14.06  119.56
E2     4.94    6.11    2.20   29.69  -11.31   19.09   22.19  120.65
E3     4.73    6.20    1.59   29.91  -14.87   25.60   29.60  120.15
E4     4.31    6.15    1.02   29.78  -19.90   32.78   38.34  121.27
E5    24.02   26.40   13.18   58.41   -6.16   19.84   20.78  107.25
E6    22.01   26.47    8.35   58.49  -15.47   35.24   38.48  113.71
E7    19.79   26.19    5.15   58.22  -25.00   48.65   54.70  117.19
E8    18.19   26.45    4.45   58.46  -34.19   52.81   62.91  122.93
E9    42.79   45.37   28.18   73.14   -2.82   13.94   14.23  101.40
E10   39.28   44.65   22.26   72.66  -11.52   23.69   26.34  115.93
E11   37.59   44.28   17.53   72.41  -15.83   33.14   36.73  115.54
E12   36.47   43.54   17.40   71.93  -17.38   32.59   36.94  118.07
E13   33.72   41.65   44.15   70.64  -21.15  -12.94   24.80  211.46
E14   38.87   30.05   37.09   61.69   34.46  -19.19   39.44  330.89
E15   51.43   53.28   18.38   78.04    0.13   40.95   40.95   89.81
E16   19.44   19.90   15.46   51.72    1.29    2.37    2.71   61.44
E17   35.45   28.40   14.24   60.24   29.52   20.18   35.76   34.36
E18   29.84   38.87   17.99   68.65  -26.70   25.63   37.01  136.17
E19   21.80   20.31   36.17   52.17   10.72  -34.32   35.96  287.34
E20   22.22   15.79    1.60   46.69   36.30   54.36   65.37   56.27
E21   18.51   15.36    3.93   46.12   20.62   34.69   40.36   59.27
E22   28.09   24.54    9.08   56.61   18.44   29.44   34.74   57.95
F1     3.88    4.57    3.16   25.49   -7.49    4.12    8.55  151.18
F2     3.17    4.75    2.74   26.03  -20.86    8.19   22.42  158.58
F3     2.53    4.53    2.54   25.35  -29.63    8.66   30.87  163.71
F4     2.16    4.37    2.33   24.87  -35.19    9.62   36.49  164.72
F5    12.09   14.97   10.16   45.58  -15.23    6.70   16.63  156.26
F6     9.15   13.64    7.59   43.71  -29.35   12.71   31.99  156.60
F7     7.88   14.42    7.03   44.82  -45.23   16.92   48.29  159.50
F8     6.89   13.99    6.44   44.22  -52.08   18.39   55.23  160.55
F9    26.99   30.44   21.61   62.03   -9.30    6.63   11.42  144.52
F10   25.01   31.24   20.81   62.71  -20.37    9.40   22.42  155.24
F11   22.66   31.52   19.18   62.94  -31.75   13.19   34.39  157.44
F12   22.19   32.42   18.72   63.68  -37.03   15.46   40.12  157.33
F13   29.90   38.75   44.10   68.57  -26.08  -16.43   30.83  212.21
F14   35.49   25.65   34.97   57.70   40.65  -23.10   46.76  330.39
F15   50.70   52.49   15.02   77.57    0.22   48.04   48.04   89.74
F16   13.86   14.26   11.02   44.60    0.72    2.30    2.42   71.96
F17   31.77   23.83   10.36   55.92   35.35   23.91   42.67   34.08
F18   25.36   35.13   14.35   65.85  -32.42   29.53   43.86  137.68
F19   16.81   15.08   33.54   45.74   13.15  -41.64   43.67  287.52
F20   26.94   25.85   13.68   57.88    8.37   17.56   19.45   64.49
F21   33.16   30.54   12.28   62.10   13.60   28.73   31.79   64.66
F22   37.35   35.27   17.11   65.93   11.24   22.99   25.60   63.97
G1     2.66    3.30    2.82   21.19   -9.15   -0.73    9.18  184.54
G2     2.33    3.19    2.82   20.78  -13.95   -1.39   14.02  185.68
G3     1.84    2.96    2.95   19.88  -21.17   -4.03   21.56  190.77
G4     1.28    2.75    3.32   19.01  -32.48   -8.16   33.49  194.10
G5    11.74   14.21   11.83   44.53  -13.10   -0.26   13.10  181.16
G6     9.46   13.59   12.32   43.65  -26.53   -3.22   26.72  186.93
G7     8.23   13.90   14.18   44.09  -38.85   -7.53   39.57  190.98
G8     6.93   13.38   13.04   43.32  -47.90   -5.80   48.25  186.90
G9    27.24   30.95   24.94   62.47  -10.12    1.11   10.18  173.76
G10   24.67   30.47   27.27   62.07  -19.10   -3.62   19.45  190.76
G11   23.11   31.76   27.88   63.15  -30.56   -2.78   30.69  185.20
G12   22.05   31.67   28.56   63.07  -35.06   -4.03   35.29  186.57
G13   27.27   36.55   43.79   66.94  -29.30  -18.86   34.85  212.77
G14   32.47   21.98   32.72   54.00   46.12  -26.19   53.04  330.42
G15   50.39   51.94   12.55   77.24    0.78   54.07   54.08   89.18
G16    9.69   10.03    8.02   37.90    0.16    1.02    1.05   83.04
G17   28.67   20.19    7.64   52.05   40.41   26.90   48.54   33.65
G18   22.12   32.24   11.70   63.54  -36.77   32.90   49.33  138.18
G19   13.41   11.48   31.06   40.37   16.08  -47.15   49.81  288.83
G20   33.94   33.06   15.57   64.19    7.36   23.62   24.75   72.69
G21   33.17   32.11   10.77   63.42    7.95   35.53   36.40   77.38
G22   40.00   37.36    3.86   67.53   12.81   72.00   73.13   79.91
H1     2.73    3.20    3.28   20.82   -6.35   -4.71    7.90  216.60
H2     2.51    3.26    4.04   21.05  -11.62   -9.27   14.86  218.58
H3     2.06    2.99    4.66   20.00  -16.39  -14.68   21.99  221.83
H4     1.77    2.89    5.86   19.59  -21.50  -21.40   30.33  224.86
H5     9.51   10.82   11.07   39.27   -7.19   -7.05   10.09  224.39
H6     8.49   10.68   13.88   39.04  -14.76  -15.43   21.36  226.27
H7     7.77   10.91   17.97   39.43  -22.99  -24.69   33.74  227.04
H8     6.47    9.82   18.53   37.53  -27.59  -29.23   40.19  226.64
H9    29.98   31.47   27.95   62.90   -1.35   -3.34    3.64  247.89
H10   28.38   31.27   30.88   62.74   -6.80   -8.31   10.75  230.76
H11   27.60   31.67   35.19   63.07  -11.30  -14.16   18.12  231.44
H12   25.76   31.25   41.29   62.72  -17.26  -23.01   28.77  233.11
H13   24.44   34.01   43.38   64.96  -32.60  -21.74   39.18  213.71
H14   30.69   19.90   31.42   51.72   49.46  -28.14   56.90  330.36
H15   50.53   51.97   10.88   77.26    1.12   59.07   59.08   88.92
H16    6.33    6.55    5.22   30.74    0.24    0.90    0.95   75.18
H17   26.81   18.11    5.89   49.63   43.46   30.22   52.93   34.81
H18   18.96   29.29    9.78   61.03  -41.31   34.62   53.90  140.03
H19   11.05    9.30   29.73   36.54   16.33  -51.67   54.18  287.54
H20   39.43   39.76   17.42   69.28    3.47   28.04   28.26   82.94
H21   31.96   32.72   21.72   63.90    1.51    9.69    9.83   81.14
H22   34.68   36.81   12.76   67.10   -2.74   36.03   36.13   94.33
I1     4.42    4.60    5.69   25.54   -0.14  -10.34   10.34  269.21
I2     4.31    4.41    8.53   24.99    0.77  -23.14   23.16  271.90
I3     4.35    4.36   12.93   24.85    1.91  -37.33   37.39  272.92
I4     4.06    4.18   15.60   24.24    0.54  -45.37   45.38  270.67
I5    13.51   13.75   13.42   43.87    1.62   -5.90    6.12  285.20
I6    13.66   13.76   17.94   43.89    2.57  -16.95   17.15  278.61
I7    13.80   13.75   23.19   43.86    3.47  -27.73   27.94  277.10
I8    13.54   13.73   27.41   43.83    1.97  -35.28   35.34  273.17
I9    30.68   31.14   28.23   62.62    2.47   -4.26    4.93  299.74
I10   30.67   30.97   31.17   62.48    3.03   -9.22    9.72  288.10
I11   30.87   31.30   35.06   62.75    2.57  -14.50   14.73  279.99
I12   30.26   30.27   40.22   61.89    4.04  -23.05   23.42  279.93
I13   21.83   31.57   42.74   62.99  -35.72  -24.37   43.24  214.30
I14   26.69   15.65   28.15   46.51   56.44  -31.91   64.83  330.52
I15   50.17   51.22    8.55   76.81    2.11   66.15   66.19   88.18
I16    3.92    4.12    3.30   24.08   -0.78    0.70    1.05  137.65
I17   23.01   14.11    3.62   44.39   49.84   33.65   60.13   34.02
I18   15.92   26.11    7.35   58.14  -45.33   38.55   59.51  139.62
I19    8.10    6.07   26.33   29.60   22.42  -57.98   62.16  291.14
I20   39.75   43.03   17.64   71.56   -5.35   31.45   31.90   99.65
I21   11.97   15.24    4.73   45.94  -17.62   29.74   34.57  120.65
I22   28.48   35.04   18.04   65.76  -19.49   20.56   28.33  133.47
J1     1.45    1.29    2.41   11.23    6.18  -14.60   15.86  292.95
J2     1.66    1.25    4.20   10.93   13.23  -27.67   30.67  295.55
J3     1.92    1.21    6.86   10.60   20.90  -41.36   46.34  296.80
J4     2.23    1.34    9.47   11.55   23.78  -49.66   55.06  295.59
J5     8.76    8.45    9.41   34.92    5.31   -9.18   10.61  300.02
J6     9.60    8.65   13.15   35.29   10.68  -19.95   22.64  298.16
J7    10.15    8.43   17.42   34.85   16.86  -31.35   35.60  298.27
J8    11.40    9.51   21.83   36.96   17.07  -37.03   40.77  294.74
J9    25.38   25.22   23.33   57.29    4.51   -4.83    6.61  312.92
J10   25.93   25.06   26.71   57.13    7.53  -11.18   13.49  303.91
J11   27.14   25.74   29.97   57.78    9.63  -15.42   18.18  301.96
J12   28.28   25.74   36.77   57.78   14.17  -25.48   29.16  299.07
J13   20.51   30.30   42.75   61.90  -37.35  -26.25   45.65  215.10
J14   24.24   13.32   25.83   43.25   60.21  -33.58   68.93  330.85
J15   50.01   50.72    7.14   76.51    2.98   71.07   71.14   87.60
J16    2.15    2.26    1.85   16.76   -0.29    0.11    0.32  169.07
J17   20.83   12.01    2.49   41.24   53.29   36.38   64.52   34.33
J18   14.01   23.94    5.93   56.03  -47.60   41.06   62.86  139.23
J19    6.48    4.41   23.94   24.98   26.62  -61.71   67.21  293.33
J20   29.28   36.16   23.80   66.63  -20.13   10.40   22.66  152.67
J21    3.54    6.49    1.44   30.62  -34.88   28.44   45.01  140.81
J22    0.85    1.89    0.76   14.93  -30.22   11.31   32.27  159.48
K1     2.48    2.15    2.58   16.26    8.52   -7.34   11.24  319.24
K2     2.98    2.13    3.45   16.19   18.17  -13.91   22.89  322.57
K3     3.61    2.15    4.45   16.24   28.31  -19.98   34.65  324.77
K4     4.40    2.32    5.72   17.12   35.93  -25.03   43.78  325.14
K5     7.45    6.39    6.88   30.35   13.20   -7.39   15.14  330.74
K6     8.43    5.97    9.12   29.33   26.58  -17.80   31.99  326.19
K7     9.90    5.94   11.78   29.26   38.97  -26.43   47.10  325.85
K8    12.22    7.11   14.82   32.06   43.96  -29.95   53.19  325.73
K9    22.73   21.17   18.78   53.14   10.84   -2.87   11.22  345.24
K10   24.07   20.87   21.55   52.81   18.22   -9.15   20.39  333.36
K11   26.81   21.62   26.06   53.61   26.24  -16.10   30.79  328.46
K12   29.23   22.26   29.45   54.30   32.83  -20.60   38.76  327.91
K13   18.93   28.67   42.29   60.48  -39.07  -28.12   48.14  215.74
K14   20.82   10.45   22.26   38.65   64.43  -34.94   73.29  331.53
K15   50.03   50.33    5.75   76.27    4.06   76.83   76.93   86.98
K16    0.79    0.85    0.76    7.70   -0.97   -1.00    1.39  225.59
K17   17.92    9.51    1.50   36.95   57.08   38.73   68.97   34.16
K18   12.12   21.62    4.59   53.63  -49.64   43.74   66.15  138.61
K19    4.73    2.65   20.14   18.58   33.85  -65.29   73.54  297.40
K20    3.38    4.23    3.12   24.42  -10.49    2.54   10.79  166.36
K21    2.12    2.72    2.45   18.89  -10.41   -1.76   10.56  189.60
K22    2.59    3.20    4.02   20.83   -8.99   -9.49   13.07  226.52
L1     2.38    2.11    1.91   16.06    7.24   -1.74    7.44  346.46
L2     2.76    1.92    2.11   15.10   18.84   -5.20   19.55  344.55
L3     3.24    1.90    2.12   14.94   27.83   -5.57   28.38  348.69
L4     4.57    2.41    2.93   17.50   36.53   -7.99   37.39  347.67
L5     7.80    6.61    5.73   30.91   14.03   -1.26   14.09  354.84
L6     9.42    6.49    6.18   30.62   29.29   -3.90   29.55  352.42
L7    11.44    6.40    6.78   30.41   45.69   -6.88   46.21  351.43
L8    12.71    7.03    7.16   31.90   48.01   -5.94   48.38  352.94
L9    23.17   21.82   17.22   53.84    9.84    1.83   10.01   10.60
L10   25.24   21.38   18.52   53.35   20.87   -1.93   20.96  354.74
L11   28.76   22.50   19.48   54.56   29.93   -1.92   30.01  356.33
L12   29.69   22.92   19.62   54.99   31.65   -1.47   31.68  357.35
L13   14.77   23.72   40.53   55.80  -41.94  -33.93   53.94  218.98
L14   14.22    6.14   14.28   29.75   66.93  -32.53   74.41  334.08
L15   50.29   49.50    3.70   75.76    6.98   87.20   87.47   85.42
L16    0.39    0.31    0.37    2.84    3.64   -2.06    4.18  330.58
L17   11.89    5.45    0.36   27.99   59.23   41.51   72.33   35.02
L18    7.61   15.60    2.51   46.45  -54.65   45.31   70.99  140.33
L19    2.01    0.68   10.72    6.11   42.27  -63.11   75.96  303.82
L20    1.09    1.25    1.59   10.94   -3.90   -7.05    8.06  241.01
L21    1.56    1.41    1.64   12.06    5.28   -5.81    7.85  312.32
L22    3.27    2.68    2.29   18.69   12.25   -0.74   12.28  356.57
GS0    56.72   57.83   46.56   80.64    2.39    1.42    2.78   30.81
GS1    56.49   57.69   46.58   80.57    2.15    1.26    2.50   30.36
GS2    50.53   51.84   42.31   77.18    1.42    0.64    1.57   24.27
GS3    43.33   44.42   36.28   72.51    1.47    0.58    1.59   21.78
GS4    37.40   38.37   31.02   68.29    1.29    1.05    1.69   41.33
GS5    32.92   33.88   27.72   64.86    0.88    0.45    1.04   32.67
GS6    28.81   29.64   23.94   61.34    0.87    1.00    1.39   50.60
GS7    24.26   25.02   20.17   57.10    0.57    1.01    1.26   61.90
GS8    21.44   22.19   18.27   54.22    0.25    0.13    0.36   46.64
GS9    17.00   17.61   14.32   49.02    0.08    0.62    0.73   79.06
GS10   14.55   15.15   12.30   45.83   -0.34    0.62    0.74  113.48
GS11   11.59   12.06    9.72   41.32   -0.33    0.82    0.94  107.96
GS12    9.57    9.93    8.08   37.72   -0.12    0.50    0.60   93.01
GS13    7.49    7.88    6.45   33.72   -0.97    0.26    1.00  163.57
GS14    6.49    6.89    5.63   31.57   -1.56    0.31    1.59  169.39
GS15    4.59    4.84    3.89   26.26   -0.99    0.64    1.18  145.39
GS16    3.44    3.65    3.00   22.48   -1.18    0.09    1.18  176.42
GS17    2.37    2.51    2.12   17.97   -1.15   -0.35    1.21  196.79
GS18    1.75    1.86    1.56   14.76   -0.98   -0.21    1.00  191.98
GS19    1.00    1.08    0.94    9.60   -1.19   -0.75    1.42  212.58
GS20    0.72    0.77    0.69    6.98   -1.33   -1.13    1.74  220.48
GS21    0.53    0.59    0.52    5.32   -1.33   -0.75    1.53  209.20
GS22    0.28    0.33    0.31    2.99   -1.39   -0.81    1.61  210.46
GS23    0.08    0.07    0.14    0.68    0.21   -1.54    1.56  277.78
END_DATA

