IT8.7/1
ORIGINATOR "FotoTune"
DESCRIPTOR "Agfa IT8"
MATERIAL "AgfachromeRS100Plus"
MANUFACTURER "Agfa"
CREATED "Mon Mar  1 08:23:43 1999"
PROD_DATE "1999:03"
SERIAL "4x5 bn0921xx"
NUMBER_OF_FIELDS 9
BEGIN_DATA_FORMAT
SAMPLE_ID XYZ_X XYZ_Y XYZ_Z LAB_L LAB_A LAB_B LAB_C LAB_H
END_DATA_FORMAT
NUMBER_OF_SETS 288
BEGIN_DATA
A1     2.34    2.05    1.49   15.77    7.69    2.38    8.06   17.18
A2     2.76    1.97    1.11   15.34   17.97    6.47   19.10   19.80
A3     3.18    1.90    0.91   14.98   26.88    8.85   28.30   18.23
A4     4.23    2.23    0.79   16.66   35.62   13.81   38.21   21.19
A5     8.87    7.98    5.42   33.94   10.41    5.43   11.74   27.56
A6    11.43    8.44    5.02   34.88   26.35    9.13   27.89   19.12
A7    13.91    8.62    4.24   35.24   41.32   14.01   43.63   18.73
A8    15.59    8.82    4.18   35.63   49.84   15.10   52.08   16.85
A9    27.38   26.56   20.04   58.55    7.23    3.84    8.18   27.92
A10   29.97   27.18   19.25   59.13   14.80    6.49   16.17   23.67
A11   32.24   27.35   18.60   59.28   22.47    8.15   23.91   19.94
A12   33.93   27.98   18.98   59.86   25.97    8.35   27.28   17.81
A13   56.94   59.00   48.12   81.29    0.11    0.72    0.74   80.68
A14   57.78   58.79   48.08   81.18    2.65    0.57    2.72   11.97
A15   58.30   59.92   47.50   81.79    1.25    2.32    2.64   61.49
A16   58.11   59.76   46.79   81.71    1.17    2.99    3.22   68.61
A17   57.82   58.92   47.40   81.25    2.43    1.49    2.86   31.47
A18   57.19   59.29   47.72   81.44    0.07    1.45    1.45   87.17
A19   57.47   59.10   48.88   81.35    1.18   -0.07    1.19  176.70
A20    2.12    1.43    0.50   12.19   18.46   11.55   21.77   32.03
A21    5.94    3.36    0.48   21.40   36.31   27.91   45.80   37.54
A22   10.62    5.45    0.42   27.99   50.10   40.42   64.38   38.90
B1     3.33    3.13    1.74   20.56    5.11    7.77    9.30   56.66
B2     3.77    2.95    1.11   19.85   15.15   14.30   20.83   43.35
B3     4.18    2.81    0.63   19.25   23.67   21.22   31.79   41.86
B4     4.47    2.68    0.35   18.74   29.78   25.71   39.34   40.81
B5    12.07   11.11    6.24   39.75    9.78   11.58   15.16   49.82
B6    14.15   10.95    4.15   39.50   24.51   21.88   32.85   41.74
B7    16.26   10.98    2.59   39.55   36.82   32.74   49.28   41.64
B8    18.47   11.85    2.43   40.97   42.58   36.49   56.08   40.60
B9    32.61   32.06   22.77   63.39    6.15    6.74    9.14   47.51
B10   34.47   32.29   20.56   63.57   11.85   11.42   16.46   43.91
B11   36.44   32.58   19.10   63.81   17.47   14.86   22.93   40.38
B12   36.99   32.57   17.96   63.80   19.28   17.36   25.95   41.99
B13   51.72   55.69   48.20   79.44   -5.12   -2.57    5.73  206.64
B14   54.03   52.22   46.57   77.41    9.59   -4.14   10.44  336.62
B15   57.11   59.23   39.92   81.42    0.00   11.02   11.02   89.99
B16   46.12   47.99   38.65   74.82   -0.44    1.32    1.38  108.38
B17   52.57   51.32   38.49   76.87    8.15    5.10    9.60   32.02
B18   50.73   55.17   40.19   79.14   -6.47    6.75    9.35  133.84
B19   48.69   49.42   47.01   75.71    2.85   -7.61    8.12  290.56
B20    3.76    2.49    0.62   17.91   23.45   19.07   30.22   39.12
B21   10.05    5.28    0.49   27.50   47.79   38.24   61.21   38.66
B22   30.14   26.24   15.18   58.26   19.23   14.32   23.98   36.69
C1     6.43    6.32    3.41   30.22    3.46   10.55   11.10   71.80
C2     6.78    6.32    2.24   30.20    7.28   19.50   20.83   69.54
C3     7.50    6.55    1.16   30.76   11.84   32.33   34.43   69.90
C4     7.32    5.87    0.66   29.08   17.36   37.69   41.50   65.27
C5    22.33   21.83   10.30   53.84    5.99   20.53   21.39   73.72
C6    23.59   20.95    5.93   52.89   15.78   35.65   38.99   66.12
C7    25.79   21.40    2.83   53.38   23.11   54.68   59.37   67.10
C8    25.89   21.05    2.55   52.99   25.17   56.19   61.58   65.87
C9    38.54   38.72   25.69   68.55    3.87   10.31   11.01   69.43
C10   39.92   39.04   22.17   68.78    7.20   17.18   18.63   67.25
C11   41.25   39.47   18.30   69.08   10.00   25.70   27.58   68.74
C12   42.21   40.02   18.67   69.47   11.18   25.58   27.92   66.40
C13   45.50   51.49   47.80   76.97  -11.48   -6.36   13.12  208.97
C14   48.93   43.94   43.94   72.18   18.70  -10.00   21.20  331.88
C15   55.92   58.43   32.01   80.98   -1.06   21.42   21.44   92.82
C16   35.57   36.99   29.62   67.26   -0.31    1.49    1.51  102.96
C17   46.71   42.90   29.45   71.49   15.58    9.03   18.01   30.10
C18   42.92   49.75   32.10   75.92  -14.41   12.54   19.10  138.99
C19   37.85   37.60   43.99   67.72    5.22  -17.76   18.51  286.36
C20    2.66    2.20    0.74   16.49   11.03   14.59   18.29   52.90
C21   25.48   19.99    7.47   51.82   28.53   27.16   39.40   43.59
C22   37.52   34.97   22.29   65.72   12.75   11.68   17.29   42.47
D1     3.89    4.16    2.32   24.21   -1.88    8.57    8.77  102.38
D2     4.16    4.53    1.60   25.38   -2.97   17.66   17.91   99.57
D3     3.99    4.23    0.80   24.42   -1.32   27.08   27.11   92.78
D4     3.91    4.23    0.70   24.42   -2.35   28.94   29.04   94.65
D5    16.33   16.89    7.92   48.11    0.28   19.02   19.03   89.15
D6    16.45   16.97    4.64   48.22    0.50   34.14   34.14   89.17
D7    16.51   17.34    2.53   48.68   -1.17   48.96   48.97   91.37
D8    15.50   16.46    1.70   47.57   -2.12   54.76   54.81   92.21
D9    44.69   45.94   22.71   73.51    1.12   24.29   24.31   87.36
D10   44.40   46.10   12.61   73.61   -0.13   47.61   47.62   90.16
D11   44.44   46.74    6.78   74.02   -1.81   68.32   68.34   91.52
D12   44.01   46.90    8.31   74.12   -3.51   62.38   62.47   93.22
D13   41.45   48.53   47.31   75.15  -15.56   -8.91   17.93  209.82
D14   45.42   38.58   42.11   68.44   25.03  -14.17   28.77  330.48
D15   54.59   57.22   26.32   80.30   -1.47   29.45   29.49   92.85
D16   27.53   28.81   23.31   60.61   -0.98    0.92    1.36  138.85
D17   42.40   37.12   23.10   67.37   20.87   12.96   24.57   31.83
D18   38.04   46.10   26.52   73.61  -19.55   17.57   26.29  138.08
D19   31.40   30.52   41.72   62.10    7.35  -24.60   25.67  286.62
D20   17.63   13.78    4.97   43.91   25.55   24.90   35.68   44.26
D21   24.74   23.75   15.34   55.83    8.07    9.76   12.68   50.43
D22   42.10   40.79   25.47   70.03    8.49   13.21   15.71   57.25
E1     5.86    6.57    3.56   30.80   -5.14   10.60   11.78  115.83
E2     4.70    5.84    1.87   28.99  -11.29   21.04   23.88  118.22
E3     4.67    6.16    1.41   29.83  -15.32   27.43   31.43  119.18
E4     4.04    5.90    0.96   29.16  -21.08   32.71   38.90  122.79
E5    22.31   25.24   13.03   57.30   -9.00   18.34   20.43  116.16
E6    21.98   26.96    8.63   58.93  -17.57   35.01   39.18  116.65
E7    19.64   26.51    4.84   58.51  -27.02   50.80   57.54  118.01
E8    18.94   27.69    4.47   59.60  -35.23   54.71   65.07  122.78
E9    42.58   46.41   30.73   73.81   -6.35   11.03   12.73  119.97
E10   40.78   46.06   23.20   73.58  -10.85   23.49   25.87  114.82
E11   38.89   46.40   19.28   73.81  -17.70   31.71   36.32  119.18
E12   38.47   46.10   18.97   73.61  -18.19   32.07   36.87  119.56
E13   37.15   45.35   47.07   73.12  -20.33  -12.14   23.67  210.83
E14   41.37   32.80   39.64   63.99   32.28  -18.64   37.28  329.98
E15   53.95   56.58   21.22   79.94   -1.54   38.31   38.35   92.32
E16   20.18   21.36   16.83   53.33   -1.99    1.87    2.73  136.92
E17   37.76   31.03   16.98   62.53   27.32   17.39   32.39   32.47
E18   32.46   41.69   20.94   70.65  -25.73   22.83   34.40  138.42
E19   24.52   23.12   38.97   55.19    9.89  -32.93   34.39  286.72
E20   22.94   16.11    1.44   47.12   37.72   56.96   68.32   56.49
E21   21.09   17.86    4.61   49.33   19.65   36.17   41.17   61.49
E22   32.14   28.33   10.67   60.18   18.32   30.26   35.38   58.82
F1     3.69    4.55    3.17   25.40   -9.95    3.92   10.71  158.53
F2     2.88    4.11    2.58   24.01  -17.52    6.07   18.53  160.89
F3     2.36    4.18    2.28   24.24  -28.30    8.98   29.69  162.39
F4     2.13    4.29    2.05   24.61  -34.75   11.73   36.68  161.35
F5    10.56   13.14    8.63   42.96  -14.96    7.48   16.74  153.45
F6     9.00   13.82    7.89   43.97  -31.78   12.01   33.97  159.32
F7     7.72   14.57    7.03   45.04  -47.65   17.28   50.69  160.06
F8     7.32   15.31    6.55   46.04  -55.67   21.10   59.53  159.24
F9    28.30   32.27   23.35   63.56  -10.69    5.95   12.23  150.95
F10   26.08   33.63   22.23   64.67  -24.38    9.99   26.35  157.74
F11   23.70   33.89   20.07   64.88  -35.39   14.66   38.31  157.51
F12   22.56   33.10   20.67   64.24  -37.78   12.33   39.75  161.94
F13   32.95   41.98   46.58   70.86  -24.82  -15.48   29.26  211.95
F14   38.06   28.28   37.83   60.14   38.55  -22.88   44.83  329.32
F15   53.54   56.04   17.44   79.64   -1.28   45.82   45.85   91.59
F16   13.82   14.63   12.34   45.12   -1.82   -0.70    1.95  195.49
F17   33.90   26.12   12.60   58.15   33.27   20.99   39.34   32.24
F18   27.93   37.94   17.02   67.97  -31.15   26.67   41.01  139.43
F19   19.03   17.37   36.23   48.71   12.16  -40.38   42.17  286.76
F20   28.87   27.97   15.34   59.86    7.53   16.69   18.31   65.71
F21   36.13   33.62   14.06   64.66   12.80   28.25   31.01   65.63
F22   41.37   39.64   20.98   69.21    9.81   20.28   22.52   64.17
G1     2.24    2.68    2.49   18.68   -6.95   -2.46    7.39  199.47
G2     2.18    2.98    2.80   19.95  -13.58   -2.76   13.85  191.48
G3     1.93    3.16    2.89   20.68  -22.35   -2.12   22.44  185.42
G4     1.35    2.93    3.30   19.76  -33.83   -6.67   34.48  191.14
G5    10.98   13.71   11.15   43.82  -15.46    0.56   15.49  177.96
G6     9.66   14.34   12.83   44.71  -29.42   -2.81   29.56  185.45
G7     8.91   15.49   14.75   46.28  -42.48   -5.21   42.80  186.99
G8     7.48   14.58   13.73   45.04  -49.92   -4.68   50.14  185.36
G9    28.03   32.38   26.33   63.65  -12.08    0.72   12.11  176.61
G10   25.81   33.34   29.20   64.43  -24.51   -2.72   24.66  186.34
G11   24.22   34.04   30.78   64.99  -33.68   -4.27   33.94  187.23
G12   23.23   33.44   31.11   64.51  -35.99   -5.59   36.42  188.83
G13   29.53   39.11   46.12   68.83  -28.62  -18.43   34.04  212.77
G14   34.69   24.05   35.40   56.14   44.68  -26.42   51.91  329.41
G15   52.67   54.90   14.01   78.99   -0.71   53.07   53.08   90.77
G16    9.67   10.34    8.57   38.43   -2.34   -0.09    2.38  183.43
G17   30.41   21.96    8.94   53.98   38.72   25.36   46.29   33.23
G18   23.77   34.18   13.40   65.10  -36.12   30.76   47.45  139.58
G19   14.85   13.00   33.53   42.78   14.68  -46.75   49.00  287.43
G20   38.39   37.64   18.83   67.74    6.81   22.25   23.27   72.99
G21   37.71   36.98   12.77   67.26    6.76   36.22   36.84   79.43
G22   42.52   40.59    3.93   69.89   10.35   75.61   76.32   82.21
H1     2.61    3.01    3.37   20.09   -5.57   -6.58    8.64  229.63
H2     2.53    3.32    4.09   21.26  -12.03   -9.15   15.12  217.23
H3     2.08    3.01    4.76   20.10  -16.40  -14.95   22.20  222.35
H4     1.81    3.04    5.99   20.18  -23.17  -21.00   31.27  222.16
H5     8.94   10.52   11.05   38.76   -9.69   -7.84   12.48  218.88
H6     8.15   10.50   14.26   38.72  -16.34  -16.99   23.58  226.09
H7     7.20   10.32   17.65   38.40  -23.94  -25.73   35.15  227.05
H8     6.88   10.86   20.91   39.35  -31.22  -31.06   44.05  224.85
H9    28.95   31.47   28.71   62.90   -5.26   -4.57    6.97  220.93
H10   27.91   31.61   32.19   63.02   -9.89   -9.83   13.94  224.83
H11   28.28   33.18   36.61   64.30  -13.92  -14.03   19.76  225.23
H12   26.77   33.18   42.42   64.32  -19.99  -21.67   29.49  227.33
H13   26.47   36.35   45.46   66.79  -31.89  -21.17   38.27  213.58
H14   30.74   19.59   32.15   51.37   51.17  -29.87   59.25  329.73
H15   52.26   54.15   11.35   78.56    0.09   59.82   59.82   89.91
H16    6.12    6.55    5.42   30.74   -1.97   -0.05    2.01  182.61
H17   26.92   17.98    6.30   49.47   44.58   28.04   52.66   32.17
H18   20.29   30.91   10.88   62.42  -40.65   33.49   52.67  140.53
H19   11.31    9.24   30.47   36.46   18.66  -52.97   56.17  289.40
H20   41.94   42.51   18.90   71.22    2.88   28.07   28.22   84.13
H21   34.40   35.43   24.26   66.08    0.83    8.60    8.64   84.44
H22   37.46   40.20   13.94   69.61   -4.16   37.08   37.31   96.40
I1     3.95    4.13    6.02   24.09   -0.49  -14.39   14.40  267.99
I2     3.90    4.09    8.85   23.96   -0.61  -26.06   26.08  268.63
I3     4.06    4.14   13.22   24.10    1.11  -39.41   39.43  271.60
I4     3.99    4.19   15.86   24.29   -0.63  -45.91   45.92  269.20
I5    12.62   13.15   14.09   42.98   -0.41   -9.19    9.21  267.37
I6    12.43   12.97   18.02   42.72   -0.54  -19.15   19.15  268.35
I7    13.18   13.55   23.59   43.57    0.81  -28.99   28.99  271.60
I8    13.78   14.06   29.42   44.31    1.44  -37.79   37.82  272.18
I9    29.85   30.77   28.99   62.31    0.68   -6.05    6.09  276.23
I10   30.56   31.49   32.65   62.92    0.69  -10.70   10.73  273.66
I11   30.81   31.82   36.78   63.19    0.50  -16.19   16.19  271.74
I12   30.08   30.66   41.57   62.22    1.91  -24.22   24.30  274.52
I13   23.19   33.24   44.51   64.35  -35.40  -24.20   42.89  214.36
I14   26.96   15.71   28.80   46.58   57.17  -32.84   65.93  330.12
I15   51.60   52.99    8.63   77.87    1.33   67.65   67.67   88.88
I16    3.25    3.28    2.93   21.13    1.40   -1.67    2.18  310.14
I17   23.47   14.44    3.86   44.85   49.86   32.94   59.76   33.45
I18   16.44   26.85    7.98   58.83  -45.33   37.24   58.67  140.60
I19    8.18    6.08   27.03   29.62   23.12  -59.17   63.53  291.35
I20   41.61   45.64   19.66   73.31   -7.10   30.04   30.86  103.31
I21   13.84   17.95    5.20   49.43  -20.25   33.23   38.92  121.35
I22   31.09   38.31   20.28   68.25  -20.28   20.03   28.51  135.36
J1     1.32    1.18    2.15   10.42    5.60  -13.67   14.77  292.26
J2     1.50    1.07    3.89    9.53   14.73  -28.17   31.79  297.61
J3     1.80    1.10    6.66    9.82   21.25  -41.86   46.94  296.90
J4     2.16    1.20    9.78   10.59   26.33  -52.32   58.58  296.71
J5     8.33    8.05    9.53   34.08    5.16  -10.98   12.14  295.23
J6     8.83    7.89   12.79   33.76   10.91  -21.58   24.19  296.80
J7     9.74    8.14   17.17   34.26   16.16  -31.78   35.65  296.95
J8    10.30    8.22   21.70   34.42   19.87  -41.15   45.70  295.77
J9    26.05   26.19   24.39   58.22    3.29   -5.19    6.15  302.54
J10   27.30   26.79   28.62   58.78    5.96  -11.52   12.98  297.36
J11   28.48   27.45   32.62   59.39    8.01  -16.74   18.56  295.57
J12   29.61   27.37   38.16   59.32   12.67  -24.75   27.80  297.11
J13   21.07   31.07   43.79   62.56  -37.50  -26.40   45.86  215.15
J14   24.60   13.49   26.50   43.49   60.67  -34.34   69.72  330.49
J15   51.47   52.39    7.01   77.51    2.51   73.33   73.38   88.04
J16    2.11    2.22    1.90   16.62   -0.87   -0.60    1.07  214.27
J17   21.55   12.58    2.58   42.11   52.94   37.23   64.73   35.12
J18   14.24   24.38    6.34   56.47  -48.07   39.98   62.52  140.25
J19    6.54    4.51   24.82   25.28   25.98  -62.77   67.93  292.48
J20   32.12   39.98   26.23   69.46  -21.73   10.91   24.32  153.35
J21    4.20    7.95    1.45   33.89  -39.10   34.02   51.82  138.98
J22    0.89    1.98    0.71   15.39  -30.11   13.09   32.83  156.51
K1     2.13    1.84    2.37   14.60    8.48   -8.47   11.98  315.09
K2     2.71    1.90    3.05   14.98   18.44  -13.12   22.62  324.58
K3     3.38    1.95    4.43   15.23   28.88  -21.49   36.00  323.38
K4     3.83    1.96    5.48   15.30   35.70  -27.02   44.77  322.90
K5     7.14    6.31    6.93   30.17   10.98   -7.90   13.53  324.35
K6     8.46    5.96    9.33   29.31   26.83  -18.51   32.60  325.42
K7     9.94    6.03   12.48   29.48   38.39  -28.10   47.58  323.80
K8    11.95    6.66   15.55   31.02   46.62  -33.54   57.44  324.27
K9    22.42   21.19   20.10   53.14    9.41   -5.61   10.95  329.24
K10   24.30   21.20   23.28   53.18   17.63  -11.85   21.25  326.12
K11   27.78   22.56   28.05   54.61   25.83  -17.77   31.35  325.47
K12   30.60   23.14   32.47   55.21   34.08  -23.71   41.51  325.17
K13   19.08   28.97   43.41   60.75  -39.46  -29.06   49.01  216.36
K14   20.94   10.43   22.67   38.61   65.09  -35.78   74.28  331.20
K15   51.59   51.96    5.51   77.25    3.94   79.66   79.76   87.17
K16    0.61    0.68    0.50    6.14   -1.98    1.30    2.38  146.88
K17   18.26    9.72    1.46   37.35   57.18   39.88   69.71   34.89
K18   11.78   21.41    4.78   53.39  -51.00   42.31   66.27  140.33
K19    4.47    2.47   20.21   17.81   33.87  -66.79   74.88  296.89
K20    3.48    4.56    3.27   25.45  -13.44    3.32   13.84  166.17
K21    1.91    2.66    2.46   18.61  -13.97   -2.29   14.16  189.34
K22    2.24    2.88    3.94   19.53  -10.52  -11.26   15.41  226.92
L1     2.17    1.92    1.81   15.09    7.20   -2.36    7.59  342.01
L2     2.76    1.99    1.95   15.44   17.44   -3.18   17.73  349.67
L3     3.22    1.93    2.12   15.12   26.87   -5.32   27.40  348.80
L4     4.04    2.13    2.51   16.18   34.93   -6.85   35.60  348.90
L5     7.55    6.52    6.01   30.67   12.68   -3.01   13.06  346.76
L6     9.60    6.46    6.19   30.54   31.08   -4.09   31.35  352.52
L7    10.49    5.81    6.19   28.92   45.10   -6.84   45.62  351.39
L8    12.78    6.74    7.05   31.21   51.43   -6.66   51.86  352.62
L9    22.30   21.08   18.36   53.04    9.34   -2.12    9.60  347.40
L10   24.60   21.02   18.63   52.97   19.80   -2.80   20.00  351.95
L11   28.83   22.85   20.65   54.91   28.72   -3.72   28.96  352.61
L12   30.56   23.49   21.77   55.57   32.39   -4.81   32.76  351.58
L13   15.66   24.88   42.01   56.96  -41.65  -33.85   53.67  219.10
L14   14.02    5.99   14.25   29.39   67.28  -33.08   74.97  333.82
L15   51.65   50.74    3.48   76.53    7.24   89.93   90.22   85.40
L16    0.27    0.22    0.28    2.00    2.33   -1.86    2.97  321.52
L17   11.75    5.37    0.32   27.76   59.25   41.85   72.54   35.23
L18    8.11   16.32    2.62   47.39  -54.17   45.97   71.05  139.68
L19    1.88    0.61   10.10    5.51   41.88  -62.19   74.98  303.95
L20    1.00    1.22    1.50   10.65   -5.88   -6.65    8.89  228.50
L21    1.39    1.32    1.50   11.43    3.45   -5.27    6.30  303.27
L22    3.20    2.59    2.26   18.33   12.79   -1.02   12.84  355.48
GS0    57.97   59.30   47.89   81.46    1.93    1.28    2.32   33.43
GS1    57.56   59.12   47.03   81.36    1.35    2.11    2.50   57.42
GS2    49.67   51.28   41.76   76.84    0.60    0.77    1.00   49.40
GS3    44.65   46.35   37.49   73.77   -0.13    1.09    1.10   96.87
GS4    38.10   39.47   31.93   69.09    0.14    1.04    1.06   78.68
GS5    32.72   34.12   27.62   65.07   -0.65    0.96    1.17  129.92
GS6    28.56   29.82   24.24   61.50   -0.78    0.72    1.10  145.70
GS7    25.31   26.52   21.28   58.53   -1.13    1.25    1.73  136.26
GS8    21.02   22.16   17.97   54.19   -1.66    0.75    1.86  157.66
GS9    16.71   17.50   14.50   48.89   -0.92   -0.10    1.13  186.03
GS10   14.52   15.28   12.12   46.03   -1.35    1.46    2.00  134.38
GS11   11.65   12.29    9.90   41.67   -1.45    0.81    1.69  153.15
GS12    9.31    9.77    8.12   37.43   -0.96   -0.17    1.03  188.11
GS13    7.53    7.98    6.56   33.94   -1.51    0.18    1.61  173.89
GS14    5.61    5.94    4.89   29.26   -1.39    0.10    1.49  177.60
GS15    4.14    4.21    3.42   24.36    1.11    0.35    1.29  196.13
GS16    3.20    3.41    2.80   21.60   -1.35    0.07    1.41  177.46
GS17    2.25    2.35    1.95   17.25   -0.50   -0.07    0.58  188.93
GS18    1.57    1.64    1.41   13.48   -0.25   -0.73    0.82  241.35
GS19    1.06    1.12    1.00   10.00   -1.01   -1.10    1.53  226.01
GS20    0.66    0.70    0.64    6.36   -0.72   -1.22    1.45  238.42
GS21    0.41    0.45    0.43    4.10   -0.91   -1.01    1.38  227.93
GS22    0.29    0.32    0.26    2.91   -0.88    0.12    0.89  172.04
GS23    0.06    0.06    0.12    0.57    0.19   -1.35    1.36  278.04
END_DATA

