IT8.7/1

ORIGINATOR "FotoTune"

DESCRIPTOR "Agfa IT8"

MATERIAL "AgfachromeRS100Plus"

MANUFACTURER "Agfa"

CREATED "Thu Sep 16 15:48:06 1999"

PROD_DATE "1999:09"

SERIAL "4x5 bn1109xx"

NUMBER_OF_FIELDS 9

BEGIN_DATA_FORMAT

SAMPLE_ID XYZ_X XYZ_Y XYZ_Z LAB_L LAB_A LAB_B LAB_C LAB_H

END_DATA_FORMAT

NUMBER_OF_SETS 288

BEGIN_DATA

A1     2.51    2.24    1.61   16.67    7.39    2.54    7.80   18.97

A2     2.95    2.13    1.20   16.15   17.62    6.55   18.80   20.40

A3     3.37    2.05    1.00   15.72   26.65    8.73   28.04   18.12

A4     4.38    2.34    0.87   17.15   35.42   13.41   37.88   20.74

A5     9.04    8.22    5.54   34.43    9.75    5.71   11.31   30.33

A6    11.52    8.59    5.07   35.18   25.65    9.36   27.30   20.06

A7    13.77    8.64    4.28   35.26   40.40   13.86   42.71   18.94

A8    15.41    8.80    4.23   35.59   48.94   14.68   51.10   16.69

A9    26.49   25.76   19.38   57.81    6.91    3.89    7.95   29.34

A10   28.67   26.07   18.58   58.10   14.32    6.13   15.59   23.17

A11   30.99   26.35   18.06   58.35   21.98    7.72   23.30   19.38

A12   32.81   27.08   18.52   59.05   25.55    7.90   26.74   17.19

A13   55.72   57.76   47.18   80.60    0.05    0.62    0.63   84.96

A14   56.01   56.88   46.62   80.12    2.91    0.44    2.96    8.72

A15   56.29   57.76   45.82   80.61    1.44    2.24    2.68   56.86

A16   56.11   57.63   45.03   80.53    1.37    3.06    3.36   65.78

A17   55.68   56.56   45.54   79.93    2.87    1.40    3.19   26.00

A18   54.69   56.64   45.62   79.98    0.17    1.39    1.41   83.78

A19   54.41   55.75   46.33   79.47    1.65   -0.32    1.69  349.63

A20    2.07    1.42    0.52   12.10   17.62   11.03   20.79   32.07

A21    5.88    3.36    0.50   21.42   35.40   27.53   44.85   37.88

A22   10.61    5.51    0.44   28.12   49.40   40.21   63.69   39.14

B1     3.54    3.36    1.88   21.43    4.79    7.82    9.17   58.49

B2     3.99    3.17    1.20   20.70   14.68   14.49   20.62   44.62

B3     4.41    3.01    0.69   20.08   23.26   21.58   31.74   42.86

B4     4.74    2.90    0.38   19.65   29.55   26.83   39.92   42.24

B5    12.38   11.47    6.43   40.36    9.27   11.82   15.03   51.86

B6    14.09   11.01    4.18   39.59   23.70   21.91   32.28   42.74

B7    16.05   10.96    2.63   39.51   35.75   32.33   48.21   42.11

B8    18.44   11.98    2.51   41.18   41.61   36.19   55.14   41.02

B9    31.90   31.40   22.39   62.84    5.98    6.51    8.84   47.44

B10   33.36   31.24   20.07   62.71   11.75   10.91   16.04   42.88

B11   35.26   31.49   18.60   62.92   17.38   14.41   22.58   39.65

B12   36.00   31.70   17.65   63.10   19.10   16.81   25.45   41.35

B13   50.26   54.12   46.65   78.53   -5.05   -2.34    5.57  204.83

B14   51.78   49.72   44.77   75.89   10.30   -4.61   11.28  335.88

B15   54.61   56.53   38.06   79.92    0.27   10.91   10.91   88.59

B16   44.28   45.94   37.10   73.50   -0.05    1.15    1.15   92.14

B17   50.28   48.74   36.70   75.29    8.96    4.79   10.16   28.16

B18   48.72   53.03   38.39   77.90   -6.48    6.99    9.53  132.88

B19   45.62   46.00   44.52   73.54    3.64   -8.37    9.12  293.49

B20    3.64    2.44    0.64   17.64   22.72   18.29   29.17   38.83

B21   10.00    5.30    0.51   27.58   47.01   37.83   60.35   38.83

B22   28.83   25.12   14.60   57.19   18.89   13.97   23.49   36.49

C1     6.74    6.66    3.59   31.03    3.20   10.80   11.26   73.47

C2     7.08    6.63    2.37   30.95    7.01   19.79   20.99   70.51

C3     7.81    6.88    1.23   31.53   11.41   32.74   34.68   70.79

C4     7.83    6.36    0.69   30.30   16.95   39.22   42.72   66.61

C5    22.86   22.42   10.56   54.47    5.68   20.78   21.55   74.73

C6    23.80   21.22    6.03   53.19   15.40   35.69   38.87   66.66

C7    25.55   21.33    2.88   53.31   22.42   54.18   58.63   67.53

C8    26.03   21.31    2.62   53.28   24.49   56.17   61.28   66.44

C9    37.63   37.84   25.06   67.90    3.73   10.28   10.94   70.05

C10   38.62   37.70   21.46   67.80    7.38   16.88   18.42   66.41

C11   39.90   38.07   17.74   68.07   10.22   25.18   27.17   67.92

C12   40.93   38.78   18.26   68.60   11.14   24.94   27.32   65.94

C13   44.14   49.97   46.32   76.06  -11.44   -6.20   13.01  208.45

C14   47.01   41.95   42.32   70.83   19.24  -10.31   21.83  331.82

C15   54.07   56.39   30.88   79.83   -0.78   21.17   21.19   92.10

C16   34.47   35.77   28.55   66.35   -0.06    1.62    1.63   91.96

C17   45.10   41.25   28.47   70.35   15.91    8.66   18.11   28.56

C18   41.63   48.29   31.05   75.01  -14.39   12.57   19.11  138.85

C19   35.96   35.57   42.08   66.19    5.61  -18.01   18.87  287.33

C20    2.66    2.22    0.77   16.61   10.52   14.04   17.55   53.15

C21   24.83   19.58    7.44   51.36   27.72   26.50   38.35   43.71

C22   35.51   32.93   21.00   64.10   13.16   11.40   17.41   40.92

D1     4.09    4.41    2.47   24.97   -2.23    8.59    8.89  104.55

D2     4.38    4.80    1.67   26.17   -3.41   18.21   18.53  100.60

D3     4.22    4.51    0.83   25.28   -1.82   28.01   28.07   93.71

D4     4.29    4.68    0.74   25.81   -3.07   30.60   30.75   95.73

D5    16.93   17.62    8.23   49.04   -0.36   19.43   19.44   91.06

D6    16.65   17.25    4.73   48.56    0.17   34.24   34.24   89.71

D7    16.70   17.60    2.60   49.01   -1.49   48.98   49.00   91.74

D8    15.98   17.06    1.74   48.33   -2.62   55.65   55.71   92.69

D9    43.92   45.13   22.40   72.98    1.20   23.97   24.00   87.13

D10   43.20   44.74   12.27   72.71    0.18   47.04   47.04   89.79

D11   43.17   45.40    6.65   73.15   -1.81   67.38   67.41   91.54

D12   43.06   45.94    8.24   73.50   -3.64   61.60   61.72   93.38

D13   40.77   47.76   46.35   74.68  -15.58   -8.62   17.81  208.96

D14   44.06   37.32   40.87   67.52   25.10  -14.17   28.83  330.55

D15   52.10   56.02   26.87   79.62   -5.00   27.36   28.10  100.74

D16   26.93   28.12   22.73   60.00   -0.74    0.95    1.21  128.16

D17   41.48   36.24   22.61   66.70   20.99   12.74   24.55   31.24

D18   37.29   45.24   25.78   73.06  -19.56   17.88   26.51  137.57

D19   30.32   29.44   40.27   61.15    7.41  -24.37   25.47  286.92

D20   17.13   13.43    4.91   43.42   24.99   24.36   34.90   44.26

D21   23.95   22.99   14.92   55.06    7.98    9.48   12.39   49.90

D22   39.81   38.32   23.85   68.26    9.10   13.09   15.95   55.20

E1     6.14    6.93    3.76   31.65   -5.71   10.76   12.18  117.96

E2     4.95    6.16    1.97   29.83  -11.76   21.43   24.44  118.75

E3     4.91    6.51    1.48   30.66  -15.80   28.11   32.25  119.33

E4     4.45    6.49    0.99   30.63  -21.57   34.62   40.78  121.93

E5    23.00   26.01   13.34   58.04   -9.08   18.76   20.83  115.83

E6    21.82   26.68    8.48   58.68  -17.20   35.15   39.14  116.08

E7    19.57   26.35    4.80   58.36  -26.71   50.77   57.36  117.75

E8    19.08   27.83    4.47   59.74  -35.11   54.97   65.21  122.56

E9    41.24   44.92   29.55   72.83   -6.18   11.20   12.79  118.89

E10   39.64   44.74   22.41   72.71  -10.64   23.49   25.79  114.38

E11   37.97   45.43   18.86   73.18  -17.90   31.50   36.24  119.60

E12   37.52   45.10   18.35   72.96  -18.40   32.23   37.12  119.73

E13   36.49   44.58   45.74   72.61  -20.30  -11.45   23.31  209.43

E14   40.62   32.29   38.86   63.58   31.77  -18.33   36.68  330.03

E15   52.81   55.35   21.01   79.24   -1.43   37.50   37.53   92.19

E16   19.51   20.62   16.40   52.53   -1.81    1.48    2.34  140.63

E17   37.03   30.37   16.79   61.97   27.38   16.85   32.15   31.60

E18   32.25   41.40   20.67   70.45  -25.57   23.03   34.40  137.99

E19   23.91   22.65   37.88   54.71    9.31  -32.29   33.61  286.08

E20   22.57   15.93    1.47   46.89   37.08   56.17   67.31   56.57

E21   20.64   17.56    4.64   48.96   19.06   35.43   40.24   61.72

E22   30.95   27.25   10.31   59.21   18.19   29.72   34.84   58.53

F1     3.91    4.86    3.34   26.31  -10.58    4.30   11.42  157.89

F2     3.07    4.39    2.69   24.92  -17.97    6.67   19.16  159.63

F3     2.56    4.51    2.41   25.30  -28.82    9.61   30.38  161.55

F4     2.38    4.74    2.20   25.99  -35.51   12.74   37.74  160.26

F5    10.99   13.69    8.86   43.79  -15.25    8.05   17.24  152.18

F6     9.27   14.22    7.99   44.54  -31.86   12.59   34.26  158.45

F7     7.95   14.89    7.10   45.47  -47.39   17.74   50.60  159.48

F8     7.57   15.67    6.68   46.54  -55.54   21.33   59.50  158.99

F9    28.10   31.94   22.98   63.29  -10.26    6.16   11.97  149.02

F10   25.61   32.92   21.50   64.10  -23.85   10.41   26.02  156.42

F11   23.62   33.67   19.56   64.70  -35.03   15.42   38.26  156.24

F12   22.47   32.87   20.24   64.06  -37.39   12.86   39.54  161.01

F13   32.53   41.51   45.35   70.53  -24.94  -14.56   28.88  210.27

F14   37.24   27.69   36.83   59.61   38.19  -22.42   44.29  329.60

F15   52.29   54.69   17.15   78.86   -1.15   45.12   45.14   91.47

F16   13.98   14.57   12.02   45.03   -0.43    0.04    0.44  172.20

F17   33.22   25.60   12.44   57.65   33.07   20.58   38.96   31.90

F18   27.60   37.48   16.61   67.64  -30.99   27.03   41.12  138.89

F19   18.63   17.10   35.29   48.40   11.50  -39.60   41.24  286.20

F20   27.97   27.15   14.87   59.10    7.24   16.56   18.08   66.37

F21   34.74   32.28   13.63   63.57   12.79   27.50   30.33   65.06

F22   39.08   37.21   19.68   67.44   10.38   19.88   22.42   62.42

G1     2.43    2.93    2.65   19.74   -7.60   -1.89    7.83  194.00

G2     2.37    3.25    2.97   21.02  -14.23   -2.15   14.40  188.60

G3     2.13    3.49    3.07   21.89  -22.90   -1.46   22.94  183.64

G4     1.49    3.24    3.51   20.97  -34.97   -6.08   35.49  189.87

G5    11.38   14.24   11.42   44.58  -15.84    1.02   15.87  176.30

G6     9.80   14.50   12.82   44.94  -29.34   -2.41   29.44  184.69

G7     9.14   15.80   14.80   46.71  -42.33   -4.61   42.58  186.21

G8     7.81   15.10   13.97   45.76  -49.94   -4.10   50.11  184.68

G9    27.67   31.88   25.76   63.24  -11.73    1.00   11.77  175.14

G10   25.49   32.83   28.44   64.02  -24.04   -2.19   24.14  185.22

G11   24.06   33.69   30.09   64.72  -33.18   -3.66   33.38  186.29

G12   23.00   33.08   30.30   64.23  -35.74   -4.82   36.07  187.68

G13   29.47   39.03   45.21   68.77  -28.60  -17.44   33.50  211.37

G14   34.08   23.70   34.53   55.79   44.11  -25.77   51.09  329.71

G15   51.63   53.78   13.74   78.33   -0.60   52.66   52.67   90.65

G16    9.73   10.43    8.55   38.60   -2.59    0.25    2.61  174.23

G17   30.18   21.87    9.08   53.89   38.22   24.69   45.51   32.86

G18   23.66   34.00   13.18   64.96  -35.97   31.14   47.57  139.12

G19   14.68   12.96   32.83   42.70   13.96  -45.83   47.91  286.95

G20   37.40   36.62   18.53   66.99    6.92   21.57   22.65   72.21

G21   36.69   35.90   12.51   66.45    6.94   35.54   36.21   78.94

G22   40.86   38.89    3.85   68.68   10.58   74.01   74.77   81.87

H1     2.81    3.26    3.57   21.08   -5.96   -6.23    8.62  226.24

H2     2.78    3.64    4.35   22.44  -12.36   -8.69   15.12  215.12

H3     2.27    3.30    4.99   21.22  -17.08  -14.32   22.28  219.98

H4     1.97    3.32    6.31   21.28  -24.17  -20.55   31.72  220.38

H5     9.32   10.98   11.34   39.54   -9.97   -7.42   12.42  216.66

H6     8.44   10.87   14.41   39.36  -16.58  -16.32   23.26  224.55

H7     7.48   10.71   17.85   39.08  -24.24  -25.06   34.86  225.95

H8     7.11   11.20   21.09   39.92  -31.49  -30.45   43.81  224.04

H9    28.80   31.22   28.33   62.69   -4.98   -4.32    6.60  220.95

H10   27.78   31.36   31.56   62.81   -9.47   -9.24   13.23  224.29

H11   28.17   32.91   35.96   64.08  -13.46  -13.48   19.05  225.04

H12   26.36   32.57   41.29   63.82  -19.49  -21.12   28.74  227.30

H13   26.33   36.21   44.52   66.68  -32.01  -20.22   37.86  212.27

H14   30.39   19.48   31.62   51.25   50.40  -29.28   58.29  329.85

H15   51.26   53.22   11.33   78.01   -0.14   58.93   58.93   90.15

H16    6.20    6.65    5.47   31.00   -2.26    0.11    2.26  177.24

H17   26.67   17.88    6.41   49.35   44.09   27.38   51.90   31.83

H18   20.34   30.87   10.75   62.40  -40.29   33.83   52.61  139.98

H19   11.24    9.30   29.98   36.54   17.77  -52.06   55.01  288.85

H20   40.90   41.31   18.60   70.39    3.29   27.28   27.48   83.12

H21   33.42   34.33   23.65   65.22    1.10    8.23    8.31   82.39

H22   35.74   38.21   13.40   68.17   -3.63   36.06   36.24   95.75

I1     4.15    4.37    6.20   24.86   -0.84  -13.91   13.94  266.54

I2     4.22    4.47    9.33   25.16   -1.24  -25.68   25.71  267.25

I3     4.30    4.45   13.59   25.10    0.16  -38.72   38.72  270.24

I4     4.26    4.57   16.47   25.46   -1.89  -45.36   45.39  267.61

I5    12.97   13.56   14.20   43.60   -0.69   -8.45    8.48  265.32

I6    12.88   13.47   18.19   43.46   -0.71  -18.27   18.28  267.77

I7    13.35   13.76   23.42   43.88    0.56  -28.15   28.15  271.13

I8    13.93   14.27   29.30   44.61    1.14  -37.05   37.07  271.77

I9    29.60   30.46   28.42   62.05    0.88   -5.57    5.63  278.98

I10   30.11   30.95   31.82   62.46    0.98  -10.24   10.28  275.43

I11   30.50   31.41   35.97   62.85    0.81  -15.62   15.65  272.95

I12   29.69   30.19   40.66   61.82    2.24  -23.75   23.85  275.39

I13   23.18   33.27   43.61   64.39  -35.57  -23.05   42.39  212.94

I14   26.67   15.62   28.42   46.47   56.51  -32.42   65.15  330.16

I15   47.79   50.51   12.56   76.38   -2.60   53.83   54.10   93.99

I16    3.35    3.40    3.01   21.61    0.93   -1.42    1.71  303.24

I17   23.58   14.59    4.01   45.06   49.43   32.31   59.06   33.17

I18   16.80   27.24    7.99   59.20  -44.86   37.88   58.71  139.83

I19    8.32    6.31   26.99   30.18   21.83  -58.12   62.08  290.59

I20   40.65   44.43   19.34   72.52   -6.64   29.36   30.10  102.74

I21   13.75   17.74    5.18   49.19  -19.76   32.94   38.41  120.96

I22   30.22   37.12   19.67   67.37  -19.69   19.76   27.90  134.90

J1     1.45    1.32    2.31   11.40    5.39  -13.43   14.48  291.84

J2     1.65    1.20    4.18   10.57   14.56  -28.20   31.74  297.30

J3     1.95    1.23    7.05   10.78   20.82  -41.87   46.75  296.43

J4     2.32    1.34   10.26   11.51   25.63  -52.36   58.29  296.08

J5     8.74    8.48    9.85   34.96    4.99  -10.58   11.69  295.25

J6     9.26    8.32   13.13   34.62   10.67  -21.03   23.59  296.89

J7    10.15    8.57   17.52   35.14   15.67  -31.10   34.83  296.74

J8    10.62    8.56   22.01   35.11   19.36  -40.58   44.96  295.51

J9    26.10   26.24   24.28   58.26    3.34   -4.91    5.95  304.20

J10   27.42   26.89   28.51   58.88    6.03  -11.19   12.71  298.35

J11   28.31   27.26   32.24   59.21    8.15  -16.47   18.38  296.33

J12   29.21   26.99   37.40   58.97   12.65  -24.31   27.41  297.49

J13   21.20   31.31   43.17   62.76  -37.72  -25.28   45.40  213.82

J14   24.45   13.52   26.35   43.53   59.89  -33.99   68.86  330.42

J15   50.54   51.60    7.11   77.04    2.10   72.15   72.18   88.34

J16    2.20    2.34    1.99   17.20   -1.38   -0.53    1.48  201.21

J17   21.56   12.64    2.70   42.22   52.52   36.47   63.94   34.77

J18   14.47   24.57    6.31   56.65  -47.50   40.43   62.38  139.60

J19    6.60    4.65   24.72   25.72   24.71  -61.85   66.60  291.78

J20   31.25   38.72   25.42   68.54  -21.01   10.76   23.60  152.90

J21    4.32    8.09    1.47   34.15  -38.61   34.29   51.64  138.39

J22    0.98    2.14    0.75   16.24  -30.76   14.02   33.80  155.49

K1     2.36    2.05    2.58   15.79    8.09   -8.11   11.45  314.91

K2     2.96    2.12    3.28   16.12   18.06  -12.84   22.15  324.57

K3     3.62    2.13    4.70   16.17   28.69  -21.49   35.84  323.17

K4     4.05    2.11    5.75   16.07   35.62  -26.99   44.69  322.85

K5     7.53    6.71    7.16   31.13   10.60   -7.26   12.85  325.58

K6     8.85    6.32    9.62   30.19   26.42  -18.02   31.98  325.71

K7    10.33    6.35   12.79   30.27   38.02  -27.62   46.99  324.00

K8    12.32    6.95   15.86   31.70   46.25  -33.12   56.89  324.39

K9    22.63   21.38   20.01   53.36    9.40   -5.06   10.68  331.74

K10   24.33   21.28   23.01   53.25   17.49  -11.20   20.76  327.36

K11   27.70   22.60   27.72   54.65   25.36  -17.15   30.61  325.92

K12   30.35   23.08   32.01   55.15   33.40  -23.14   40.64  325.29

K13   19.20   29.22   42.69   60.97  -39.82  -27.78   48.56  214.90

K14   20.81   10.45   22.52   38.65   64.41  -35.47   73.53  331.16

K15   50.69   51.11    5.53   76.74    3.78   78.74   78.83   87.26

K16    0.63    0.73    0.51    6.60   -2.78    1.61    3.21  150.03

K17   18.44    9.90    1.54   37.67   56.76   39.49   69.15   34.82

K18   12.14   21.77    4.74   53.79  -50.24   43.17   66.23  139.33

K19    4.53    2.61   20.19   18.37   32.25  -65.79   73.26  296.11

K20    3.60    4.72    3.34   25.90  -13.47    3.61   13.94  165.01

K21    2.05    2.85    2.57   19.43  -14.33   -1.80   14.43  187.16

K22    2.38    3.06    4.09   20.29  -10.94  -10.82   15.39  224.68

L1     2.41    2.17    1.99   16.37    6.72   -1.93    6.99  343.92

L2     3.03    2.23    2.12   16.65   17.01   -2.77   17.23  350.74

L3     3.48    2.13    2.28   16.16   26.59   -5.05   27.06  349.24

L4     4.31    2.32    2.68   17.07   34.85   -6.74   35.49  349.07

L5     7.99    6.96    6.27   31.71   12.29   -2.41   12.52  348.88

L6    10.05    6.85    6.41   31.47   30.69   -3.49   30.89  353.52

L7    11.04    6.19    6.55   29.87   45.03   -6.81   45.54  351.40

L8    13.22    7.06    7.38   31.94   51.15   -6.71   51.58  352.53

L9    22.35   21.15   18.16   53.10    9.24   -1.55    9.38  350.46

L10   24.68   21.17   18.60   53.14   19.48   -2.49   19.64  352.71

L11   28.94   23.05   20.68   55.12   28.24   -3.42   28.44  353.09

L12   30.73   23.76   21.83   55.85   31.84   -4.46   32.15  352.03

L13   15.77   25.19   41.19   57.26  -42.35  -32.28   53.25  217.32

L14   14.15    6.10   14.38   29.65   66.96  -32.95   74.63  333.79

L15   51.01   50.18    3.47   76.18    7.07   89.42   89.69   85.48

L16    0.29    0.25    0.31    2.23    2.14   -1.95    2.90  317.58

L17   11.88    5.45    0.34   27.99   59.15   41.81   72.44   35.25

L18    8.51   16.76    2.53   47.96  -53.03   47.65   71.29  138.05

L19    1.95    0.66   10.44    5.98   41.50  -62.47   74.99  303.59

L20    1.11    1.35    1.61   11.58   -5.99   -6.27    8.68  226.29

L21    1.54    1.48    1.62   12.49    3.13   -4.90    5.82  302.57

L22    3.38    2.76    2.39   19.08   12.40   -0.94   12.43  355.69

GS0    58.24   59.65   47.79   81.65    1.73    1.72    2.44   44.82

GS1    57.33   58.90   46.52   81.24    1.33    2.49    2.83   61.94

GS2    49.59   51.19   41.39   76.79    0.60    1.15    1.30   62.54

GS3    44.85   46.51   37.41   73.88    0.02    1.38    1.38   89.24

GS4    38.32   39.60   31.83   69.18    0.41    1.34    1.40   72.86

GS5    32.78   34.14   27.26   65.07   -0.50    1.58    1.65  107.37

GS6    28.58   29.81   23.97   61.49   -0.62    1.19    1.35  117.46

GS7    25.35   26.53   21.10   58.54   -1.00    1.62    1.91  121.53

GS8    21.33   22.53   18.10   54.58   -1.85    1.13    2.17  148.43

GS9    17.06   17.89   14.68   49.35   -1.00    0.25    1.03  166.46

GS10   14.82   15.62   12.27   46.47   -1.47    1.80    2.33  129.29

GS11   11.98   12.66   10.18   42.25   -1.57    0.90    1.81  150.27

GS12    9.64   10.14    8.38   38.08   -1.08   -0.02    1.12  182.45

GS13    7.80    8.28    6.73   34.57   -1.70    0.49    1.77  164.13

GS14    5.86    6.23    5.09   30.00   -1.71    0.33    1.75  169.57

GS15    4.36    4.47    3.62   25.17    0.65    0.50    0.86   34.40

GS16    3.41    3.64    2.98   22.46   -1.77    0.22    1.78  172.98

GS17    2.42    2.55    2.08   18.13   -0.81    0.23    0.85  164.92

GS18    1.73    1.82    1.53   14.50   -0.72   -0.38    0.82  207.58

GS19    1.16    1.25    1.08   10.91   -1.30   -0.78    1.51  210.91

GS20    0.75    0.81    0.71    7.31   -1.10   -0.79    1.36  215.82

GS21    0.48    0.53    0.47    4.78   -1.18   -0.72    1.38  211.14

GS22    0.34    0.38    0.28    3.46   -1.13    0.65    1.31  149.99

GS23    0.08    0.08    0.13    0.69    0.18   -1.34    1.35  277.66

END_DATA


