IT8.7/1
ORIGINATOR "FotoTune"
DESCRIPTOR "Agfa IT8"
MATERIAL "AgfachromeRS100Plus"
MANUFACTURER "Agfa"
CREATED "Wed May  5 11:59:52 1999"
PROD_DATE "1999:05"
SERIAL "4x5 bs0330xx"
NUMBER_OF_FIELDS 9
BEGIN_DATA_FORMAT
SAMPLE_ID XYZ_X XYZ_Y XYZ_Z LAB_L LAB_A LAB_B LAB_C LAB_H
END_DATA_FORMAT
NUMBER_OF_SETS 288
BEGIN_DATA
A1     2.04    1.75    1.24   14.13    8.43    2.68    8.85   17.57
A2     2.55    1.73    1.02   14.01   19.46    5.51   20.22   15.78
A3     3.00    1.75    0.91   14.15   27.35    7.32   28.33   14.99
A4     3.87    1.95    0.91   15.24   36.46    9.40   37.65   14.45
A5     9.06    7.80    5.39   33.57   13.57    4.99   14.46   20.21
A6    10.59    7.56    4.48   33.04   28.01    8.85   29.37   17.53
A7    12.36    7.59    3.91   33.11   40.43   12.33   42.26   16.95
A8    15.23    8.51    3.97   35.01   50.40   15.27   52.67   16.85
A9    27.33   26.56   20.44   58.56    7.07    3.01    7.68   23.05
A10   29.59   26.73   19.16   58.72   15.20    5.95   16.32   21.39
A11   32.08   27.31   18.85   59.26   22.04    7.55   23.30   18.90
A12   33.42   27.70   17.77   59.61   25.27   10.54   27.38   22.64
A13   55.97   57.81   49.29   80.63    0.55   -1.76    1.85  286.52
A14   56.95   57.38   49.00   80.39    4.03   -1.84    4.43  335.61
A15   57.42   58.69   46.22   81.12    2.01    2.65    3.33   52.97
A16   57.81   58.93   48.43   81.25    2.42    0.28    2.45    7.13
A17   56.94   57.70   45.98   80.57    3.22    1.99    3.80   31.86
A18   56.17   58.33   46.60   80.92   -0.19    1.86    1.88   95.37
A19   56.57   57.98   49.86   80.73    1.63   -2.24    2.78  306.20
A20    1.92    1.28    0.56   11.15   18.44    8.59   20.35   24.97
A21    5.63    3.14    0.50   20.62   36.07   26.12   44.53   35.92
A22   10.10    4.97    0.42   26.65   51.76   38.15   64.31   36.39
B1     3.00    2.66    1.50   18.64    7.94    7.08   10.65   41.62
B2     3.43    2.61    0.97   18.39   16.22   13.78   21.28   40.35
B3     3.88    2.58    0.61   18.25   23.66   20.06   31.02   40.28
B4     4.32    2.59    0.41   18.29   29.69   23.90   38.11   38.82
B5    11.67   10.40    5.95   38.54   12.18   10.84   16.31   41.67
B6    13.06   10.02    3.76   37.88   24.58   21.52   32.67   41.21
B7    14.93    9.88    2.36   37.62   37.33   31.30   48.72   39.97
B8    17.40   11.08    2.14   39.71   42.39   36.83   56.15   40.99
B9    33.02   33.03   23.44   64.18    4.16    6.84    8.01   58.64
B10   33.59   31.67   20.70   63.06   10.99   10.23   15.01   42.99
B11   35.99   32.56   19.08   63.80   16.04   14.89   21.88   42.87
B12   37.33   32.99   17.74   64.15   18.98   18.43   26.46   44.18
B13   51.68   55.72   49.71   79.45   -5.29   -4.28    6.81  218.97
B14   52.88   50.07   47.39   76.11   12.24   -7.36   14.28  328.96
B15   56.78   58.54   40.26   81.04    0.81    9.91    9.94   85.34
B16   49.42   51.44   41.86   76.94   -0.47    0.80    0.93  120.73
B17   51.81   49.86   38.68   75.98   10.01    3.29   10.54   18.22
B18   50.88   55.62   40.94   79.40   -7.18    6.22    9.49  139.12
B19   48.14   48.43   48.35   75.10    3.97  -10.22   10.96  291.23
B20    3.86    2.54    0.73   18.08   24.03   17.51   29.73   36.10
B21    9.28    4.71    0.51   25.89   48.56   35.00   59.86   35.78
B22   30.66   26.72   14.89   58.72   19.21   15.88   24.92   39.58
C1     5.65    5.47    2.86   28.05    4.36   10.76   11.60   67.94
C2     5.77    5.28    1.83   27.51    7.93   18.88   20.47   67.18
C3     6.31    5.39    0.97   27.81   12.70   30.15   32.71   67.15
C4     7.58    6.14    0.76   29.76   16.90   36.99   40.67   65.44
C5    22.08   21.24   10.06   53.20    7.61   20.19   21.58   69.33
C6    23.56   21.10    5.82   53.06   14.92   36.49   39.42   67.76
C7    25.87   21.47    2.97   53.45   23.08   53.79   58.54   66.77
C8    26.35   21.27    2.42   53.24   25.97   57.77   63.33   65.80
C9    38.50   39.26   26.56   68.94    2.05    9.45    9.68   77.78
C10   40.04   39.83   23.58   69.35    5.15   15.48   16.31   71.59
C11   41.85   40.48   19.33   69.81    8.70   24.70   26.20   70.60
C12   42.10   40.10   17.85   69.54   10.61   27.48   29.45   68.89
C13   45.63   52.06   49.65   77.32  -12.59   -7.89   14.85  212.05
C14   48.81   43.33   45.57   71.79   20.10  -12.67   23.76  327.78
C15   55.75   57.97   32.19   80.73   -0.39   20.69   20.70   91.10
C16   36.19   37.36   29.77   67.54    0.56    1.73    1.82   72.15
C17   46.53   42.50   29.59   71.21   16.26    8.32   18.27   27.13
C18   43.61   51.09   32.69   76.74  -15.93   13.05   20.60  140.68
C19   38.44   38.24   45.92   68.19    5.06  -19.27   19.92  284.71
C20    2.45    2.03    0.83   15.62   10.63   11.47   15.64   47.15
C21   25.26   19.61    7.09   51.39   29.43   27.96   40.60   43.53
C22   36.02   33.72   20.81   64.74   12.07   12.91   17.67   46.95
D1     3.87    4.09    2.16   23.94   -1.00    9.51    9.56   96.04
D2     3.85    4.06    1.43   23.86   -0.94   16.92   16.95   93.17
D3     3.59    3.87    0.79   23.21   -2.09   25.15   25.23   94.76
D4     4.12    4.39    0.78   24.92   -1.59   28.22   28.27   93.21
D5    16.90   17.81    8.65   49.26   -1.46   18.28   18.35   94.59
D6    16.20   16.97    4.64   48.22   -0.90   34.11   34.12   91.51
D7    16.52   17.60    2.20   49.01   -2.55   52.33   52.39   92.79
D8    15.74   16.79    1.76   48.00   -2.59   54.92   54.97   92.69
D9    47.94   50.35   24.99   76.28   -1.66   24.86   24.92   93.84
D10   47.46   50.20   14.41   76.19   -2.63   47.21   47.28   93.19
D11   45.94   48.51    6.75   75.15   -2.33   70.38   70.42   91.90
D12   44.84   48.08    7.70   74.87   -4.33   66.00   66.14   93.76
D13   41.22   49.03   49.44   75.47  -17.61  -10.83   20.67  211.58
D14   44.62   37.12   43.33   67.37   27.39  -17.56   32.53  327.33
D15   54.58   57.04   25.31   80.20   -1.09   31.05   31.06   92.02
D16   29.06   30.20   24.44   61.82   -0.22    0.91    0.94  104.04
D17   41.49   35.88   21.94   66.43   22.17   13.57   25.99   31.48
D18   38.07   47.17   25.74   74.29  -22.40   20.10   30.10  138.12
D19   30.99   30.12   43.25   61.76    7.31  -27.12   28.09  285.08
D20   16.65   13.07    4.54   42.86   24.62   25.44   35.41   45.92
D21   24.82   23.95   14.85   56.03    7.55   11.34   13.62   56.35
D22   41.97   41.30   25.25   70.38    6.57   14.22   15.67   65.19
E1     5.07    5.71    3.07   28.67   -5.20   10.24   11.49  116.93
E2     4.39    5.51    1.83   28.14  -11.63   19.93   23.08  120.28
E3     4.23    5.62    1.17   28.44  -15.09   28.20   31.99  118.16
E4     4.25    6.02    1.02   29.47  -19.34   32.07   37.45  121.10
E5    23.21   26.03   13.80   58.06   -8.20   17.57   19.39  115.02
E6    22.47   27.79    8.78   59.69  -18.59   35.76   40.31  117.46
E7    19.92   27.26    4.89   59.21  -28.63   51.72   59.11  118.96
E8    18.78   27.26    4.31   59.21  -34.35   54.94   64.80  122.01
E9    44.12   48.39   32.25   75.07   -7.26   10.86   13.07  123.75
E10   42.50   48.49   25.42   75.13  -12.30   22.11   25.31  119.08
E11   39.80   47.21   19.60   74.32  -17.06   31.92   36.19  118.12
E12   38.52   46.42   18.51   73.82  -18.92   33.40   38.39  119.51
E13   37.74   46.53   49.23   73.89  -21.72  -13.32   25.48  211.53
E14   41.03   31.99   41.34   63.33   34.10  -22.00   40.58  327.17
E15   54.06   56.52   21.05   79.90   -1.12   38.58   38.60   91.68
E16   20.14   21.08   17.08   53.04   -0.93    0.77    1.21  140.59
E17   37.15   30.23   16.99   61.85   28.27   16.17   32.57   29.76
E18   33.50   43.62   21.11   71.97  -27.74   24.76   37.19  138.24
E19   25.08   23.45   40.67   55.53   10.78  -34.59   36.23  287.30
E20   23.53   16.56    1.61   47.69   37.92   56.03   67.67   55.92
E21   20.68   17.33    4.22   48.68   20.51   37.36   42.62   61.24
E22   31.86   28.16   10.35   60.03   17.96   30.99   35.83   59.91
F1     3.25    3.94    2.68   23.48   -8.70    4.22    9.68  154.11
F2     3.10    4.51    2.58   25.30  -19.05    8.24   20.76  156.62
F3     2.49    4.34    2.20   24.75  -27.92   10.53   29.84  159.32
F4     2.09    4.16    2.05   24.19  -33.96   10.98   35.68  162.07
F5    11.15   14.05    9.21   44.29  -16.36    7.70   18.08  154.79
F6     8.81   13.56    7.74   43.59  -31.69   11.90   33.85  159.41
F7     8.27   15.52    7.19   46.33  -48.21   18.86   51.77  158.64
F8     7.44   15.22    6.19   45.93  -54.07   22.42   58.53  157.48
F9    29.53   34.14   25.44   65.07  -12.45    4.73   13.32  159.20
F10   27.19   34.53   22.62   65.38  -22.89   10.44   25.16  155.48
F11   24.12   33.83   21.44   64.84  -33.36   11.80   35.39  160.52
F12   23.84   34.86   21.40   65.64  -38.08   13.27   40.32  160.79
F13   33.62   43.38   48.92   71.82  -26.58  -16.55   31.31  211.89
F14   37.64   27.44   39.26   59.38   40.50  -26.10   48.18  327.20
F15   53.65   56.06   17.42   79.65   -1.04   45.88   45.89   91.30
F16   14.73   15.41   11.83   46.17   -0.75    2.58    2.69  106.24
F17   33.35   25.47   12.61   57.53   34.03   19.88   39.41   30.30
F18   28.72   39.75   16.98   69.29  -33.72   29.03   44.50  139.27
F19   19.47   17.63   37.96   49.03   12.97  -42.19   44.14  287.08
F20   28.12   27.50   14.59   59.44    6.39   17.84   18.96   70.26
F21   35.39   33.24   13.31   64.35   11.62   29.73   31.92   68.64
F22   40.39   38.95   19.51   68.71    8.95   22.42   24.15   68.24
G1     2.35    2.76    2.33   19.03   -6.18   -0.47    6.20  184.24
G2     2.15    2.97    2.49   19.92  -14.10   -0.25   14.11  181.05
G3     1.88    2.95    2.62   19.85  -19.88   -1.48   19.93  184.26
G4     1.35    2.90    3.01   19.65  -33.34   -4.91   33.70  188.37
G5    11.16   13.72   11.58   43.83  -14.22   -0.74   14.24  182.99
G6     9.51   13.93   12.34   44.13  -28.22   -2.42   28.32  184.90
G7     9.09   15.84   14.57   46.76  -42.97   -3.93   43.14  185.23
G8     7.80   15.08   13.90   45.73  -49.94   -3.93   50.10  184.51
G9    28.49   32.82   27.67   64.01  -11.88   -0.92   11.91  184.45
G10   26.64   33.54   29.79   64.59  -21.76   -3.39   22.03  188.86
G11   25.03   35.48   32.03   66.12  -35.03   -4.24   35.28  186.92
G12   24.33   34.68   33.51   65.50  -35.37   -7.53   36.16  192.02
G13   29.77   40.15   48.25   69.57  -30.92  -19.64   36.62  212.42
G14   33.62   22.58   36.35   54.63   47.49  -30.34   56.35  327.43
G15   53.37   55.59   14.19   79.38   -0.60   53.27   53.27   90.65
G16    9.85   10.39    8.23   38.52   -1.26    1.31    1.83  134.12
G17   29.35   20.80    8.91   52.73   40.08   23.31   46.37   30.18
G18   24.38   35.87   13.36   66.42  -39.14   33.15   51.28  139.74
G19   14.71   12.57   34.60   42.10   16.72  -49.46   52.21  288.68
G20   36.12   35.56   16.83   66.18    6.18   24.01   24.80   75.55
G21   35.38   34.76   11.47   65.56    6.40   37.06   37.60   80.21
G22   43.36   41.40    3.62   70.46   10.40   78.54   79.23   82.46
H1     2.42    2.77    2.68   19.09   -4.89   -3.27    5.88  213.63
H2     2.37    2.99    3.82   20.02   -9.96   -9.66   13.88  224.10
H3     2.17    3.05    4.88   20.25  -14.95  -15.39   21.45  225.81
H4     1.80    2.89    5.69   19.62  -20.92  -20.55   29.32  224.49
H5     9.36   10.88   11.74   39.36   -8.84   -8.93   12.57  225.27
H6     8.63   11.00   15.28   39.56  -15.86  -18.17   24.12  228.87
H7     8.14   11.56   19.28   40.51  -24.24  -25.72   35.34  226.68
H8     7.99   12.30   23.68   41.68  -30.69  -32.40   44.62  226.54
H9    29.65   32.03   29.90   63.36   -4.60   -5.69    7.32  231.07
H10   29.67   33.92   34.96   64.89  -11.11  -10.68   15.41  223.85
H11   29.53   34.58   40.65   65.41  -13.90  -17.52   22.37  231.58
H12   27.70   33.91   44.04   64.89  -18.78  -22.71   29.47  230.40
H13   27.24   37.99   48.12   68.02  -34.08  -22.17   40.65  213.05
H14   30.60   19.15   34.05   50.86   52.85  -33.57   62.61  327.58
H15   53.01   54.94   11.32   79.01    0.08   60.69   60.69   89.93
H16    6.59    6.95    5.53   31.69   -1.24    1.04    1.62  140.01
H17   26.31   17.44    6.16   48.80   44.99   27.56   52.75   31.49
H18   21.14   32.74   10.50   63.94  -43.15   37.27   57.01  139.17
H19   11.69    9.39   32.07   36.71   20.28  -55.01   58.64  290.24
H20   42.47   43.44   19.30   71.85    1.75   28.30   28.35   86.45
H21   34.70   36.19   23.68   66.67   -0.69   10.66   10.68   93.68
H22   37.79   40.65   13.67   69.93   -4.47   38.33   38.60   96.65
I1     4.06    4.25    5.56   24.49   -0.58  -11.50   11.51  267.13
I2     4.17    4.27    8.87   24.52    0.79  -25.18   25.19  271.80
I3     4.36    4.42   13.36   24.99    1.48  -38.28   38.31  272.22
I4     4.45    4.54   17.00   25.38    0.97  -46.72   46.73  271.20
I5    13.56   13.89   14.99   44.07    1.05   -9.65    9.70  276.21
I6    13.73   14.10   19.74   44.37    0.84  -20.01   20.02  272.39
I7    14.46   14.63   26.14   45.12    2.18  -30.90   30.97  274.03
I8    14.76   15.09   31.55   45.76    1.21  -38.61   38.64  271.80
I9    32.36   33.44   31.01   64.51    0.38   -5.44    5.47  274.11
I10   30.94   32.08   33.62   63.40    0.02  -11.32   11.32  270.14
I11   32.07   33.17   38.39   64.29    0.29  -16.47   16.48  271.01
I12   30.78   31.30   44.11   62.75    2.23  -26.48   26.58  274.81
I13   23.80   34.76   47.43   65.56  -37.94  -25.60   45.78  214.01
I14   27.17   15.62   31.08   46.47   58.54  -36.66   69.07  327.95
I15   52.92   54.33    8.47   78.66    1.38   69.60   69.62   88.87
I16    3.93    4.09    3.26   23.96   -0.19    0.82    0.85  102.92
I17   23.20   14.24    3.61   44.57   49.93   34.03   60.43   34.28
I18   16.92   28.27    7.39   60.13  -48.27   41.80   63.86  139.11
I19    8.54    6.29   28.72   30.12   24.09  -61.10   65.68  291.52
I20   42.69   46.85   19.88   74.09   -7.23   30.95   31.79  103.15
I21   13.63   17.60    4.78   49.00  -19.78   34.68   39.93  119.70
I22   31.22   38.07   20.51   68.07  -19.05   19.25   27.08  134.71
J1     1.42    1.21    2.13   10.61    7.82  -13.19   15.33  300.65
J2     1.74    1.27    4.20   11.06   14.55  -27.40   31.02  297.97
J3     2.02    1.16    7.34   10.28   24.56  -43.90   50.31  299.22
J4     2.42    1.43    9.97   12.13   25.21  -50.31   56.28  296.61
J5     8.55    8.28    9.98   34.54    4.99  -11.70   12.73  293.10
J6     9.74    8.60   14.12   35.19   12.18  -22.73   25.78  298.20
J7    10.91    8.90   19.61   35.78   18.67  -34.56   39.28  298.38
J8    12.59    9.83   23.97   37.53   22.91  -40.11   46.19  299.73
J9    27.40   27.62   26.12   59.54    3.12   -6.02    6.78  297.50
J10   28.26   27.85   30.60   59.74    5.66  -13.04   14.22  293.43
J11   30.01   28.31   34.76   60.15   10.56  -18.56   21.35  299.65
J12   31.57   29.15   40.85   60.91   13.07  -25.54   28.69  297.11
J13   22.01   33.00   47.10   64.16  -39.98  -27.62   48.60  214.64
J14   23.78   12.55   27.72   42.07   63.25  -38.85   74.24  328.44
J15   52.79   53.79    6.88   78.33    2.41   75.34   75.38   88.17
J16    2.08    2.22    1.77   16.59   -1.41    0.59    1.54  157.54
J17   20.27   11.47    2.31   40.35   54.36   36.46   65.46   33.85
J18   14.63   25.63    5.85   57.68  -50.93   44.32   67.51  138.98
J19    6.45    4.11   25.11   24.01   30.43  -65.50   72.23  294.92
J20   32.25   39.81   26.82   69.33  -20.76    9.67   22.90  155.02
J21    4.58    8.36    1.62   34.72  -37.61   33.51   50.38  138.30
J22    1.08    2.05    0.78   15.75  -25.19   12.51   28.13  153.58
K1     2.38    2.05    2.32   15.78    8.40   -6.00   10.32  324.45
K2     2.87    1.96    3.12   15.30   20.07  -13.11   23.98  326.85
K3     3.63    2.09    4.47   15.93   29.89  -20.60   36.30  325.41
K4     4.51    2.30    6.18   16.97   38.06  -27.39   46.89  324.27
K5     7.15    6.25    7.04   30.02   11.69   -8.65   14.55  323.51
K6     8.28    5.63    9.66   28.45   28.93  -21.12   35.82  323.85
K7    10.51    6.22   13.23   29.98   40.64  -29.32   50.11  324.20
K8    12.57    7.08   16.70   31.99   46.67  -34.65   58.13  323.41
K9    24.40   23.21   22.13   55.28    8.95   -6.02   10.79  326.10
K10   26.35   23.28   25.69   55.35   16.89  -12.47   20.99  323.55
K11   29.19   23.30   30.68   55.37   28.07  -20.70   34.89  323.60
K12   32.94   25.07   37.03   57.14   34.24  -26.94   43.57  321.79
K13   20.15   31.01   46.61   62.52  -41.72  -29.88   51.32  215.61
K14   20.73   10.08   24.41   37.99   66.83  -40.13   77.96  329.02
K15   50.61   52.35    5.64   77.49    0.36   79.49   79.49   89.74
K16    0.78    0.85    0.74    7.70   -1.64   -0.58    1.75  199.70
K17   16.66    8.72    1.29   35.43   56.78   38.82   68.77   34.36
K18   12.23   22.67    4.54   54.73  -53.71   45.91   70.65  139.48
K19    4.66    2.45   21.14   17.69   36.90  -68.88   78.14  298.18
K20    3.42    4.37    2.89   24.85  -11.85    4.97   12.85  157.26
K21    1.88    2.49    2.14   17.88  -11.31   -0.82   11.34  184.14
K22    2.31    2.83    3.52   19.33   -8.26   -8.91   12.15  227.18
L1     2.48    2.16    1.99   16.33    8.30   -2.01    8.55  346.33
L2     3.00    2.11    2.12   16.05   19.09   -3.68   19.44  349.07
L3     3.59    2.15    2.33   16.26   27.82   -5.27   28.32  349.29
L4     4.59    2.32    3.17   17.08   38.60  -10.43   39.99  344.88
L5     7.34    6.22    5.59   29.97   13.80   -2.24   13.98  350.77
L6     9.11    6.16    6.24   29.81   30.26   -5.55   30.76  349.61
L7    11.23    6.24    7.07   30.00   45.84   -8.77   46.67  349.17
L8    13.19    7.10    7.86   32.03   50.65   -8.51   51.36  350.48
L9    24.36   23.10   19.72   55.18    9.29   -1.35    9.39  351.76
L10   27.36   23.78   21.14   55.86   18.81   -3.07   19.07  350.73
L11   29.53   23.58   22.91   55.67   28.10   -6.83   28.92  346.34
L12   31.13   23.90   23.62   55.97   32.75   -7.65   33.64  346.85
L13   16.69   26.88   44.96   58.86  -44.04  -34.21   55.77  217.84
L14   13.85    5.73   15.80   28.70   69.18  -38.14   79.00  331.14
L15   50.68   51.33    3.80   76.88    3.16   88.47   88.52   87.96
L16    0.33    0.25    0.33    2.32    3.29   -2.32    4.03  324.85
L17   10.85    4.88    0.35   26.36   58.77   38.96   70.51   33.53
L18    8.34   17.33    2.75   48.67  -57.66   47.18   74.51  140.71
L19    2.07    0.63   11.15    5.72   45.25  -65.12   79.30  304.79
L20    1.00    1.14    1.36   10.12   -3.52   -5.78    6.76  238.60
L21    1.39    1.27    1.41   11.04    5.10   -4.90    7.08  316.15
L22    2.99    2.38    1.94   17.33   13.41    0.16   13.41    0.67
GS0    56.94   57.80   48.97   80.63    2.97   -1.40    3.28  334.93
GS1    56.96   58.07   46.85   80.78    2.39    1.32    2.75   29.07
GS2    51.75   53.91   44.23   78.40   -0.61    0.38    0.73  152.29
GS3    45.61   47.71   38.08   74.64   -1.12    1.78    2.11  121.96
GS4    39.12   40.68   33.34   69.94   -0.31    0.39    0.50  129.71
GS5    32.96   34.38   27.79   65.26   -0.66    1.00    1.20  123.53
GS6    28.63   29.78   23.89   61.47   -0.36    1.31    1.37  106.23
GS7    23.66   24.63   19.95   56.71   -0.40    0.82    0.94  115.32
GS8    20.78   21.82   17.89   53.83   -1.27    0.32    1.32  166.62
GS9    17.33   18.26   14.73   49.81   -1.49    0.90    1.74  148.64
GS10   14.02   14.67   11.84   45.18   -0.79    0.80    1.12  134.13
GS11   11.70   12.36   10.07   41.78   -1.52    0.45    1.59  164.19
GS12    9.44    9.98    8.19   37.80   -1.47    0.20    1.49  172.96
GS13    7.79    8.25    6.78   34.50   -1.51    0.18    1.54  174.89
GS14    5.69    6.05    4.89   29.56   -1.73    0.65    1.85  159.51
GS15    4.13    4.34    3.48   24.74   -0.68    0.67    0.95  135.10
GS16    3.30    3.45    2.82   21.78   -0.57    0.28    0.64  153.89
GS17    2.41    2.58    2.14   18.26   -1.41   -0.11    1.41  184.23
GS18    1.58    1.69    1.39   13.78   -1.58    0.14    1.59  174.44
GS19    1.01    1.10    0.94    9.81   -1.53   -0.48    1.60  197.41
GS20    0.65    0.72    0.59    6.47   -1.49    0.05    1.50  177.57
GS21    0.48    0.54    0.44    4.89   -1.79    0.01    1.79  179.44
GS22    0.30    0.33    0.27    2.99   -0.89   -0.03    0.89  181.47
GS23    0.07    0.06    0.15    0.58    0.25   -1.67    1.69  278.48
END_DATA

