IT8.7/1
ORIGINATOR "FotoTune"
DESCRIPTOR "Agfa IT8"
MATERIAL "AgfachromeRS100Plus"
MANUFACTURER "Agfa"
CREATED "Wed May  5 12:18:09 1999"
PROD_DATE "1999:05"
SERIAL "4x5 bs0329xx"
NUMBER_OF_FIELDS 9
BEGIN_DATA_FORMAT
SAMPLE_ID XYZ_X XYZ_Y XYZ_Z LAB_L LAB_A LAB_B LAB_C LAB_H
END_DATA_FORMAT
NUMBER_OF_SETS 288
BEGIN_DATA
A1     2.12    1.81    1.38   14.45    8.92    1.41    9.10    8.97
A2     2.66    1.81    1.13   14.45   19.80    4.62   20.35   13.14
A3     3.12    1.84    1.01   14.61   27.45    6.66   28.26   13.64
A4     4.06    2.08    0.99   15.90   36.46    9.22   37.62   14.18
A5     9.12    7.84    5.61   33.65   13.87    3.99   14.47   16.08
A6    10.61    7.57    4.66   33.06   28.09    7.89   29.19   15.70
A7    12.52    7.71    4.07   33.37   40.41   11.78   42.10   16.26
A8    15.28    8.59    3.97   35.18   50.00   15.48   52.35   17.20
A9    26.33   25.48   19.88   57.53    7.40    2.38    7.78   17.89
A10   28.60   25.72   18.61   57.76   15.48    5.49   16.44   19.53
A11   31.20   26.48   18.38   58.48   22.24    7.24   23.39   18.03
A12   32.65   26.94   17.32   58.92   25.60   10.35   27.62   22.02
A13   54.40   56.24   48.15   79.75    0.41   -1.99    2.03  281.20
A14   55.10   55.46   47.59   79.31    4.10   -2.09    4.61  333.14
A15   55.29   56.53   44.54   79.92    1.97    2.59    3.29   52.37
A16   55.74   56.83   46.74   80.08    2.36    0.24    2.39  186.34
A17   54.65   55.33   44.26   79.23    3.29    1.75    3.74   28.24
A18   53.65   55.74   44.67   79.46   -0.26    1.66    1.70   97.97
A19   53.39   54.61   47.41   78.82    1.87   -2.72    3.31  304.09
A20    1.88    1.25    0.58   10.96   18.36    8.11   20.08   23.81
A21    5.56    3.13    0.50   20.57   35.53   25.97   44.01   36.15
A22   10.10    5.06    0.43   26.90   50.79   38.26   63.58   36.99
B1     3.05    2.69    1.63   18.76    8.37    5.81   10.23   34.42
B2     3.53    2.67    1.07   18.70   16.51   12.96   21.01   38.08
B3     3.95    2.62    0.65   18.47   23.73   19.55   30.76   39.47
B4     4.47    2.68    0.42   18.73   29.79   24.36   38.49   39.26
B5    11.55   10.25    6.06   38.28   12.43    9.87   15.89   38.40
B6    12.88    9.85    3.84   37.57   24.65   20.47   32.06   39.67
B7    14.88    9.86    2.49   37.58   37.18   30.19   47.90   39.07
B8    17.46   11.15    2.28   39.83   42.19   35.85   55.38   40.35
B9    32.04   31.94   22.88   63.29    4.53    6.36    7.82   54.42
B10   32.71   30.81   20.40   62.34   11.00    9.60   14.60   41.10
B11   34.90   31.44   18.62   62.88   16.33   14.27   21.69   41.15
B12   36.35   31.99   17.51   63.33   19.24   17.53   26.03   42.35
B13   49.87   53.93   48.58   78.42   -5.66   -4.77    7.40  220.10
B14   51.06   48.14   45.93   74.91   12.65   -7.72   14.81  328.59
B15   54.81   56.50   39.00   79.89    0.83    9.61    9.65   85.07
B16   47.40   49.33   40.38   75.65   -0.45    0.48    0.66  131.09
B17   49.74   47.67   36.75   74.61   10.41    3.55   11.01   18.90
B18   48.29   53.03   38.94   77.89   -7.63    6.23    9.85  140.75
B19   45.01   45.03   45.74   72.91    4.63  -10.93   11.87  292.93
B20    3.73    2.45    0.73   17.71   23.80   16.85   29.17   35.28
B21    9.23    4.74    0.52   25.99   47.71   34.96   59.15   36.22
B22   29.08   25.26   14.03   57.32   19.24   15.66   24.81   39.14
C1     5.65    5.45    3.01   27.97    4.64    9.50   10.59   63.61
C2     5.76    5.27    1.96   27.48    8.15   17.49   19.30   64.93
C3     6.34    5.41    1.05   27.88   12.64   29.04   31.67   66.46
C4     7.61    6.17    0.79   29.83   16.85   36.53   40.23   65.21
C5    21.40   20.51    9.97   52.40    7.88   19.12   20.68   67.53
C6    22.97   20.50    5.89   52.39   15.16   35.01   38.16   66.57
C7    25.47   21.15    3.16   53.11   22.86   51.81   56.64   66.18
C8    26.05   21.06    2.62   53.02   25.71   55.74   61.39   65.22
C9    37.54   38.19   26.01   68.15    2.34    9.03    9.34   75.36
C10   38.74   38.43   22.73   68.34    5.43   15.33   16.26   70.45
C11   40.65   39.18   18.79   68.88    9.06   24.27   25.90   69.52
C12   40.82   38.68   17.64   68.51   11.12   26.19   28.45   66.97
C13   43.67   50.01   48.46   76.08  -12.91   -8.66   15.55  213.85
C14   47.09   41.61   44.04   70.60   20.49  -12.87   24.19  327.87
C15   54.02   56.31   31.45   79.79   -0.69   20.19   20.20   91.93
C16   34.48   35.56   28.73   66.18    0.65    1.06    1.32   57.34
C17   44.92   40.82   28.28   70.05   16.67    8.45   18.70   26.89
C18   41.49   48.87   31.28   75.36  -16.38   12.85   20.82  141.87
C19   36.12   35.76   43.75   66.34    5.53  -19.85   20.61  285.55
C20    2.46    2.04    0.87   15.69   10.61   10.83   15.18   45.46
C21   24.32   18.81    6.82   50.46   29.40   27.50   40.26   43.10
C22   34.16   31.91   19.58   63.27   12.10   12.90   17.69   46.84
D1     3.88    4.07    2.29   23.90   -0.66    8.28    8.31   94.47
D2     3.84    4.03    1.54   23.77   -0.66   15.54   15.56   92.44
D3     3.62    3.89    0.85   23.33   -2.13   24.39   24.48   94.99
D4     4.14    4.41    0.82   25.00   -1.68   27.65   27.70   93.49
D5    16.39   17.20    8.68   48.51   -1.11   16.85   16.89   93.69
D6    15.73   16.47    4.81   47.58   -0.86   32.13   32.14   91.51
D7    16.14   17.24    2.37   48.56   -2.76   50.09   50.16   93.15
D8    15.56   16.65    1.89   47.82   -2.89   53.25   53.33   93.11
D9    46.40   48.68   24.19   75.25   -1.52   24.52   24.57   93.54
D10   46.01   48.72   14.31   75.28   -2.71   45.88   45.96   93.39
D11   44.57   47.25    7.01   74.35   -2.83   67.88   67.93   92.38
D12   43.67   47.07    7.99   74.24   -4.97   63.79   63.99   94.46
D13   39.40   47.10   47.93   74.24  -17.96  -11.20   21.17  211.93
D14   43.27   35.79   41.85   66.36   27.79  -17.43   32.81  327.90
D15   53.06   55.46   24.62   79.30   -1.05   30.72   30.74   91.95
D16   27.72   28.68   23.48   60.50    0.28    0.40    0.70   55.80
D17   40.39   34.71   21.06   65.52   22.73   13.76   26.56   31.19
D18   36.58   45.58   24.92   73.28  -22.86   19.80   30.24  139.11
D19   29.39   28.40   41.51   60.25    7.82  -27.52   28.62  285.85
D20   16.06   12.59    4.53   42.14   24.49   24.26   34.48   44.72
D21   23.39   22.45   13.92   54.50    7.95   11.09   13.65   54.37
D22   39.51   38.66   23.52   68.50    7.14   14.13   15.83   63.20
E1     5.05    5.65    3.26   28.53   -4.82    8.70    9.96  119.32
E2     4.36    5.45    1.99   27.99  -11.51   18.08   21.44  122.58
E3     4.21    5.60    1.27   28.38  -15.25   26.74   30.79  119.72
E4     4.22    6.01    1.09   29.41  -19.54   31.03   36.68  122.21
E5    22.39   25.04   13.62   57.11   -7.86   16.37   18.16  115.67
E6    21.51   26.58    8.90   58.58  -18.28   33.44   38.11  118.67
E7    19.19   26.43    5.16   58.44  -28.92   48.97   56.88  120.57
E8    18.14   26.56    4.61   58.56  -34.93   52.14   62.76  123.83
E9    42.33   46.46   31.01   73.83   -7.24   10.61   12.85  124.37
E10   41.04   46.94   24.92   74.15  -12.49   21.32   24.71  120.39
E11   38.53   45.83   19.55   73.44  -17.24   30.50   35.04  119.49
E12   37.30   45.10   18.38   72.95  -19.10   32.18   37.43  120.69
E13   36.11   44.71   47.81   72.69  -21.93  -13.74   25.89  212.04
E14   39.90   30.93   39.78   62.46   34.42  -21.49   40.58  328.02
E15   52.79   55.25   20.97   79.19   -1.24   37.49   37.51   91.90
E16   19.47   20.31   16.90   52.19   -0.56   -0.28    0.82  212.46
E17   36.51   29.52   16.74   61.24   28.77   15.69   32.78   28.60
E18   32.17   42.16   20.74   70.98  -28.16   23.79   36.87  139.79
E19   23.81   22.17   39.08   54.21   11.09  -34.78   36.51  287.68
E20   22.76   15.98    1.66   46.94   37.70   54.05   65.90   55.10
E21   19.83   16.60    4.18   47.75   20.35   35.97   41.33   60.48
E22   30.19   26.54    9.85   58.54   18.22   30.07   35.17   58.79
F1     3.26    3.94    2.90   23.47   -8.41    2.60    8.86  163.29
F2     3.13    4.53    2.84   25.36  -18.79    6.32   19.85  161.51
F3     2.49    4.32    2.42   24.67  -27.69    8.47   28.98  163.04
F4     2.11    4.19    2.29   24.30  -33.83    8.95   35.03  165.21
F5    11.00   13.81    9.47   43.96  -15.96    6.24   17.15  158.74
F6     8.53   13.11    7.96   42.92  -31.15    9.92   32.71  162.37
F7     7.95   14.92    7.39   45.53  -47.57   16.64   50.40  160.73
F8     7.20   14.75    6.52   45.29  -53.64   19.87   57.21  159.68
F9    28.53   32.99   24.87   64.15  -12.27    4.15   12.98  161.49
F10   26.12   33.20   22.25   64.32  -22.69    9.32   24.53  157.68
F11   23.28   32.71   21.13   63.92  -33.12   10.84   34.86  161.89
F12   23.06   33.80   21.32   64.80  -37.97   11.99   39.82  162.48
F13   32.30   41.86   47.78   70.77  -26.78  -17.03   31.74  212.45
F14   36.64   26.58   37.79   58.58   40.65  -25.50   47.98  327.90
F15   52.25   54.68   17.31   78.85   -1.26   44.76   44.78   91.61
F16   14.09   14.70   11.59   45.21   -0.47    1.62    1.71  104.26
F17   32.60   24.76   12.23   56.83   34.35   19.81   39.65   29.97
F18   27.52   38.39   16.81   68.30  -34.17   27.72   44.00  140.96
F19   18.44   16.60   36.38   47.75   13.28  -42.22   44.27  287.46
F20   26.93   26.25   14.12   58.27    6.69   17.07   18.33   68.58
F21   33.84   31.65   12.75   63.05   11.94   29.04   31.40   67.65
F22   38.17   36.60   18.24   66.97    9.47   22.19   24.13   66.88
G1     2.36    2.76    2.51   19.02   -5.72   -1.99    6.18  198.87
G2     2.16    2.95    2.70   19.85  -13.64   -2.17   13.88  189.08
G3     1.90    2.95    2.87   19.83  -19.30   -3.43   19.64  190.10
G4     1.36    2.87    3.26   19.49  -32.28   -6.89   33.03  192.08
G5    10.98   13.45   11.84   43.43  -13.86   -2.17   14.06  188.93
G6     9.28   13.57   12.51   43.61  -27.76   -3.83   28.03  187.87
G7     8.89   15.41   14.87   46.19  -42.17   -5.69   42.56  187.69
G8     7.55   14.50   14.09   44.94  -48.81   -5.85   49.17  186.84
G9    27.56   31.78   27.10   63.15  -11.83   -1.46   11.94  187.14
G10   25.88   32.58   29.39   63.81  -21.55   -4.10   21.94  190.79
G11   24.20   34.38   31.33   65.26  -34.89   -4.67   35.21  187.62
G12   23.45   33.50   32.83   64.56  -35.12   -8.15   36.06  193.06
G13   28.46   38.49   46.75   68.38  -30.79  -19.95   36.69  212.95
G14   32.94   22.06   34.99   54.10   47.43  -29.33   55.77  328.27
G15   51.93   54.22   14.16   78.58   -0.90   51.99   51.99   90.99
G16    9.47    9.94    8.14   37.73   -0.89    0.27    1.01  173.18
G17   28.97   20.44    8.75   52.34   40.31   23.17   46.49   29.90
G18   23.44   34.78   13.42   65.57  -39.57   31.51   50.58  141.47
G19   14.11   12.01   33.42   41.22   16.81  -49.24   52.03  288.85
G20   34.97   34.33   16.49   65.22    6.47   23.14   24.02   74.35
G21   34.26   33.56   11.26   64.61    6.66   36.04   36.65   79.52
G22   41.78   39.86    3.79   69.38   10.33   75.58   76.29   82.21
H1     2.45    2.79    2.88   19.15   -4.45   -4.74    6.57  226.11
H2     2.38    2.98    4.06   19.97   -9.29  -11.25   14.62  230.32
H3     2.22    3.05    5.19   20.24  -14.03  -17.05   22.11  230.46
H4     1.81    2.84    5.88   19.37  -19.67  -21.87   29.42  228.03
H5     9.16   10.59   11.78   38.89   -8.41   -9.86   12.98  229.45
H6     8.51   10.76   15.47   39.17  -15.27  -19.28   24.61  231.61
H7     8.11   11.39   19.66   40.22  -23.35  -27.01   35.72  229.14
H8     7.85   11.94   23.67   41.12  -29.51  -33.35   44.54  228.49
H9    29.11   31.47   29.50   62.90   -4.66   -5.86    7.52  231.30
H10   28.56   32.62   33.82   63.85  -10.91  -10.82   15.37  224.75
H11   28.47   33.24   39.34   64.35  -13.43  -17.64   22.17  232.70
H12   26.61   32.51   42.80   63.75  -18.23  -23.12   29.45  231.74
H13   26.32   36.78   46.87   67.12  -33.96  -22.26   40.60  213.25
H14   30.10   18.82   32.65   50.47   52.67  -32.15   61.71  328.59
H15   51.84   53.85   11.40   78.38   -0.21   59.37   59.37   90.20
H16    6.46    6.78    5.59   31.31   -0.85    0.06    1.11  186.99
H17   26.18   17.31    6.09   48.65   45.10   27.65   52.90   31.50
H18   20.37   31.78   10.59   63.16  -43.46   35.63   56.20  140.65
H19   11.19    8.93   30.79   35.86   20.35  -54.52   58.20  290.46
H20   41.25   42.06   18.67   70.91    2.13   28.02   28.10   85.65
H21   33.26   34.54   22.38   65.39   -0.16   10.92   10.93   90.79
H22   36.07   38.68   13.18   68.52   -4.07   37.24   37.47   96.24
I1     4.06    4.22    5.75   24.36   -0.02  -12.70   12.70  269.80
I2     4.13    4.18    8.99   24.25    1.50  -26.06   26.10  273.27
I3     4.27    4.26   13.23   24.51    2.24  -38.78   38.85  273.28
I4     4.36    4.39   16.77   24.90    1.81  -47.03   47.07  272.20
I5    13.30   13.57   14.93   43.61    1.37  -10.31   10.40  277.46
I6    13.53   13.82   19.72   43.96    1.41  -20.69   20.74  273.86
I7    14.27   14.39   25.99   44.78    2.53  -31.23   31.33  274.61
I8    14.32   14.64   30.90   45.13    1.33  -38.69   38.72  271.95
I9    31.88   32.95   30.67   64.12    0.41   -5.61    5.62  273.91
I10   30.29   31.38   33.06   62.82    0.14  -11.48   11.48  270.68
I11   31.34   32.40   37.53   63.67    0.36  -16.38   16.39  271.24
I12   30.04   30.51   43.12   62.09    2.33  -26.38   26.49  275.04
I13   22.96   33.66   46.35   64.69  -37.89  -25.83   45.86  214.29
I14   26.99   15.59   29.94   46.42   58.04  -34.96   67.75  328.94
I15   51.90   53.43    8.63   78.13    0.99   68.10   68.11   89.18
I16    3.93    4.05    3.40   23.83    0.27   -0.37    0.89  189.82
I17   23.26   14.26    3.64   44.61   50.02   33.85   60.39   34.08
I18   16.26   27.44    7.62   59.38  -48.65   39.61   62.74  140.86
I19    8.20    6.00   27.66   29.42   24.12  -60.58   65.21  291.71
I20   40.89   44.83   19.14   72.78   -7.03   30.24   31.05  103.08
I21   13.08   16.90    4.90   48.13  -19.52   32.58   37.99  120.95
I22   29.54   36.06   19.47   66.57  -18.81   18.83   26.60  134.98
J1     1.46    1.23    2.28   10.74    8.47  -14.32   16.64  300.66
J2     1.79    1.29    4.35   11.18   15.13  -28.08   31.90  298.32
J3     2.05    1.16    7.43   10.33   24.84  -44.18   50.69  299.34
J4     2.43    1.41    9.97   12.07   25.49  -50.42   56.50  296.81
J5     8.53    8.23   10.21   34.46    5.38  -12.62   13.73  293.04
J6     9.70    8.53   14.24   35.08   12.45  -23.26   26.39  298.14
J7    10.82    8.81   19.57   35.61   18.68  -34.76   39.47  298.25
J8    12.30    9.59   23.48   37.08   22.86  -39.96   46.04  299.77
J9    26.77   26.92   25.65   58.89    3.36   -6.31    7.14  297.95
J10   27.67   27.23   29.97   59.17    5.74  -13.01   14.22  293.80
J11   29.38   27.64   33.85   59.56   10.78  -18.27   21.22  300.53
J12   30.58   28.11   39.47   59.99   13.45  -25.34   28.69  297.96
J13   21.12   31.77   45.77   63.15  -39.79  -27.79   48.54  214.93
J14   23.74   12.62   26.66   42.19   62.57  -36.85   72.61  329.51
J15   51.90   53.07    7.15   77.92    1.92   73.46   73.50   88.51
J16    2.09    2.21    1.88   16.56   -0.86   -0.47    1.43  200.48
J17   20.31   11.51    2.31   40.43   54.26   36.59   65.46   33.99
J18   14.06   24.88    6.03   56.96  -51.35   42.21   66.47  140.58
J19    6.11    3.86   23.94   23.20   30.40  -64.76   71.54  295.15
J20   30.17   37.30   25.29   67.50  -20.50    9.18   22.47  155.88
J21    4.30    7.89    1.68   33.74  -37.04   31.19   48.43  139.92
J22    1.05    1.99    0.80   15.43  -24.85   11.53   27.40  155.12
K1     2.43    2.07    2.49   15.89    9.03   -7.25   11.61  321.52
K2     2.98    2.03    3.32   15.65   20.51  -13.93   24.80  325.87
K3     3.72    2.14    4.64   16.24   30.12  -21.01   36.72  325.12
K4     4.66    2.39    6.30   17.42   38.07  -27.21   46.79  324.46
K5     7.15    6.22    7.23   29.94   12.08   -9.60   15.43  321.61
K6     8.36    5.68    9.81   28.57   29.19  -21.45   36.22  323.69
K7    10.65    6.34   13.19   30.24   40.57  -28.78   49.74  324.65
K8    12.69    7.20   16.46   32.25   46.39  -33.63   57.29  324.06
K9    24.24   22.99   22.09   55.07    9.24   -6.32   11.19  325.70
K10   26.08   23.03   25.29   55.10   16.86  -12.21   20.82  324.09
K11   28.74   22.93   29.78   55.00   27.97  -19.93   34.35  324.54
K12   32.24   24.49   35.67   56.58   34.17  -26.02   42.96  322.70
K13   19.38   29.90   45.29   61.57  -41.48  -29.94   51.15  215.82
K14   20.74   10.23   23.47   38.26   65.71  -37.92   75.87  330.01
K15   49.59   51.58    5.97   77.02   -0.37   77.07   77.07   90.29
K16    0.83    0.89    0.82    8.02   -1.07   -1.52    2.03  226.74
K17   16.79    8.86    1.34   35.72   56.26   38.63   68.25   34.47
K18   11.74   22.07    4.81   54.10  -54.28   43.36   69.49  141.39
K19    4.49    2.37   20.30   17.29   36.38  -67.88   77.01  298.18
K20    3.31    4.22    3.03   24.38  -11.57    3.17   12.03  164.88
K21    1.87    2.45    2.28   17.68  -10.89   -2.39   11.19  192.41
K22    2.25    2.74    3.58   18.99   -7.86   -9.89   12.66  231.39
L1     2.57    2.22    2.16   16.60    8.72   -3.14    9.33  340.52
L2     3.11    2.17    2.28   16.35   19.72   -4.68   20.29  346.71
L3     3.73    2.24    2.49   16.68   28.22   -5.94   28.85  348.12
L4     4.76    2.43    3.30   17.58   38.68  -10.43   40.07  344.91
L5     7.49    6.32    5.86   30.20   14.20   -3.15   14.58  347.64
L6     9.31    6.28    6.45   30.12   30.62   -5.94   31.20  349.05
L7    11.51    6.43    7.22   30.45   45.94   -8.65   46.75  349.34
L8    13.66    7.40    8.06   32.70   50.73   -8.10   51.38  350.92
L9    24.38   23.06   19.86   55.14    9.50   -1.72    9.67  349.81
L10   27.37   23.74   21.05   55.82   19.03   -2.95   19.26  351.19
L11   29.40   23.44   22.31   55.52   28.25   -5.96   28.87  348.10
L12   31.08   23.78   23.08   55.86   33.06   -6.85   33.75  348.30
L13   16.17   26.01   43.93   58.04  -43.47  -34.37   55.42  218.32
L14   14.07    5.98   15.18   29.37   67.72  -35.47   76.44  332.35
L15   49.86   50.82    4.12   76.57    2.32   85.98   86.01   88.46
L16    0.37    0.28    0.38    2.56    3.96   -2.71    4.81  325.80
L17   11.17    5.12    0.38   27.08   58.03   39.53   70.22   34.26
L18    8.06   16.95    2.97   48.20  -58.15   44.70   73.34  142.45
L19    1.99    0.62   10.63    5.66   43.77  -63.62   77.22  304.52
L20    1.01    1.14    1.45   10.11   -3.10   -7.06    7.73  245.96
L21    1.43    1.30    1.53   11.25    5.43   -5.86    8.01  313.10
L22    2.99    2.37    2.05   17.28   13.55   -0.90   13.60  356.29
GS0    56.40   57.28   48.27   80.33    2.91   -1.11    3.13  339.73
GS1    56.63   57.86   46.54   80.66    2.10    1.48    2.58   35.05
GS2    51.40   53.60   43.82   78.23   -0.75    0.56    1.00  156.79
GS3    45.19   47.28   37.82   74.38   -1.14    1.67    2.03  126.71
GS4    38.58   40.05   32.82   69.50   -0.12    0.39    0.82  198.95
GS5    32.50   33.86   27.51   64.86   -0.56    0.78    0.99  135.43
GS6    28.33   29.42   23.76   61.15   -0.17    1.00    1.04   88.77
GS7    23.60   24.53   20.06   56.61   -0.22    0.44    0.77  207.36
GS8    20.74   21.80   18.03   53.81   -1.27   -0.06    1.45  187.19
GS9    17.24   18.15   14.85   49.68   -1.41    0.38    1.57  171.73
GS10   13.94   14.57   12.03   45.04   -0.69    0.01    0.90  195.34
GS11   11.71   12.34   10.23   41.74   -1.32   -0.13    1.43  189.94
GS12    9.45    9.92    8.42   37.69   -0.96   -0.84    1.41  219.82
GS13    7.77    8.18    6.98   34.33   -0.99   -0.99    1.51  221.99
GS14    5.68    6.01    5.03   29.43   -1.31   -0.37    1.51  196.93
GS15    4.14    4.32    3.65   24.69   -0.23   -0.60    1.01  206.86
GS16    3.29    3.42    2.93   21.65   -0.08   -0.82    1.04  215.76
GS17    2.43    2.58    2.25   18.24   -0.93   -1.12    1.71  218.35
GS18    1.60    1.69    1.48   13.76   -0.92   -1.03    1.63  213.88
GS19    1.06    1.12    1.01    9.97   -0.88   -1.34    1.78  225.52
GS20    0.69    0.74    0.64    6.65   -1.06   -0.64    1.44  203.35
GS21    0.50    0.56    0.49    5.05   -1.51   -0.44    1.68  196.22
GS22    0.32    0.35    0.29    3.15   -0.71   -0.05    0.75  185.60
GS23    0.08    0.07    0.16    0.64    0.36   -1.79    1.82  281.43
END_DATA

