IT8.7/1
ORIGINATOR "FotoTune"
DESCRIPTOR "Agfa IT8"
MATERIAL "AgfachromeRS100Plus"
MANUFACTURER "Agfa"
CREATED "Wed Apr 28 15:39:56 1999"
PROD_DATE "1999:04"
SERIAL "4x5 bs0322xx"
NUMBER_OF_FIELDS 9
BEGIN_DATA_FORMAT
SAMPLE_ID XYZ_X XYZ_Y XYZ_Z LAB_L LAB_A LAB_B LAB_C LAB_H
END_DATA_FORMAT
NUMBER_OF_SETS 288
BEGIN_DATA
A1     2.22    1.91    1.35   15.01    8.55    2.75    9.00   17.85
A2     2.74    1.88    1.10   14.84   19.61    5.80   20.46   16.48
A3     3.22    1.90    0.97   14.97   27.60    7.89   28.70   15.93
A4     4.11    2.10    0.93   16.01   36.60   10.31   38.03   15.73
A5     9.44    8.16    5.68   34.32   13.57    4.84   14.41   19.67
A6    11.03    7.89    4.61   33.76   28.26    9.40   29.78   18.39
A7    12.77    7.88    3.97   33.73   40.53   13.01   42.56   17.80
A8    15.74    8.86    3.93   35.71   50.38   16.67   53.07   18.30
A9    27.57   26.80   20.55   58.78    7.05    3.16    7.72   24.19
A10   29.81   26.92   19.18   58.90   15.25    6.21   16.47   22.17
A11   32.29   27.45   18.89   59.40   22.22    7.70   23.51   19.13
A12   34.01   28.16   18.07   60.03   25.56   10.58   27.67   22.49
A13   56.65   58.65   49.22   81.10    0.22   -0.88    0.93  288.15
A14   57.83   58.51   49.19   81.02    3.43   -0.98    3.58  344.10
A15   58.20   59.69   46.62   81.67    1.58    3.12    3.50   62.91
A16   58.60   59.92   48.78   81.79    1.97    0.82    2.15   21.93
A17   57.92   58.92   46.71   81.25    2.70    2.30    3.55   40.20
A18   57.00   59.35   46.93   81.48   -0.56    2.43    2.51  103.54
A19   57.00   58.60   49.61   81.07    1.21   -1.37    1.85  312.68
A20    1.96    1.32    0.56   11.38   18.49    9.11   20.61   26.23
A21    5.83    3.30    0.50   21.18   35.93   27.24   45.09   37.16
A22   10.64    5.32    0.42   27.63   51.71   39.68   65.18   37.50
B1     3.20    2.85    1.62   19.40    8.06    7.13   10.76   41.51
B2     3.63    2.77    1.01   19.10   16.40   14.38   21.81   41.25
B3     4.07    2.72    0.62   18.89   23.74   20.94   31.66   41.42
B4     4.55    2.74    0.41   18.98   29.78   25.15   38.98   40.17
B5    12.03   10.73    6.15   39.12   12.26   10.89   16.41   41.62
B6    13.48   10.34    3.78   38.46   24.76   22.36   33.36   42.10
B7    15.35   10.18    2.39   38.15   37.54   31.99   49.32   40.43
B8    17.99   11.48    2.16   40.38   42.71   37.92   57.11   41.60
B9    33.58   33.66   23.67   64.69    3.99    7.27    8.30   61.35
B10   34.06   32.21   20.84   63.51   10.73   10.73   15.16   45.04
B11   36.40   32.92   19.06   64.10   16.12   15.43   22.32   43.75
B12   37.81   33.41   18.00   64.49   19.01   18.42   26.47   44.10
B13   51.94   56.19   49.49   79.72   -5.77   -3.56    6.78  211.63
B14   53.65   51.10   47.28   76.74   11.51   -6.14   13.06  331.92
B15   57.06   58.96   40.33   81.27    0.53   10.22   10.24   87.04
B16   49.97   52.18   42.02   77.39   -0.92    1.37    1.67  125.54
B17   52.63   50.94   39.07   76.63    9.31    3.90   10.11   22.76
B18   51.38   56.25   41.12   79.75   -7.39    6.60    9.91  138.27
B19   48.60   49.07   47.97   75.48    3.54   -9.13    9.79  291.22
B20    3.93    2.61    0.73   18.39   23.84   18.06   29.90   37.12
B21    9.67    4.98    0.51   26.67   48.40   36.26   60.49   36.85
B22   31.24   27.27   14.95   59.22   19.17   16.56   25.33   40.83
C1     5.86    5.69    2.99   28.61    4.22   10.70   11.51   68.43
C2     5.94    5.46    1.88   28.01    7.78   19.15   20.67   67.88
C3     6.43    5.49    0.97   28.09   12.63   30.56   33.07   67.54
C4     7.80    6.35    0.76   30.27   16.81   37.72   41.30   65.99
C5    22.80   21.98   10.42   54.01    7.41   20.40   21.70   70.02
C6    24.27   21.73    5.88   53.74   15.12   37.37   40.32   67.98
C7    26.44   21.95    3.03   53.97   23.23   54.20   58.97   66.81
C8    26.88   21.71    2.47   53.72   26.10   58.11   63.71   65.82
C9    39.12   40.01   26.97   69.47    1.70    9.67    9.83   80.09
C10   40.58   40.47   23.76   69.79    4.85   15.91   16.64   73.07
C11   42.25   40.98   19.38   70.15    8.38   25.22   26.58   71.62
C12   42.75   40.79   18.24   70.03   10.41   27.47   29.38   69.23
C13   45.59   52.19   49.22   77.40  -13.05   -7.27   14.94  209.11
C14   49.07   43.74   45.07   72.05   19.64  -11.59   22.81  329.44
C15   55.93   58.29   32.30   80.90   -0.66   20.83   20.83   91.83
C16   36.86   38.19   30.44   68.16    0.10    1.72    1.73   88.15
C17   47.45   43.64   30.27   71.99   15.50    8.59   17.72   28.99
C18   43.86   51.44   32.93   76.95  -16.11   13.07   20.75  140.96
C19   38.82   38.84   45.68   68.63    4.39  -18.24   18.76  283.54
C20    2.55    2.12    0.84   16.12   10.45   12.09   15.98   49.15
C21   25.65   19.94    6.98   51.76   29.49   29.08   41.42   44.59
C22   36.29   34.13   20.82   65.06   11.58   13.44   17.74   49.24
D1     4.02    4.24    2.26   24.47   -1.17    9.55    9.62   96.94
D2     3.97    4.19    1.48   24.28   -1.03   17.15   17.17   93.46
D3     3.70    3.99    0.80   23.65   -2.17   25.73   25.83   94.83
D4     4.24    4.54    0.79   25.38   -1.88   28.90   28.96   93.70
D5    17.31   18.33    8.90   49.89   -1.92   18.45   18.57   95.93
D6    16.40   17.19    4.69   48.51   -1.03   34.40   34.41   91.73
D7    16.55   17.69    2.26   49.11   -2.80   52.07   52.14   93.07
D8    16.03   17.17    1.81   48.47   -2.94   55.17   55.26   93.05
D9    48.46   51.03   25.12   76.70   -2.05   25.33   25.42   94.65
D10   47.65   50.48   14.40   76.36   -2.83   47.53   47.61   93.40
D11   45.83   48.42    6.77   75.08   -2.41   70.15   70.19   91.96
D12   44.87   48.17    7.81   74.93   -4.53   65.68   65.85   93.94
D13   41.17   49.15   48.90   75.54  -18.08  -10.10   20.71  209.17
D14   45.25   37.87   43.10   67.92   26.80  -16.31   31.37  328.67
D15   54.85   57.38   25.59   80.38   -1.17   30.85   30.88   92.18
D16   29.49   30.68   24.90   62.24   -0.36    0.80    0.96  123.81
D17   42.22   36.68   22.40   67.03   21.76   13.72   25.72   32.24
D18   38.01   47.16   25.97   74.29  -22.58   19.69   29.97  138.92
D19   31.24   30.50   43.07   62.08    6.85  -26.34   27.22  284.58
D20   16.94   13.31    4.55   43.22   24.75   25.99   35.89   46.40
D21   24.86   24.01   14.65   56.08    7.52   11.93   14.10   57.78
D22   42.21   41.58   24.99   70.57    6.41   15.01   16.33   66.85
E1     5.31    5.97    3.28   29.35   -5.36    9.93   11.30  118.32
E2     4.50    5.66    1.90   28.53  -11.91   19.82   23.12  121.00
E3     4.37    5.81    1.22   28.92  -15.35   28.47   32.35  118.32
E4     4.41    6.26    1.05   30.05  -19.67   32.63   38.10  121.07
E5    24.08   27.13   14.53   59.10   -8.85   17.41   19.53  116.93
E6    22.81   28.33    8.97   60.17  -19.11   35.96   40.72  118.00
E7    19.82   27.29    5.03   59.24  -29.24   51.06   58.84  119.79
E8    18.75   27.36    4.43   59.31  -34.94   54.42   64.68  122.70
E9    44.58   49.05   32.44   75.48   -7.71   11.27   13.66  124.39
E10   42.79   48.90   25.69   75.38  -12.57   22.08   25.41  119.65
E11   39.88   47.36   19.94   74.42  -17.26   31.38   35.81  118.82
E12   38.72   46.74   18.94   74.02  -19.16   32.79   37.98  120.30
E13   37.62   46.53   48.97   73.88  -22.12  -13.02   25.67  210.48
E14   41.60   32.64   41.17   63.86   33.58  -20.86   39.53  328.15
E15   54.53   57.10   21.72   80.23   -1.33   37.78   37.81   92.02
E16   20.65   21.63   17.64   53.62   -0.99    0.51    1.29  153.61
E17   37.97   31.04   17.53   62.54   27.95   16.12   32.26   29.97
E18   33.53   43.67   21.49   72.01  -27.76   24.06   36.74  139.08
E19   25.22   23.70   40.36   55.78   10.28  -33.76   35.28  286.95
E20   23.63   16.60    1.64   47.74   38.08   55.73   67.51   55.65
E21   20.89   17.51    4.16   48.89   20.58   38.02   43.24   61.57
E22   32.10   28.36   10.26   60.21   18.04   31.62   36.41   60.29
F1     3.40    4.14    2.85   24.14   -8.98    4.07    9.86  155.61
F2     3.22    4.69    2.74   25.83  -19.38    7.85   20.91  157.95
F3     2.58    4.50    2.32   25.26  -28.31   10.30   30.12  160.02
F4     2.14    4.29    2.14   24.60  -34.49   10.83   36.15  162.57
F5    11.48   14.49    9.57   44.94  -16.71    7.56   18.34  155.68
F6     8.91   13.73    7.93   43.83  -31.90   11.60   33.94  160.01
F7     8.28   15.60    7.38   46.46  -48.57   18.32   51.90  159.34
F8     7.51   15.40    6.44   46.17  -54.46   21.76   58.64  158.23
F9    30.12   34.99   26.03   65.73  -13.06    4.82   13.93  159.74
F10   27.53   35.11   23.27   65.83  -23.53    9.99   25.57  157.01
F11   24.35   34.24   22.06   65.15  -33.75   11.14   35.54  161.74
F12   23.92   35.05   22.03   65.79  -38.39   12.27   40.31  162.26
F13   33.48   43.33   48.54   71.77  -26.95  -16.17   31.43  210.97
F14   38.12   27.99   38.90   59.88   39.92  -24.76   46.97  328.18
F15   54.04   56.50   17.67   79.90   -1.11   45.73   45.74   91.39
F16   14.92   15.61   12.05   46.46   -0.84    2.43    2.62  110.74
F17   33.92   26.01   12.74   58.05   33.78   20.42   39.47   31.17
F18   28.58   39.57   17.17   69.15  -33.72   28.34   44.05  139.96
F19   19.51   17.78   37.58   49.22   12.41  -41.36   43.18  286.70
F20   28.61   27.99   14.67   59.86    6.45   18.37   19.48   70.67
F21   35.99   33.83   13.18   64.82   11.59   30.86   32.97   69.42
F22   40.70   39.21   19.19   68.88    9.10   23.42   25.12   68.77
G1     2.47    2.91    2.49   19.66   -6.41   -0.71    6.48  186.56
G2     2.25    3.12    2.65   20.51  -14.51   -0.56   14.52  182.26
G3     1.95    3.07    2.76   20.30  -20.22   -1.88   20.31  185.33
G4     1.38    2.97    3.16   19.94  -33.46   -5.43   33.90  189.24
G5    11.55   14.27   12.24   44.61  -14.83   -1.34   14.89  185.17
G6     9.67   14.23   12.74   44.56  -28.67   -2.86   28.81  185.70
G7     9.25   16.10   15.15   47.11  -43.18   -4.81   43.44  186.35
G8     7.95   15.34   14.44   46.10  -50.04   -4.76   50.27  185.43
G9    29.44   34.11   28.77   65.05  -12.67   -0.97   12.72  184.33
G10   27.40   34.67   30.97   65.49  -22.55   -3.72   22.85  189.39
G11   25.36   35.97   32.92   66.50  -35.25   -4.93   35.60  187.96
G12   24.88   35.44   34.82   66.09  -35.52   -8.42   36.50  193.33
G13   29.90   40.38   48.28   69.74  -31.17  -19.39   36.71  211.89
G14   34.38   23.30   36.22   55.38   46.84  -28.86   55.01  328.35
G15   53.54   55.83   14.45   79.52   -0.75   52.83   52.83   90.82
G16   10.04   10.60    8.43   38.89   -1.37    1.17    1.88  140.51
G17   30.18   21.49    9.07   53.48   39.97   24.03   46.64   31.01
G18   24.23   35.67   13.62   66.26  -39.14   32.17   50.67  140.57
G19   14.80   12.76   34.48   42.39   16.04  -48.79   51.36  288.20
G20   37.03   36.58   17.21   66.95    5.85   24.47   25.16   76.55
G21   36.35   35.78   11.64   66.34    6.20   37.90   38.42   80.71
G22   43.86   42.03    3.78   70.88   10.02   78.30   78.94   82.71
H1     2.57    2.95    2.91   19.87   -5.20   -3.76    6.43  215.83
H2     2.48    3.14    4.09   20.63  -10.27  -10.27   14.53  224.99
H3     2.26    3.16    5.15   20.69  -15.03  -16.03   21.98  226.83
H4     1.87    2.97    5.99   19.94  -20.61  -21.45   29.76  226.15
H5     9.66   11.28   12.46   40.05   -9.32   -9.82   13.55  226.51
H6     8.98   11.45   16.18   40.34  -16.21  -19.02   24.99  229.57
H7     8.46   11.97   20.38   41.17  -24.23  -26.87   36.17  227.95
H8     8.21   12.58   24.52   42.12  -30.54  -33.19   45.10  227.39
H9    30.79   33.43   30.90   64.50   -5.24   -5.30    7.45  225.29
H10   30.35   34.90   35.63   65.66  -11.89  -10.31   15.74  220.92
H11   30.29   35.67   41.50   66.26  -14.73  -17.15   22.60  229.32
H12   28.24   34.78   44.52   65.57  -19.63  -22.09   29.56  228.39
H13   27.15   37.90   47.82   67.95  -34.15  -21.95   40.60  212.73
H14   31.06   19.60   33.64   51.38   52.32  -32.06   61.36  328.50
H15   53.15   55.15   11.53   79.12   -0.08   60.25   60.25   90.07
H16    6.76    7.16    5.72   32.15   -1.37    0.93    1.68  146.01
H17   27.03   18.03    6.22   49.53   44.72   28.54   53.04   32.56
H18   20.88   32.38   10.58   63.65  -43.11   36.53   56.50  139.73
H19   11.74    9.51   31.86   36.96   19.55  -54.27   57.68  289.80
H20   43.32   44.40   19.51   72.49    1.50   28.94   28.99   87.05
H21   35.52   37.10   23.65   67.34   -0.87   11.90   11.93   94.18
H22   38.25   41.17   13.58   70.29   -4.61   39.22   39.50   96.72
I1     4.24    4.44    5.97   25.08   -0.54  -12.50   12.52  267.48
I2     4.36    4.44    9.48   25.10    0.94  -26.34   26.36  272.02
I3     4.47    4.49   13.85   25.24    1.82  -39.18   39.23  272.65
I4     4.57    4.61   17.68   25.58    1.78  -47.94   47.98  272.12
I5    13.98   14.39   15.76   44.78    0.65  -10.34   10.36  273.52
I6    14.15   14.55   20.63   45.01    0.74  -20.74   20.76  272.01
I7    14.82   15.04   27.05   45.68    1.91  -31.49   31.54  273.47
I8    15.02   15.47   32.17   46.28    0.61  -38.67   38.68  270.91
I9    33.72   35.04   32.17   65.77   -0.25   -5.05    5.07  267.21
I10   32.05   33.45   34.62   64.51   -0.74  -10.84   10.86  266.10
I11   33.10   34.46   39.15   65.31   -0.41  -15.73   15.73  268.52
I12   31.58   32.44   44.35   63.69    1.12  -25.15   25.17  272.53
I13   23.58   34.50   47.01   65.35  -37.97  -25.48   45.73  213.85
I14   27.72   16.14   30.71   47.15   57.74  -34.91   67.48  328.85
I15   52.68   54.10    8.49   78.51    1.37   69.26   69.28   88.87
I16    4.06    4.23    3.35   24.42   -0.30    1.00    1.05  107.96
I17   23.72   14.64    3.60   45.13   49.81   35.04   60.90   35.13
I18   16.61   27.83    7.45   59.74  -48.25   40.89   63.24  139.71
I19    8.48    6.30   28.33   30.16   23.34  -60.40   64.76  291.14
I20   43.11   47.39   19.88   74.43   -7.50   31.52   32.40  103.38
I21   13.62   17.65    4.78   49.06  -20.08   34.81   40.18  120.00
I22   31.13   38.13   20.20   68.10  -19.56   19.97   27.94  134.42
J1     1.52    1.30    2.30   11.23    7.98  -13.65   15.82  300.30
J2     1.86    1.35    4.50   11.61   14.91  -28.19   31.90  297.86
J3     2.10    1.21    7.70   10.65   24.87  -44.74   51.19  299.07
J4     2.53    1.48   10.45   12.50   25.68  -51.28   57.35  296.60
J5     8.86    8.61   10.57   35.23    4.81  -12.45   13.35  291.12
J6    10.06    8.92   14.77   35.82   12.02  -23.34   26.25  297.23
J7    11.21    9.16   20.36   36.28   18.63  -35.23   39.85  297.87
J8    12.91   10.12   24.58   38.05   22.78  -40.33   46.32  299.45
J9    28.51   28.83   27.05   60.62    2.80   -5.73    6.39  295.98
J10   29.28   28.98   31.29   60.76    5.19  -12.35   13.40  292.80
J11   31.25   29.64   35.61   61.32   10.10  -17.75   20.42  299.64
J12   32.39   30.05   41.01   61.68   12.69  -24.41   27.51  297.48
J13   21.83   32.72   46.67   63.93  -39.80  -27.51   48.39  214.65
J14   24.36   13.05   27.41   42.83   62.47  -37.01   72.62  329.35
J15   52.18   53.16    6.91   77.96    2.41   74.54   74.57   88.15
J16    2.17    2.32    1.81   17.06   -1.33    0.99    1.66  143.85
J17   20.74   11.84    2.27   40.96   54.06   37.83   65.98   34.99
J18   14.29   25.07    5.81   57.14  -50.67   43.58   66.85  139.30
J19    6.38    4.12   24.73   24.06   29.57  -64.72   71.16  294.55
J20   32.22   39.94   26.70   69.41  -21.27   10.03   23.52  154.76
J21    4.44    8.14    1.59   34.26  -37.45   33.03   49.94  138.59
J22    1.08    2.05    0.76   15.75  -25.08   12.74   28.13  153.07
K1     2.53    2.20    2.49   16.51    8.52   -6.23   10.56  323.80
K2     3.07    2.12    3.35   16.06   20.19  -13.44   24.25  326.34
K3     3.86    2.24    4.79   16.69   30.15  -21.06   36.78  325.08
K4     4.81    2.47    6.60   17.79   38.40  -27.87   47.44  324.03
K5     7.39    6.47    7.36   30.57   11.61   -9.07   14.73  322.02
K6     8.71    5.95   10.14   29.30   29.08  -21.28   36.04  323.80
K7    11.00    6.57   13.66   30.81   40.72  -29.05   50.03  324.49
K8    13.20    7.50   17.17   32.93   46.85  -34.11   57.96  323.93
K9    25.49   24.33   23.10   56.40    8.78   -5.93   10.60  325.90
K10   27.52   24.42   26.48   56.50   16.69  -11.87   20.49  324.55
K11   30.39   24.35   31.40   56.42   28.06  -19.99   34.45  324.53
K12   33.76   25.83   37.03   57.87   33.94  -25.69   42.57  322.88
K13   19.81   30.51   45.83   62.08  -41.53  -29.72   51.07  215.59
K14   21.30   10.58   24.13   38.85   65.79  -38.12   76.04  329.90
K15   50.18   51.86    5.73   77.19    0.44   78.53   78.54   89.68
K16    0.86    0.92    0.77    8.35   -1.46   -0.21    1.51  187.24
K17   17.08    9.04    1.28   36.07   56.40   39.88   69.07   35.25
K18   11.97   22.24    4.57   54.27  -53.51   44.94   69.88  139.97
K19    4.64    2.49   20.84   17.90   35.74  -67.91   76.75  297.76
K20    3.43    4.39    2.93   24.91  -11.94    4.85   12.90  157.86
K21    1.94    2.58    2.22   18.26  -11.70   -0.80   11.74  183.88
K22    2.34    2.88    3.55   19.58   -8.61   -8.74   12.26  225.44
L1     2.68    2.34    2.14   17.21    8.27   -1.93    8.50  346.85
L2     3.24    2.28    2.27   16.94   19.42   -3.57   19.74  349.59
L3     3.88    2.34    2.49   17.16   28.36   -5.07   28.81  349.88
L4     4.89    2.50    3.31   17.90   39.03   -9.97   40.28  345.66
L5     7.69    6.53    5.86   30.69   13.97   -2.28   14.16  350.73
L6     9.73    6.59    6.53   30.85   30.79   -5.06   31.20  350.67
L7    11.88    6.64    7.33   30.97   46.33   -8.24   47.07  349.92
L8    14.15    7.68    8.28   33.29   51.24   -7.89   51.85  351.24
L9    25.84   24.54   20.77   56.61    9.31   -1.01    9.36  353.76
L10   28.93   25.20   22.03   57.26   18.91   -2.41   19.06  352.70
L11   30.94   24.78   23.67   56.85   28.26   -6.24   28.94  347.56
L12   32.32   24.88   24.47   56.94   32.87   -7.53   33.72  347.09
L13   16.52   26.51   44.29   58.51  -43.50  -34.00   55.22  218.01
L14   14.18    6.02   15.35   29.47   67.96  -35.74   76.78  332.26
L15   50.35   50.96    3.95   76.65    3.26   87.15   87.22   87.86
L16    0.38    0.29    0.36    2.62    3.94   -2.17    4.50  331.04
L17   11.21    5.14    0.36   27.12   58.20   39.92   70.57   34.44
L18    8.23   17.07    2.80   48.35  -57.21   46.15   73.51  141.10
L19    2.03    0.65   10.84    5.84   43.89  -63.97   77.58  304.46
L20    1.05    1.19    1.40   10.50   -3.69   -5.71    6.80  237.18
L21    1.47    1.35    1.47   11.59    4.97   -4.57    6.76  317.31
L22    3.14    2.51    2.01   17.94   13.29    0.53   13.31    2.22
GS0    59.89   61.16   50.61   82.46    2.18   -0.10    2.18  357.46
GS1    59.65   61.12   48.69   82.44    1.70    2.05    2.66   50.25
GS2    54.41   56.97   46.04   80.16   -1.32    1.20    1.79  137.45
GS3    47.71   50.12   39.50   76.14   -1.69    2.47    2.99  124.41
GS4    40.70   42.53   34.69   71.22   -0.93    0.64    1.15  145.49
GS5    34.11   35.72   28.90   66.29   -1.10    0.98    1.48  138.59
GS6    29.74   31.01   24.80   62.51   -0.61    1.46    1.59  112.37
GS7    24.58   25.67   20.92   57.72   -0.75    0.57    0.95  142.73
GS8    21.42   22.58   18.51   54.64   -1.70    0.34    1.74  168.76
GS9    17.89   18.92   15.31   50.58   -1.88    0.78    2.07  156.29
GS10   14.53   15.26   12.27   45.97   -1.12    0.95    1.49  138.45
GS11   12.12   12.85   10.52   42.52   -1.80    0.31    1.85  169.37
GS12    9.75   10.32    8.52   38.42   -1.65    0.04    1.66  177.95
GS13    7.95    8.42    6.94   34.85   -1.55    0.09    1.56  175.51
GS14    5.86    6.24    5.04   30.01   -1.80    0.63    1.91  160.45
GS15    4.27    4.49    3.61   25.26   -0.90    0.69    1.15  142.13
GS16    3.39    3.57    2.87   22.17   -0.69    0.56    0.95  140.57
GS17    2.49    2.67    2.16   18.67   -1.55    0.34    1.60  167.30
GS18    1.65    1.79    1.43   14.32   -1.66    0.47    1.75  163.79
GS19    1.09    1.17    0.98   10.35   -1.62   -0.17    1.63  186.01
GS20    0.70    0.76    0.61    6.89   -1.62    0.50    1.70  162.55
GS21    0.51    0.57    0.45    5.22   -1.98    0.40    2.02  168.48
GS22    0.32    0.36    0.28    3.24   -0.92    0.30    0.97  161.47
GS23    0.08    0.07    0.15    0.62    0.32   -1.62    1.65  281.39
END_DATA

