IT8.7/1

ORIGINATOR "FotoTune"

DESCRIPTOR "Agfa IT8"

MATERIAL "AgfachromeRS100Plus"

MANUFACTURER "Agfa"

CREATED "Tue Jul  6 14:43:51 1999"

PROD_DATE "1999:07"

SERIAL "4x5 bs0428xx"

NUMBER_OF_FIELDS 9

BEGIN_DATA_FORMAT

SAMPLE_ID XYZ_X XYZ_Y XYZ_Z LAB_L LAB_A LAB_B LAB_C LAB_H

END_DATA_FORMAT

NUMBER_OF_SETS 288

BEGIN_DATA

A1     2.38    2.03    1.45   15.68    9.01    2.70    9.41   16.67

A2     2.91    1.99    1.21   15.44   20.22    5.37   20.92   14.87

A3     3.38    1.99    1.08   15.40   28.27    6.99   29.12   13.90

A4     4.28    2.16    1.05   16.33   37.64    8.98   38.69   13.43

A5     9.94    8.60    5.89   35.22   13.69    5.40   14.73   21.50

A6    11.30    8.14    4.86   34.25   28.05    8.84   29.42   17.50

A7    12.89    7.99    4.22   33.97   40.24   11.98   41.98   16.58

A8    15.49    8.73    4.17   35.46   50.01   14.79   52.15   16.48

A9    26.91   26.15   19.65   58.18    7.01    3.97    8.07   29.49

A10   28.74   25.99   18.20   58.03   14.88    6.84   16.38   24.68

A11   31.41   26.81   18.08   58.80   21.60    8.46   23.20   21.38

A12   32.89   27.32   17.33   59.26   24.90   10.94   27.20   23.72

A13   54.25   56.06   47.61   79.65    0.50   -1.53    1.61  287.92

A14   55.28   55.64   47.34   79.41    4.13   -1.62    4.44  338.55

A15   55.63   56.88   44.42   80.11    1.98    3.09    3.67   57.31

A16   55.88   56.92   46.41   80.13    2.48    0.73    2.59   16.31

A17   54.90   55.53   44.10   79.34    3.44    2.15    4.06   32.03

A18   54.18   56.28   44.71   79.77   -0.22    2.15    2.16   95.93

A19   53.83   55.06   47.60   79.08    1.90   -2.49    3.14  307.29

A20    2.01    1.34    0.62   11.55   18.69    8.23   20.42   23.78

A21    5.94    3.36    0.56   21.40   36.27   26.34   44.83   35.99

A22   10.48    5.20    0.47   27.31   51.92   38.35   64.54   36.45

B1     3.45    3.06    1.76   20.27    8.40    7.11   11.00   40.19

B2     3.89    2.96    1.13   19.88   16.79   13.98   21.85   39.77

B3     4.36    2.91    0.70   19.69   24.24   20.72   31.90   40.52

B4     4.88    2.94    0.45   19.82   30.51   25.61   39.84   40.00

B5    12.54   11.20    6.39   39.92   12.24   11.17   16.58   42.38

B6    13.70   10.58    4.05   38.85   24.44   21.41   32.49   41.21

B7    15.48   10.38    2.61   38.51   36.78   30.81   47.97   39.96

B8    18.04   11.65    2.38   40.65   41.79   36.33   55.38   41.00

B9    32.57   32.59   22.68   63.83    4.14    7.64    8.69   61.58

B10   33.08   31.29   20.13   62.75   10.57   10.87   15.17   45.78

B11   35.20   31.85   18.36   63.22   15.86   15.44   22.14   44.23

B12   36.69   32.45   17.43   63.71   18.74   18.38   26.24   44.43

B13   49.99   53.93   48.21   78.42   -5.30   -4.33    6.85  219.26

B14   51.00   48.11   45.51   74.89   12.55   -7.23   14.49  330.05

B15   54.86   56.53   38.37   79.91    0.91   10.49   10.52   85.01

B16   47.47   49.31   39.84   75.64   -0.22    1.17    1.18  100.14

B17   49.58   47.43   36.39   74.47   10.60    3.82   11.27   19.80

B18   48.51   53.17   38.35   77.97   -7.39    7.17   10.31  135.89

B19   45.28   45.35   45.70   73.12    4.47  -10.51   11.43  293.04

B20    3.96    2.62    0.80   18.45   23.99   16.78   29.27   34.97

B21    9.56    4.89    0.57   26.42   48.57   34.83   59.76   35.64

B22   30.27   26.51   14.95   58.53   18.60   15.36   24.12   39.56

C1     6.23    6.03    3.16   29.49    4.57   11.07   11.98   67.57

C2     6.37    5.84    2.05   29.01    8.12   19.26   20.90   67.13

C3     6.91    5.93    1.08   29.25   12.72   30.97   33.48   67.66

C4     8.38    6.86    0.83   31.48   16.77   38.60   42.08   66.51

C5    22.54   21.70   10.21   53.71    7.55   20.56   21.90   69.83

C6    23.69   21.22    5.97   53.19   14.91   36.01   38.97   67.51

C7    25.90   21.62    3.12   53.62   22.49   52.90   57.49   66.97

C8    26.65   21.72    2.59   53.73   25.12   57.15   62.43   66.27

C9    37.67   38.35   25.47   68.28    2.20   10.20   10.44   77.81

C10   38.65   38.35   22.12   68.29    5.37   16.40   17.26   71.88

C11   40.29   38.82   18.15   68.62    9.06   25.22   26.80   70.24

C12   40.66   38.52   17.13   68.40   11.13   27.14   29.33   67.71

C13   44.11   50.35   47.93   76.29  -12.52   -7.69   14.69  211.56

C14   46.37   40.86   43.32   70.07   20.72  -12.88   24.40  328.15

C15   53.54   55.72   30.38   79.45   -0.47   21.30   21.30   91.26

C16   34.65   35.68   28.17   66.28    0.81    2.12    2.27   68.94

C17   44.65   40.66   27.96   69.94   16.42    8.79   18.62   28.18

C18   41.86   49.23   30.90   75.60  -16.22   13.82   21.31  139.55

C19   36.24   35.92   43.68   66.46    5.37  -19.54   20.26  285.37

C20    2.59    2.16    0.89   16.26   10.70   11.40   15.63   46.80

C21   24.87   19.45    7.16   51.21   28.60   27.36   39.58   43.74

C22   34.65   32.49   19.99   63.75   11.76   12.86   17.42   47.58

D1     4.32    4.53    2.37   25.34   -0.65   10.07   10.09   93.69

D2     4.30    4.51    1.61   25.30   -0.69   17.45   17.46   92.26

D3     4.07    4.38    0.87   24.87   -2.08   26.58   26.66   94.49

D4     4.72    5.05    0.87   26.85   -1.80   30.18   30.24   93.40

D5    17.50   18.39    8.84   49.96   -1.27   18.76   18.81   93.87

D6    16.69   17.42    4.86   48.78   -0.61   33.92   33.92   91.02

D7    17.08   18.15    2.34   49.68   -2.29   52.26   52.32   92.51

D8    16.74   17.84    1.88   49.30   -2.55   55.85   55.92   92.61

D9    46.60   48.86   23.67   75.36   -1.42   25.69   25.73   93.18

D10   46.03   48.62   13.99   75.21   -2.40   46.62   46.68   92.96

D11   44.86   47.43    6.85   74.46   -2.51   68.76   68.80   92.10

D12   43.92   47.18    7.85   74.31   -4.56   64.46   64.62   94.04

D13   39.71   47.31   47.58   74.39  -17.60  -10.57   20.53  210.99

D14   42.83   35.49   41.38   66.13   27.48  -17.23   32.43  327.92

D15   52.54   54.88   24.06   78.97   -0.95   31.18   31.19   91.75

D16   27.86   28.86   22.99   60.65    0.16    1.60    1.60   84.11

D17   39.89   34.32   20.62   65.22   22.47   14.09   26.53   32.08

D18   36.70   45.60   24.51   73.29  -22.49   20.57   30.48  137.57

D19   29.31   28.35   40.96   60.20    7.71  -26.92   27.99  285.98

D20   16.28   12.86    4.61   42.56   23.91   24.55   34.27   45.75

D21   24.03   23.17   14.28   55.25    7.51   11.43   13.67   56.65

D22   39.69   38.94   23.66   68.71    6.77   14.23   15.76   64.56

E1     5.66    6.34    3.39   30.24   -4.92   10.76   11.84  114.61

E2     4.90    6.11    2.05   29.67  -11.61   20.38   23.45  119.68

E3     4.78    6.29    1.30   30.14  -15.15   29.39   33.07  117.28

E4     4.87    6.82    1.12   31.41  -19.54   33.98   39.20  119.91

E5    23.91   26.67   14.02   58.66   -7.70   18.01   19.58  113.18

E6    22.72   27.83    8.90   59.74  -17.67   35.41   39.57  116.52

E7    20.33   27.62    5.14   59.55  -28.01   51.03   58.21  118.76

E8    19.62   28.24    4.64   60.10  -33.97   54.61   64.32  121.88

E9    43.24   47.38   30.97   74.43   -7.10   11.69   13.68  121.26

E10   41.40   47.17   24.42   74.30  -12.03   22.44   25.47  118.19

E11   38.66   45.81   18.92   73.42  -16.76   31.83   35.97  117.76

E12   37.74   45.46   18.15   73.19  -18.73   33.11   38.04  119.49

E13   36.84   45.42   47.71   73.17  -21.55  -12.81   25.07  210.74

E14   39.65   30.83   39.59   62.37   34.01  -21.39   40.17  327.83

E15   52.19   54.54   20.28   78.77   -1.04   38.18   38.20   91.56

E16   19.72   20.58   16.40   52.48   -0.61    1.39    1.53  113.38

E17   36.17   29.33   16.21   61.07   28.38   16.67   32.92   30.44

E18   32.60   42.47   20.24   71.20  -27.53   25.21   37.33  137.52

E19   23.97   22.35   38.84   54.40   10.94  -34.15   35.85  287.77

E20   22.90   16.23    1.70   47.27   36.90   54.29   65.65   55.79

E21   20.30   17.10    4.32   48.40   19.86   36.24   41.32   61.28

E22   30.42   26.88   10.11   58.86   17.70   29.78   34.65   59.26

F1     3.70    4.45    3.01   25.11   -8.50    4.60    9.66  151.61

F2     3.53    5.07    2.91   26.95  -19.06    8.55   20.89  155.85

F3     2.84    4.87    2.48   26.36  -28.19   10.85   30.20  158.96

F4     2.39    4.71    2.34   25.88  -34.64   11.27   36.43  161.98

F5    11.88   14.84    9.62   45.41  -15.95    8.21   17.94  152.78

F6     9.39   14.25    8.16   44.58  -31.14   12.03   33.38  158.88

F7     8.71   16.08    7.52   47.07  -47.55   18.76   51.11  158.48

F8     7.90   15.93    6.64   46.88  -53.89   22.10   58.25  157.70

F9    29.38   33.86   24.65   64.85  -12.03    5.77   13.34  154.39

F10   26.99   34.11   22.05   65.06  -22.28   10.98   24.83  153.76

F11   24.15   33.64   20.89   64.68  -32.57   12.64   34.94  158.79

F12   23.82   34.64   21.08   65.47  -37.43   13.62   39.83  160.01

F13   32.90   42.49   47.53   71.21  -26.54  -15.98   30.98  211.05

F14   36.28   26.44   37.47   58.45   40.04  -25.31   47.36  327.71

F15   51.53   53.82   16.64   78.35   -0.96   45.43   45.44   91.21

F16   14.67   15.34   11.58   46.08   -0.71    3.17    3.26  102.45

F17   32.59   24.88   12.16   56.96   33.81   20.20   39.39   30.85

F18   28.31   39.18   16.56   68.88  -33.51   29.28   44.50  138.85

F19   18.85   17.09   36.43   48.37   12.74  -41.24   43.16  287.15

F20   27.04   26.44   13.98   58.44    6.39   17.74   18.86   70.21

F21   34.00   31.91   12.84   63.27   11.53   29.14   31.34   68.42

F22   38.34   36.86   18.40   67.17    9.17   22.18   24.00   67.55

G1     2.65    3.10    2.57   20.42   -5.98   -0.10    5.99  180.99

G2     2.43    3.34    2.76   21.33  -14.20   -0.01   14.20  180.04

G3     2.15    3.34    2.93   21.33  -20.07   -1.29   20.12  183.67

G4     1.52    3.26    3.38   21.04  -34.18   -5.01   34.54  188.34

G5    12.01   14.69   12.14   45.21  -14.16    0.01   14.16  179.99

G6    10.12   14.69   12.76   45.22  -27.96   -1.75   28.01  183.58

G7     9.53   16.40   14.80   47.49  -42.51   -3.26   42.63  184.39

G8     8.11   15.53   14.12   46.35  -49.69   -3.51   49.82  184.04

G9    28.30   32.53   26.77   63.78  -11.62    0.18   11.62  179.14

G10   26.53   33.24   28.92   64.35  -21.17   -2.41   21.31  186.51

G11   24.85   35.10   30.78   65.83  -34.51   -2.84   34.63  184.70

G12   24.12   34.25   32.42   65.16  -34.78   -6.48   35.38  190.55

G13   29.47   39.71   47.11   69.26  -30.73  -18.84   36.05  211.51

G14   32.77   22.08   35.02   54.11   46.70  -29.35   55.15  327.85

G15   51.74   54.00   14.02   78.46   -0.86   52.14   52.15   90.94

G16   10.01   10.55    8.26   38.81   -1.21    1.64    2.05  126.37

G17   29.17   20.74    8.98   52.67   39.65   22.94   45.81   30.06

G18   24.47   35.90   13.47   66.44  -38.79   32.90   50.86  139.71

G19   14.76   12.71   34.00   42.33   16.10  -48.20   50.82  288.46

G20   34.99   34.42   16.38   65.29    6.23   23.53   24.35   75.17

G21   34.40   33.78   11.38   64.78    6.44   36.00   36.57   79.86

G22   41.99   40.22    3.78   69.62    9.91   76.05   76.69   82.57

H1     2.75    3.12    2.98   20.51   -4.60   -3.16    5.59  214.44

H2     2.67    3.36    4.16   21.41  -10.00   -9.40   13.73  223.24

H3     2.42    3.38    5.19   21.52  -15.28  -14.82   21.30  224.12

H4     1.99    3.20    6.12   20.84  -21.64  -20.48   29.80  223.43

H5     9.93   11.52   12.03   40.43   -8.90   -7.95   11.93  221.78

H6     9.22   11.71   15.73   40.75  -15.99  -17.20   23.49  227.10

H7     8.58   12.17   19.58   41.49  -24.54  -24.67   34.79  225.15

H8     8.22   12.69   23.67   42.29  -31.22  -31.35   44.24  225.11

H9    29.40   31.74   28.90   63.12   -4.53   -4.49    6.38  224.78

H10   28.57   32.57   32.89   63.81  -10.67   -9.52   14.31  221.76

H11   28.62   33.35   38.76   64.44  -13.18  -16.71   21.28  231.73

H12   26.58   32.29   42.08   63.58  -17.64  -22.51   28.60  231.93

H13   26.76   37.35   46.67   67.54  -33.91  -21.31   40.05  212.14

H14   29.63   18.55   32.60   50.16   52.25  -32.62   61.60  328.02

H15   51.42   53.41   11.22   78.12   -0.20   59.49   59.49   90.19

H16    6.81    7.18    5.64   32.21   -1.13    1.40    1.80  129.02

H17   26.30   17.52    6.26   48.91   44.44   27.30   52.16   31.56

H18   21.39   32.96   10.64   64.12  -42.71   37.15   56.60  138.98

H19   11.75    9.53   31.47   36.99   19.55  -53.62   57.07  290.03

H20   41.03   41.86   18.66   70.77    2.04   27.82   27.90   85.80

H21   33.41   34.72   22.35   65.53   -0.25   11.23   11.24   91.30

H22   36.46   39.17   13.46   68.88   -4.29   37.09   37.34   96.60

I1     4.49    4.68    5.97   25.80   -0.34  -11.18   11.19  268.25

I2     4.54    4.67    9.24   25.77    0.52  -24.35   24.35  271.23

I3     4.57    4.70   13.32   25.85    0.56  -36.68   36.69  270.89

I4     4.64    4.82   17.14   26.24   -0.21  -45.58   45.58  269.73

I5    14.19   14.57   15.20   45.03    0.89   -8.52    8.57  275.98

I6    14.30   14.69   19.85   45.22    0.79  -18.80   18.81  272.40

I7    14.89   15.15   25.94   45.83    1.73  -29.32   29.37  273.37

I8    14.99   15.44   30.96   46.24    0.57  -36.90   36.90  270.89

I9    31.67   32.74   29.74   63.95    0.38   -4.43    4.44  274.93

I10   30.18   31.28   32.09   62.74    0.06  -10.17   10.17  270.36

I11   30.91   31.96   36.54   63.31    0.34  -15.65   15.66  271.24

I12   29.75   30.19   42.69   61.82    2.44  -26.33   26.44  275.29

I13   23.52   34.44   46.18   65.31  -38.06  -24.56   45.30  212.84

I14   26.55   15.34   29.90   46.09   57.64  -35.49   67.69  328.38

I15   51.51   53.01    8.47   77.88    1.03   68.29   68.30   89.14

I16    4.16    4.34    3.47   24.75   -0.26    0.73    0.77  110.01

I17   23.29   14.36    3.77   44.76   49.51   33.30   59.67   33.92

I18   17.33   28.74    7.66   60.54  -47.82   41.46   63.29  139.07

I19    8.64    6.45   28.40   30.52   23.19  -59.90   64.24  291.16

I20   41.08   44.97   19.06   72.88   -6.87   30.58   31.34  102.67

I21   13.69   17.56    4.94   48.96  -19.11   33.74   38.78  119.52

I22   30.24   36.80   19.78   67.12  -18.60   19.14   26.68  134.19

J1     1.63    1.37    2.38   11.77    8.58  -13.49   15.98  302.46

J2     1.96    1.44    4.57   12.20   15.01  -27.56   31.38  298.57

J3     2.19    1.28    7.72   11.14   24.69  -43.94   50.40  299.34

J4     2.58    1.55   10.35   12.89   25.01  -50.25   56.13  296.46

J5     9.06    8.80   10.30   35.60    4.86  -10.94   11.97  293.94

J6    10.17    9.05   14.22   36.08   11.78  -21.45   24.47  298.78

J7    11.19    9.25   19.35   36.45   17.83  -32.85   37.37  298.50

J8    12.83   10.16   23.60   38.12   22.00  -38.41   44.26  299.79

J9    27.18   27.42   25.31   59.36    2.99   -4.88    5.72  301.51

J10   27.85   27.47   29.53   59.40    5.49  -11.94   13.15  294.72

J11   29.56   27.96   33.63   59.85   10.22  -17.45   20.23  300.35

J12   30.78   28.40   39.38   60.24   13.06  -24.78   28.01  297.78

J13   21.99   33.00   46.23   64.16  -40.05  -26.60   48.08  213.58

J14   23.56   12.50   27.09   42.00   62.58  -37.90   73.17  328.79

J15   51.72   52.88    7.07   77.80    1.93   73.60   73.63   88.50

J16    2.27    2.43    1.93   17.58   -1.46    0.64    1.60  156.16

J17   20.40   11.60    2.45   40.57   54.10   35.71   64.82   33.43

J18   15.06   26.13    6.07   58.17  -50.40   44.12   66.99  138.80

J19    6.54    4.24   24.98   24.44   29.59  -64.51   70.97  294.64

J20   31.08   38.24   25.25   68.19  -20.09   10.44   22.64  152.53

J21    4.77    8.59    1.71   35.18  -37.16   33.28   49.89  138.15

J22    1.21    2.28    0.87   16.92  -25.88   13.01   28.97  153.30

K1     2.67    2.30    2.61   16.98    9.11   -6.35   11.11  325.20

K2     3.22    2.22    3.47   16.57   20.75  -13.33   24.67  327.29

K3     3.99    2.30    4.86   16.99   30.66  -20.90   37.11  325.73

K4     4.85    2.47    6.48   17.81   38.75  -27.30   47.40  324.85

K5     7.70    6.75    7.44   31.23   11.77   -8.24   14.37  325.04

K6     8.81    6.04   10.07   29.51   29.00  -20.69   35.63  324.48

K7    10.86    6.50   13.34   30.64   40.46  -28.49   49.48  324.85

K8    12.95    7.38   16.79   32.65   46.37  -33.70   57.33  323.99

K9    24.72   23.58   21.92   55.67    8.72   -4.95   10.03  330.41

K10   26.42   23.46   25.15   55.54   16.35  -11.18   19.81  325.60

K11   29.08   23.39   29.90   55.47   27.20  -19.31   33.36  324.64

K12   32.67   25.05   36.06   57.11   33.40  -25.65   42.11  322.48

K13   20.19   31.14   45.58   62.62  -42.00  -28.49   50.74  214.15

K14   20.64   10.10   23.99   38.03   66.19  -39.28   76.97  329.32

K15   49.59   51.62    5.89   77.06   -0.51   77.53   77.54   90.38

K16    0.88    0.97    0.85    8.69   -1.90   -0.88    2.10  204.92

K17   16.86    8.87    1.42   35.74   56.61   37.51   67.92   33.53

K18   12.69   23.30    4.81   55.38  -53.30   45.56   70.11  139.48

K19    4.75    2.56   21.19   18.20   35.87  -68.12   76.99  297.77

K20    3.66    4.62    3.12   25.63  -11.53    4.65   12.44  158.05

K21    2.09    2.74    2.39   18.98  -11.35   -1.12   11.41  185.64

K22    2.55    3.11    3.86   20.47   -8.32   -9.12   12.35  227.68

L1     2.80    2.42    2.24   17.56    8.97   -2.16    9.23  346.46

L2     3.35    2.35    2.36   17.19   19.98   -3.95   20.36  348.82

L3     3.96    2.37    2.56   17.31   28.86   -5.40   29.37  349.40

L4     4.97    2.51    3.44   17.97   39.68  -10.74   41.11  344.85

L5     7.99    6.77    6.00   31.28   14.15   -1.94   14.28  352.16

L6     9.76    6.64    6.73   30.96   30.55   -5.72   31.08  349.39

L7    11.67    6.52    7.42   30.70   46.01   -9.03   46.90  348.89

L8    13.60    7.36    8.14   32.60   50.78   -8.56   51.50  350.43

L9    24.88   23.65   19.63   55.73    9.10   -0.20    9.10  358.73

L10   27.67   24.16   20.81   56.25   18.36   -1.74   18.44  354.57

L11   29.53   23.72   22.27   55.81   27.51   -5.40   28.03  348.90

L12   31.12   24.05   23.14   56.13   32.06   -6.47   32.71  348.58

L13   16.74   27.07   44.19   59.04  -44.49  -32.97   55.38  216.55

L14   13.83    5.73   15.52   28.73   68.90  -37.42   78.40  331.49

L15   49.85   50.86    4.00   76.60    2.17   86.81   86.83   88.57

L16    0.38    0.30    0.38    2.63    3.80   -2.60    4.60  325.60

L17   11.04    4.96    0.38   26.62   59.06   38.80   70.67   33.30

L18    8.77   17.99    2.93   49.48  -57.43   47.21   74.34  140.58

L19    2.09    0.64   11.21    5.84   45.11  -65.13   79.23  304.71

L20    1.12    1.27    1.53   11.03   -3.20   -6.25    7.03  242.82

L21    1.58    1.43    1.59   12.16    5.41   -5.04    7.40  317.04

L22    3.30    2.62    2.20   18.48   13.78   -0.31   13.78  358.70

GS0    57.83   58.89   49.12   81.24    2.55   -0.54    2.62  348.23

GS1    57.52   58.85   46.96   81.21    1.88    1.94    2.72   45.60

GS2    52.56   54.92   44.49   79.00   -1.02    1.07    1.48  133.89

GS3    46.08   48.28   37.99   75.00   -1.33    2.53    2.86  117.99

GS4    39.52   41.17   33.19   70.29   -0.58    1.21    1.34  115.37

GS5    33.29   34.78   27.47   65.58   -0.87    2.10    2.28  112.57

GS6    29.20   30.35   23.92   61.96   -0.24    2.08    2.11   96.41

GS7    24.51   25.51   20.26   57.58   -0.43    1.66    1.73  104.14

GS8    21.47   22.56   18.08   54.62   -1.37    1.23    1.84  138.02

GS9    17.89   18.85   14.83   50.50   -1.49    1.84    2.37  129.15

GS10   14.72   15.40   12.13   46.17   -0.77    1.69    1.86  114.34

GS11   12.38   13.06   10.38   42.85   -1.44    1.30    1.94  138.04

GS12   10.03   10.55    8.53   38.82   -1.09    0.68    1.28  147.88

GS13    8.30    8.75    7.11   35.50   -1.23    0.48    1.32  158.90

GS14    6.12    6.49    5.19   30.63   -1.49    0.90    1.74  148.74

GS15    4.49    4.69    3.77   25.84   -0.55    0.66    0.87  129.10

GS16    3.61    3.76    3.04   22.85   -0.29    0.44    0.53  123.07

GS17    2.67    2.83    2.34   19.34   -1.07   -0.04    1.07  182.86

GS18    1.78    1.89    1.57   14.93   -1.24   -0.02    1.25  181.75

GS19    1.17    1.26    1.08   10.99   -1.19   -0.61    1.35  207.73

GS20    0.75    0.82    0.68    7.40   -1.34    0.08    1.34  176.57

GS21    0.56    0.62    0.51    5.60   -1.77    0.06    1.77  178.14

GS22    0.35    0.38    0.31    3.43   -0.87    0.12    0.88  172.61

GS23    0.08    0.08    0.16    0.65    0.34   -1.87    1.89  280.41

END_DATA


