IT8.7/1

ORIGINATOR "FotoTune"

DESCRIPTOR "Agfa IT8"

MATERIAL "AgfachromeRS100Plus"

MANUFACTURER "Agfa"

CREATED "Wed May  5 11:41:18 1999"

PROD_DATE "1999:05"

SERIAL "4x5 bs0401xx"

NUMBER_OF_FIELDS 9

BEGIN_DATA_FORMAT

SAMPLE_ID XYZ_X XYZ_Y XYZ_Z LAB_L LAB_A LAB_B LAB_C LAB_H

END_DATA_FORMAT

NUMBER_OF_SETS 288

BEGIN_DATA

A1     2.19    1.88    1.35   14.84    8.61    2.51    8.98   16.20

A2     2.71    1.85    1.12   14.66   19.83    5.20   20.50   14.72

A3     3.18    1.86    1.00   14.72   27.90    7.03   28.76   14.13

A4     4.07    2.05    0.98   15.73   37.22    9.11   38.32   13.76

A5     9.57    8.24    5.84   34.49   13.89    4.39   14.57   17.51

A6    11.17    8.00    4.90   33.99   28.33    8.20   29.49   16.16

A7    12.99    8.01    4.35   33.99   40.81   11.25   42.33   15.41

A8    15.71    8.81    4.29   35.60   50.66   14.34   52.65   15.81

A9    28.47   27.67   21.77   59.60    7.07    2.11    7.39   16.57

A10   30.60   27.68   20.26   59.60   15.18    5.16   16.03   18.76

A11   33.28   28.47   20.19   60.31   21.80    6.53   22.76   16.68

A12   34.50   28.72   18.92   60.53   25.10    9.59   26.86   20.90

A13   57.32   59.28   50.54   81.44    0.39   -1.77    1.82  282.58

A14   58.08   58.67   50.00   81.11    3.71   -1.75    4.11  334.80

A15   58.44   59.81   47.36   81.74    1.87    2.36    3.02   51.57

A16   58.85   60.06   49.43   81.88    2.24    0.23    2.25    5.79

A17   58.08   58.96   47.33   81.26    2.99    1.59    3.38   28.05

A18   57.19   59.40   47.69   81.51   -0.20    1.60    1.61   97.27

A19   57.61   59.11   50.78   81.35    1.48   -2.19    2.64  304.13

A20    2.03    1.36    0.61   11.67   18.85    8.78   20.80   24.99

A21    5.95    3.34    0.55   21.35   36.57   26.62   45.24   36.06

A22   10.38    5.13    0.44   27.10   52.07   38.44   64.72   36.44

B1     3.20    2.84    1.63   19.36    8.15    6.84   10.64   39.96

B2     3.66    2.78    1.06   19.15   16.49   13.81   21.51   39.94

B3     4.10    2.73    0.65   18.93   23.97   20.33   31.44   40.31

B4     4.51    2.70    0.42   18.81   30.12   24.44   38.79   39.06

B5    12.26   10.94    6.45   39.48   12.32   10.18   15.98   39.56

B6    13.55   10.43    4.03   38.61   24.59   21.06   32.38   40.58

B7    15.45   10.27    2.59   38.33   37.39   30.69   48.36   39.38

B8    17.99   11.52    2.32   40.44   42.42   36.56   56.00   40.76

B9    34.26   34.34   24.93   65.23    4.02    5.91    7.15   55.74

B10   34.98   33.14   22.21   64.28   10.59    9.32   14.10   41.32

B11   37.24   33.85   20.42   64.85   15.63   13.90   20.92   41.64

B12   38.61   34.30   19.11   65.20   18.52   17.22   25.29   42.93

B13   52.85   56.99   50.80   80.18   -5.38   -4.25    6.86  218.34

B14   54.04   51.44   48.44   76.94   11.61   -7.15   13.64  328.35

B15   57.71   59.51   41.64   81.57    0.77    9.07    9.10   85.11

B16   50.69   52.81   43.17   77.76   -0.61    0.58    0.84  136.73

B17   52.85   51.04   39.92   76.71    9.59    2.90   10.01   16.84

B18   51.97   56.78   42.15   80.06   -7.13    5.81    9.19  140.84

B19   49.29   49.71   49.14   75.89    3.71   -9.77   10.44  290.79

B20    4.08    2.70    0.78   18.77   24.40   17.64   30.10   35.85

B21    9.57    4.86    0.55   26.34   48.94   35.19   60.28   35.72

B22   31.90   27.97   16.27   59.85   18.83   14.42   23.72   37.42

C1     5.90    5.72    3.06   28.70    4.43   10.40   11.31   66.98

C2     6.08    5.57    1.96   28.31    8.05   18.90   20.53   66.94

C3     6.55    5.61    1.02   28.39   12.77   30.32   32.90   67.17

C4     7.84    6.35    0.79   30.30   17.03   37.38   41.08   65.50

C5    22.72   21.90   10.76   53.92    7.45   19.17   20.56   68.78

C6    24.30   21.81    6.18   53.83   14.84   36.12   39.05   67.67

C7    26.64   22.26    3.17   54.29   22.64   53.72   58.29   67.15

C8    26.94   21.88    2.55   53.90   25.58   57.77   63.18   66.12

C9    39.47   40.29   27.94   69.68    1.94    8.37    8.60   76.94

C10   41.12   41.00   24.98   70.18    4.91   14.34   15.16   71.07

C11   43.02   41.79   20.61   70.72    8.23   23.63   25.03   70.81

C12   43.36   41.46   19.19   70.50   10.24   26.19   28.12   68.63

C13   46.78   53.24   50.58   78.01  -12.33   -7.74   14.57  212.10

C14   49.77   44.44   46.48   72.53   19.49  -12.48   23.15  327.37

C15   56.48   58.83   33.51   81.20   -0.60   19.53   19.55   91.76

C16   37.26   38.51   31.20   68.39    0.44    0.94    1.06   61.79

C17   47.45   43.61   30.98   71.97   15.57    7.45   17.26   25.58

C18   44.56   52.08   33.89   77.32  -15.72   12.29   19.95  141.98

C19   39.58   39.51   46.86   69.12    4.72  -18.81   19.39  284.09

C20    2.62    2.18    0.89   16.37   10.83   11.70   15.94   47.21

C21   25.90   20.20    7.52   52.07   29.17   27.40   40.01   43.21

C22   37.11   34.96   22.30   65.71   11.49   11.63   16.35   45.35

D1     4.07    4.30    2.31   24.65   -1.06    9.43    9.49   96.47

D2     4.06    4.28    1.53   24.56   -0.92   17.02   17.05   93.11

D3     3.79    4.09    0.84   23.95   -2.20   25.63   25.73   94.91

D4     4.32    4.60    0.81   25.56   -1.60   28.74   28.78   93.17

D5    17.63   18.57    9.24   50.18   -1.49   17.76   17.82   94.82

D6    16.92   17.74    4.95   49.17   -1.00   34.12   34.13   91.69

D7    17.28   18.44    2.34   50.02   -2.70   52.92   52.99   92.92

D8    16.44   17.55    1.85   48.94   -2.66   55.62   55.68   92.74

D9    48.78   51.24   26.03   76.83   -1.74   23.95   24.01   94.15

D10   48.29   51.21   15.24   76.80   -2.95   46.16   46.26   93.67

D11   46.69   49.37    7.13   75.68   -2.52   69.69   69.74   92.07

D12   45.85   49.22    8.18   75.58   -4.52   65.39   65.55   93.96

D13   42.35   50.19   50.41   76.19  -17.32  -10.69   20.35  211.69

D14   45.75   38.31   44.42   68.25   26.82  -17.38   31.95  327.07

D15   55.42   57.97   26.72   80.72   -1.17   29.48   29.50   92.28

D16   30.37   31.56   26.01   62.97   -0.20    0.10    0.38  166.68

D17   42.60   37.11   23.33   67.36   21.52   12.51   24.90   30.16

D18   39.24   48.38   27.16   75.06  -21.97   18.97   29.03  139.21

D19   32.02   31.18   44.22   62.67    7.15  -26.74   27.69  284.96

D20   17.26   13.62    4.89   43.68   24.52   24.97   35.00   45.51

D21   25.68   24.80   15.75   56.88    7.56   10.55   12.98   54.36

D22   43.26   42.75   26.89   71.38    6.12   13.09   14.44   64.90

E1     5.30    5.95    3.24   29.27   -5.03   10.10   11.30  116.54

E2     4.57    5.70    1.91   28.64  -11.52   19.99   23.08  119.96

E3     4.48    5.93    1.23   29.22  -15.14   28.78   32.51  117.74

E4     4.44    6.26    1.07   30.08  -19.35   32.47   37.81  120.79

E5    24.01   26.86   14.62   58.85   -8.09   16.76   18.61  115.81

E6    23.25   28.68    9.29   60.49  -18.50   35.36   39.91  117.62

E7    20.68   28.22    5.21   60.08  -28.64   51.58   59.00  119.04

E8    19.47   28.11    4.54   59.99  -34.24   54.99   64.78  121.91

E9    45.10   49.42   33.49   75.71   -7.20   10.11   12.42  125.49

E10   43.72   49.81   26.89   75.96  -12.23   20.97   24.28  120.25

E11   40.78   48.24   20.70   74.98  -16.83   30.78   35.08  118.68

E12   39.62   47.58   19.66   74.56  -18.61   32.19   37.19  120.04

E13   38.69   47.50   50.07   74.51  -21.32  -13.20   25.08  211.78

E14   41.89   32.84   42.31   64.03   33.72  -22.03   40.28  326.84

E15   55.02   57.62   22.58   80.53   -1.36   36.65   36.67   92.13

E16   21.19   22.16   18.38   54.19   -0.83   -0.17    0.91  191.40

E17   38.14   31.23   18.18   62.69   27.81   14.93   31.57   28.24

E18   34.78   44.94   22.39   72.85  -27.07   23.77   36.03  138.71

E19   26.16   24.50   41.61   56.58   10.81  -33.98   35.65  287.65

E20   23.99   16.94    1.68   48.18   37.85   55.99   67.58   55.94

E21   21.42   17.98    4.45   49.47   20.59   37.34   42.64   61.13

E22   32.58   28.88   11.02   60.67   17.78   30.01   34.89   59.36

F1     3.39    4.11    2.84   24.02   -8.67    3.99    9.57  155.36

F2     3.27    4.74    2.76   25.99  -19.09    8.01   20.71  157.24

F3     2.63    4.55    2.34   25.42  -28.03   10.49   29.93  159.49

F4     2.21    4.39    2.18   24.90  -34.28   10.94   35.98  162.29

F5    11.69   14.66    9.84   45.18  -16.24    7.06   17.72  156.51

F6     9.27   14.18    8.28   44.49  -31.69   11.39   33.68  160.24

F7     8.74   16.28    7.75   47.34  -48.45   18.32   51.80  159.29

F8     7.77   15.80    6.60   46.71  -54.25   22.00   58.54  157.92

F9    30.57   35.31   26.89   65.99  -12.47    3.79   13.03  163.10

F10   28.15   35.63   23.99   66.24  -22.81    9.35   24.65  157.71

F11   25.19   35.10   22.68   65.82  -33.04   11.10   34.86  161.45

F12   24.78   35.92   22.77   66.46  -37.53   12.00   39.39  162.26

F13   34.46   44.26   49.71   72.40  -26.22  -16.42   30.94  212.05

F14   38.22   28.00   39.98   59.89   40.18  -26.19   47.96  326.91

F15   54.35   56.90   18.39   80.12   -1.27   44.52   44.54   91.64

F16   15.42   16.09   12.62   47.10   -0.57    1.86    1.94  107.56

F17   34.06   26.17   13.44   58.20   33.60   18.74   38.47   29.15

F18   29.71   40.78   18.03   70.02  -33.08   27.90   43.28  139.86

F19   20.20   18.35   38.74   49.93   12.81  -41.71   43.64  287.07

F20   29.30   28.72   15.57   60.53    6.26   17.30   18.40   70.08

F21   36.46   34.40   14.18   65.27   11.19   29.00   31.08   68.90

F22   41.43   40.09   20.76   69.53    8.59   21.26   22.92   67.99

G1     2.43    2.86    2.43   19.45   -6.14   -0.66    6.19  186.04

G2     2.24    3.08    2.61   20.35  -14.11   -0.56   14.14  182.26

G3     1.98    3.08    2.76   20.35  -19.90   -1.78   19.98  185.11

G4     1.41    3.03    3.19   20.19  -33.53   -5.25   33.93  188.89

G5    11.72   14.35   12.43   44.74  -14.17   -1.63   14.27  186.52

G6    10.08   14.68   13.22   45.19  -28.26   -3.08   28.42  186.21

G7     9.75   16.81   15.85   48.01  -42.99   -4.97   43.28  186.58

G8     8.24   15.78   14.92   46.69  -50.01   -4.96   50.26  185.67

G9    29.69   34.15   29.23   65.09  -11.87   -1.64   11.99  187.88

G10   27.78   34.82   31.44   65.61  -21.55   -4.22   21.96  191.08

G11   25.90   36.46   33.36   66.86  -34.56   -4.96   34.92  188.16

G12   25.49   36.00   35.22   66.52  -34.79   -8.25   35.76  193.34

G13   30.72   41.17   49.35   70.30  -30.51  -19.65   36.29  212.79

G14   34.49   23.33   37.39   55.41   47.07  -30.42   56.04  327.13

G15   54.03   56.39   15.02   79.83   -0.88   51.93   51.94   90.97

G16   10.34   10.87    8.80   39.36   -1.12    0.64    1.29  150.02

G17   30.01   21.41    9.57   53.40   39.72   22.17   45.49   29.17

G18   25.20   36.79   14.27   67.12  -38.58   31.95   50.10  140.38

G19   15.57   13.40   35.66   43.35   16.42  -48.82   51.50  288.60

G20   37.99   37.53   18.23   67.67    5.89   23.40   24.13   75.88

G21   37.12   36.60   12.35   66.98    6.11   36.90   37.41   80.60

G22   44.56   42.83    3.87   71.44    9.65   78.69   79.29   83.01

H1     2.52    2.88    2.82   19.57   -4.87   -3.55    6.03  215.90

H2     2.49    3.12    4.04   20.54   -9.90  -10.12   14.16  225.60

H3     2.30    3.20    5.17   20.82  -14.91  -15.93   21.83  226.87

H4     1.90    3.03    6.05   20.17  -20.75  -21.31   29.74  225.75

H5     9.74   11.27   12.41   40.03   -8.65   -9.70   13.01  228.24

H6     9.16   11.60   16.37   40.58  -15.73  -19.03   24.69  230.43

H7     8.74   12.30   20.78   41.68  -24.07  -26.81   36.03  228.08

H8     8.37   12.80   24.81   42.47  -30.62  -33.11   45.10  227.24

H9    30.69   33.16   31.38   64.29   -4.68   -6.41    7.94  233.83

H10   30.76   35.10   36.17   65.82  -11.07  -10.79   15.46  224.29

H11   30.63   35.81   41.91   66.38  -13.90  -17.49   22.35  231.53

H12   28.60   34.94   45.17   65.71  -18.72  -22.67   29.40  230.46

H13   28.08   38.90   49.16   68.68  -33.59  -22.22   40.28  213.49

H14   31.24   19.66   34.80   51.45   52.66  -33.62   62.48  327.45

H15   53.78   55.85   12.00   79.52   -0.18   59.56   59.56   90.18

H16    6.97    7.35    5.89   32.58   -1.11    0.85    1.40  142.96

H17   26.90   17.97    6.60   49.46   44.57   26.71   51.96   30.94

H18   21.92   33.61   11.10   64.65  -42.54   36.63   56.14  139.26

H19   12.32    9.93   32.97   37.73   20.23  -54.60   58.22  290.33

H20   44.28   45.36   20.61   73.12    1.57   27.76   27.80   86.78

H21   36.50   38.03   25.03   68.04   -0.58   10.57   10.59   93.14

H22   39.40   42.46   14.75   71.18   -4.77   37.68   37.99   97.21

I1     4.27    4.45    5.94   25.11   -0.30  -12.31   12.32  268.62

I2     4.43    4.51    9.49   25.29    1.04  -26.03   26.05  272.28

I3     4.59    4.60   14.03   25.57    1.93  -39.09   39.14  272.84

I4     4.69    4.75   17.92   26.01    1.50  -47.72   47.75  271.80

I5    14.22   14.53   15.99   44.99    1.25  -10.52   10.60  276.79

I6    14.43   14.76   21.00   45.30    1.26  -20.99   21.03  273.43

I7    15.21   15.34   27.58   46.09    2.50  -31.68   31.78  274.52

I8    15.43   15.80   32.81   46.70    1.18  -38.90   38.92  271.74

I9    33.90   35.10   32.89   65.82    0.21   -6.06    6.07  271.99

I10   32.18   33.39   35.10   64.47   -0.06  -11.61   11.61  269.70

I11   33.39   34.62   39.92   65.44    0.03  -16.51   16.51  270.10

I12   31.87   32.51   45.22   63.76    1.90  -26.08   26.15  274.17

I13   24.48   35.53   48.31   66.16  -37.56  -25.60   45.45  214.29

I14   27.65   15.99   31.65   46.96   58.38  -36.71   68.96  327.84

I15   53.38   54.90    8.86   78.99    1.12   68.75   68.76   89.06

I16    4.18    4.34    3.50   24.75   -0.01    0.55    0.55   91.51

I17   23.62   14.58    3.84   45.05   49.68   33.32   59.82   33.85

I18   17.49   28.94    7.80   60.74  -47.75   41.22   63.08  139.20

I19    8.96    6.65   29.55   31.00   23.85  -60.93   65.43  291.39

I20   44.22   48.52   21.11   75.15   -7.31   30.23   31.10  103.57

I21   14.42   18.58    5.10   50.18  -19.90   35.06   40.31  119.57

I22   32.47   39.51   21.72   69.12  -19.05   18.64   26.65  135.64

J1     1.50    1.27    2.27   11.07    8.02  -13.67   15.85  300.42

J2     1.83    1.33    4.43   11.48   14.97  -28.00   31.75  298.11

J3     2.13    1.21    7.76   10.65   25.39  -44.97   51.64  299.45

J4     2.57    1.50   10.57   12.56   26.16  -51.56   57.82  296.90

J5     8.98    8.68   10.77   35.36    5.30  -12.84   13.89  292.45

J6    10.30    9.07   15.15   36.10   12.65  -23.79   26.94  298.02

J7    11.49    9.35   20.81   36.65   19.07  -35.51   40.31  298.23

J8    13.24   10.33   25.26   38.43   23.31  -40.88   47.06  299.70

J9    28.71   28.92   27.92   60.71    3.24   -7.06    7.76  294.62

J10   29.74   29.33   32.36   61.07    5.60  -13.46   14.57  292.59

J11   31.28   29.53   36.29   61.25   10.61  -18.86   21.64  299.37

J12   32.93   30.46   42.12   62.05   13.05  -25.19   28.38  297.37

J13   22.68   33.75   48.01   64.76  -39.47  -27.65   48.19  215.00

J14   24.33   12.90   28.49   42.62   63.31  -39.17   74.44  328.25

J15   53.46   54.58    7.31   78.80    2.12   74.34   74.37   88.37

J16    2.24    2.38    1.90   17.37   -1.16    0.58    1.31  153.10

J17   20.51   11.66    2.41   40.66   54.27   36.09   65.18   33.62

J18   15.03   26.09    6.05   58.13  -50.40   44.15   67.01  138.79

J19    6.68    4.28   25.70   24.60   30.36  -65.51   72.21  294.87

J20   33.44   41.15   28.25   70.28  -20.60    8.91   22.44  156.62

J21    4.82    8.77    1.71   35.53  -37.89   34.03   50.92  138.07

J22    1.13    2.16    0.81   16.27  -25.31   12.90   28.40  153.01

K1     2.48    2.14    2.45   16.23    8.67   -6.32   10.74  323.96

K2     2.99    2.05    3.29   15.73   20.39  -13.59   24.51  326.30

K3     3.77    2.16    4.76   16.30   30.53  -21.59   37.40  324.74

K4     4.70    2.38    6.60   17.34   38.90  -28.60   48.29  323.68

K5     7.43    6.47    7.45   30.57   12.06   -9.41   15.31  322.05

K6     8.68    5.89   10.36   29.13   29.57  -22.31   37.03  322.97

K7    10.99    6.50   14.05   30.65   41.37  -30.39   51.33  323.70

K8    13.12    7.39   17.60   32.68   47.39  -35.53   59.24  323.15

K9    25.47   24.24   23.60   56.33    9.06   -7.03   11.48  322.23

K10   27.41   24.24   27.11   56.33   16.99  -13.24   21.55  322.07

K11   30.24   24.18   32.06   56.26   28.24  -21.27   35.36  323.01

K12   34.03   26.01   38.10   58.04   34.18  -26.85   43.46  321.85

K13   20.73   31.69   47.40   63.08  -41.35  -29.84   50.99  215.82

K14   21.19   10.36   25.08   38.49   66.90  -40.48   78.18  328.83

K15   51.07   52.86    5.90   77.79    0.28   78.71   78.71   89.79

K16    0.86    0.92    0.80    8.32   -1.37   -0.62    1.50  204.68

K17   16.92    8.88    1.36   35.75   56.82   38.41   68.58   34.06

K18   12.57   23.09    4.68   55.17  -53.24   45.90   70.29  139.23

K19    4.81    2.55   21.56   18.14   36.83  -68.94   78.17  298.11

K20    3.59    4.57    3.05   25.47  -11.75    4.90   12.73  157.35

K21    2.00    2.62    2.28   18.47  -11.26   -0.94   11.30  184.77

K22    2.43    2.97    3.74   19.94   -8.17   -9.34   12.41  228.79

L1     2.60    2.26    2.08   16.80    8.56   -2.07    8.82  346.43

L2     3.12    2.19    2.22   16.44   19.57   -4.03   19.99  348.35

L3     3.74    2.24    2.48   16.67   28.45   -5.81   29.05  348.47

L4     4.74    2.38    3.38   17.37   39.42  -11.34   41.02  343.94

L5     7.78    6.59    6.05   30.85   14.16   -2.88   14.47  348.51

L6     9.62    6.49    6.74   30.63   30.90   -6.32   31.55  348.45

L7    11.61    6.45    7.62   30.52   46.40  -10.18   47.51  347.63

L8    13.59    7.30    8.45   32.49   51.18   -9.95   52.14  348.99

L9    25.17   23.89   20.81   55.98    9.31   -2.20    9.57  346.68

L10   28.40   24.73   22.46   56.81   18.82   -4.01   19.24  347.95

L11   30.58   24.49   24.17   56.58   28.16   -7.64   29.17  344.83

L12   32.23   24.84   25.01   56.92   32.69   -8.57   33.79  345.31

L13   17.17   27.45   45.61   59.40  -43.74  -34.08   55.44  217.92

L14   13.91    5.74   15.88   28.75   69.35  -38.25   79.20  331.12

L15   50.94   51.67    3.93   77.08    2.98   88.02   88.07   88.06

L16    0.36    0.27    0.35    2.47    3.80   -2.31    4.44  328.66

L17   10.89    4.88    0.36   26.40   58.88   38.78   70.51   33.38

L18    8.66   17.78    2.84   49.23  -57.24   47.42   74.33  140.35

L19    2.09    0.64   11.25    5.77   45.59  -65.37   79.69  304.90

L20    1.07    1.21    1.45   10.64   -3.35   -5.98    6.86  240.71

L21    1.47    1.34    1.48   11.57    5.24   -4.82    7.13  317.36

L22    3.14    2.49    2.08   17.85   13.73   -0.21   13.73  359.14

GS0    57.78   58.71   49.65   81.13    2.85   -1.32    3.14  335.12

GS1    57.88   59.13   47.86   81.36    2.11    1.14    2.41   28.01

GS2    52.78   55.06   45.29   79.07   -0.80    0.23    0.86  163.01

GS3    46.37   48.56   38.99   75.17   -1.25    1.47    1.97  131.58

GS4    40.07   41.68   34.58   70.65   -0.39   -0.20    0.52  180.43

GS5    33.78   35.24   29.01   65.94   -0.74    0.18    0.96  166.51

GS6    29.49   30.65   25.02   62.21   -0.22    0.54    0.73  136.18

GS7    24.77   25.78   21.40   57.83   -0.39   -0.19    0.76  180.66

GS8    21.76   22.87   19.14   54.94   -1.40   -0.53    1.54  198.46

GS9    18.13   19.11   15.76   50.82   -1.57    0.09    1.60  176.00

GS10   14.75   15.41   12.63   46.20   -0.68    0.31    0.81  153.92

GS11   12.27   12.93   10.61   42.67   -1.35    0.24    1.45  168.35

GS12   10.00   10.51    8.75   38.73   -1.01   -0.25    1.06  192.39

GS13    8.17    8.60    7.18   35.18   -1.04   -0.31    1.08  197.15

GS14    5.98    6.33    5.15   30.23   -1.41    0.38    1.47  164.79

GS15    4.35    4.55    3.70   25.40   -0.48    0.35    0.60  143.36

GS16    3.50    3.65    2.99   22.49   -0.31    0.21    0.38  142.85

GS17    2.55    2.70    2.23   18.82   -1.16    0.00    1.17  180.49

GS18    1.67    1.78    1.46   14.32   -1.29    0.23    1.32  170.64

GS19    1.09    1.16    0.98   10.29   -1.25   -0.26    1.27  192.33

GS20    0.68    0.75    0.60    6.70   -1.29    0.31    1.33  167.67

GS21    0.50    0.57    0.46    5.15   -1.74    0.17    1.76  174.71

GS22    0.31    0.34    0.28    3.09   -0.79    0.03    0.79  178.29

GS23    0.07    0.06    0.15    0.58    0.33   -1.68    1.72  281.22

END_DATA


