IT8.7/1

ORIGINATOR "FotoTune"

DESCRIPTOR "Agfa IT8"

MATERIAL "AgfachromeRS100Plus"

MANUFACTURER "Agfa"

CREATED "Thu Sep 16 16:09:22 1999"

PROD_DATE "1999:09"

SERIAL "4x5 bs0604xx"

NUMBER_OF_FIELDS 9

BEGIN_DATA_FORMAT

SAMPLE_ID XYZ_X XYZ_Y XYZ_Z LAB_L LAB_A LAB_B LAB_C LAB_H

END_DATA_FORMAT

NUMBER_OF_SETS 288

BEGIN_DATA

A1     2.15    1.81    1.23   14.47    9.38    3.36    9.95   19.67

A2     2.69    1.81    1.00   14.48   20.35    6.59   21.38   17.95

A3     3.22    1.87    0.90   14.80   28.12    8.73   29.44   17.24

A4     4.18    2.12    0.87   16.14   37.12   11.63   38.90   17.40

A5     9.26    7.87    5.26   33.71   14.71    5.87   15.84   21.74

A6    10.94    7.69    4.34   33.33   29.42   10.17   31.13   19.08

A7    12.64    7.69    3.73   33.33   41.32   13.83   43.57   18.50

A8    15.28    8.51    3.67   35.02   50.69   17.12   53.50   18.66

A9    26.42   25.33   19.02   57.40    8.35    3.96    9.25   25.34

A10   28.70   25.61   17.88   57.67   16.31    6.95   17.73   23.06

A11   31.10   26.15   17.56   58.18   23.19    8.53   24.70   20.20

A12   32.58   26.68   16.67   58.67   26.36   11.44   28.74   23.47

A13   54.38   56.01   46.94   79.61    0.95   -0.79    1.24  320.34

A14   55.58   55.79   46.82   79.49    4.49   -0.86    4.57  349.20

A15   56.02   57.09   44.21   80.22    2.42    3.54    4.30   55.62

A16   56.52   57.47   46.23   80.43    2.77    1.46    3.13   27.90

A17   55.54   56.10   43.97   79.67    3.63    2.87    4.63   38.32

A18   54.64   56.57   44.30   79.94    0.22    2.93    2.94   85.70

A19   54.51   55.71   47.25   79.44    2.04   -1.46    2.51  324.46

A20    1.91    1.25    0.51   10.93   19.15    9.15   21.22   25.56

A21    5.83    3.24    0.46   20.99   36.80   27.52   45.95   36.79

A22   10.55    5.24    0.39   27.40   52.04   39.81   65.51   37.41

B1     3.14    2.74    1.49   18.96    8.99    7.88   11.94   41.22

B2     3.61    2.69    0.94   18.76   17.34   14.93   22.89   40.73

B3     4.06    2.65    0.57   18.61   24.70   21.32   32.63   40.79

B4     4.62    2.74    0.38   18.97   30.82   25.47   39.97   39.56

B5    11.94   10.48    5.78   38.69   13.51   11.90   17.99   41.37

B6    13.34   10.06    3.51   37.94   26.14   23.17   34.94   41.56

B7    15.26    9.99    2.22   37.83   38.44   32.92   50.61   40.58

B8    17.68   11.16    2.03   39.84   43.37   38.15   57.76   41.33

B9    32.67   32.39   22.37   63.67    5.19    7.96    9.50   56.89

B10   32.53   30.42   19.42   62.01   11.82   11.08   16.20   43.13

B11   35.08   31.46   17.83   62.89   16.88   16.06   23.30   43.58

B12   36.56   31.97   16.91   63.31   20.02   18.89   27.52   43.33

B13   50.15   53.93   47.49   78.41   -4.89   -3.49    6.01  215.61

B14   51.17   48.11   45.06   74.89   13.01   -6.70   14.65  332.74

B15   55.33   56.83   38.24   80.07    1.35   10.97   11.05   83.01

B16   47.89   49.52   39.43   75.76    0.38    1.94    1.99   78.70

B17   50.25   48.03   36.43   74.83   10.79    4.40   11.66   22.22

B18   49.31   53.78   38.40   78.33   -6.79    7.72   10.28  131.33

B19   45.92   45.86   45.36   73.44    4.89   -9.55   10.73  297.08

B20    3.83    2.47    0.65   17.79   24.88   18.42   30.96   36.52

B21    9.61    4.89    0.47   26.41   48.97   36.65   61.17   36.81

B22   29.92   25.78   13.79   57.82   20.23   17.17   26.53   40.33

C1     5.78    5.51    2.79   28.13    5.35   11.47   12.65   64.99

C2     5.91    5.33    1.76   27.65    9.05   19.81   21.78   65.46

C3     6.48    5.44    0.93   27.94   13.85   30.92   33.88   65.87

C4     7.92    6.31    0.74   30.17   18.30   38.11   42.28   64.35

C5    22.24   21.12    9.69   53.07    8.88   21.19   22.97   67.28

C6    23.61   20.76    5.41   52.69   16.69   37.82   41.34   66.18

C7    25.86   21.17    2.83   53.14   24.44   54.26   59.51   65.75

C8    26.35   21.03    2.34   52.98   27.15   57.96   64.00   64.90

C9    37.73   38.12   25.17   68.11    3.15   10.44   10.90   73.16

C10   39.25   38.69   22.24   68.52    6.21   16.60   17.72   69.49

C11   40.57   38.84   17.88   68.63    9.84   25.84   27.66   69.14

C12   41.28   38.91   17.00   68.68   11.79   27.94   30.33   67.12

C13   44.25   50.33   47.27   76.26  -12.06   -6.95   13.92  209.96

C14   47.03   41.40   42.91   70.44   20.93  -11.72   23.99  330.77

C15   54.25   56.21   30.45   79.73    0.15   21.65   21.65   89.61

C16   35.38   36.17   28.29   66.65    1.68    2.58    3.10   56.72

C17   45.26   41.06   28.10   70.21   16.95    9.03   19.21   28.05

C18   42.06   49.23   30.51   75.59  -15.60   14.43   21.25  137.24

C19   36.77   36.24   43.26   66.68    6.10  -18.62   19.60  288.13

C20    2.45    1.99    0.76   15.43   11.56   12.14   16.76   46.40

C21   24.95   19.14    6.49   50.85   30.47   29.60   42.48   44.18

C22   34.92   32.44   19.33   63.69   12.85   14.19   19.15   47.83

D1     3.96    4.11    2.07   24.04   -0.17   10.55   10.56   90.90

D2     3.91    4.06    1.37   23.86    0.04   17.81   17.82   89.87

D3     3.70    3.93    0.76   23.43   -1.35   25.97   26.01   92.96

D4     4.28    4.51    0.76   25.26   -0.81   29.20   29.22   91.57

D5    17.14   17.81    8.32   49.26   -0.23   19.48   19.48   90.68

D6    16.35   16.84    4.42   48.06    0.65   35.10   35.10   88.93

D7    16.61   17.44    2.12   48.81   -1.12   52.67   52.68   91.21

D8    15.94   16.77    1.73   47.97   -1.37   55.21   55.22   91.42

D9    46.89   48.95   23.44   75.42   -0.86   26.20   26.22   91.89

D10   46.31   48.78   13.58   75.32   -2.05   47.86   47.91   92.44

D11   44.91   47.05    6.36   74.22   -1.32   70.44   70.46   91.07

D12   44.08   46.95    7.32   74.15   -3.42   66.31   66.39   92.96

D13   40.14   47.70   47.00   74.63  -17.32   -9.45   19.74  208.63

D14   43.27   35.72   40.83   66.29   28.05  -16.22   32.40  329.96

D15   53.09   55.23   23.69   79.17   -0.43   32.20   32.20   90.77

D16   28.34   29.10   22.78   60.86    1.12    2.36    2.61   64.61

D17   40.28   34.58   20.26   65.42   22.82   15.20   27.42   33.67

D18   36.87   45.57   23.98   73.26  -21.86   21.49   30.65  135.51

D19   29.70   28.53   40.69   60.35    8.52  -26.31   27.65  287.93

D20   16.39   12.65    4.14   42.22   25.90   26.70   37.21   45.88

D21   24.24   23.08   13.65   55.15    8.85   12.93   15.67   55.59

D22   40.33   39.32   23.27   68.96    7.64   15.42   17.22   63.65

E1     5.21    5.78    3.01   28.84   -4.28   10.99   11.78  111.30

E2     4.47    5.52    1.79   28.17  -10.86   20.45   23.16  117.98

E3     4.27    5.61    1.14   28.39  -14.42   28.51   31.94  116.83

E4     4.38    6.14    1.02   29.74  -18.88   32.65   37.72  120.03

E5    23.45   25.98   13.43   58.01   -6.93   18.47   19.72  110.56

E6    22.40   27.35    8.40   59.29  -17.18   36.45   40.29  115.25

E7    19.70   26.76    4.76   58.74  -27.70   51.62   58.59  118.23

E8    18.61   26.91    4.21   58.89  -33.82   54.97   64.54  121.60

E9    43.35   47.29   30.72   74.37   -6.52   12.00   13.66  118.48

E10   41.54   47.11   24.06   74.26  -11.43   23.06   25.74  116.36

E11   38.91   45.94   18.64   73.49  -16.30   32.58   36.42  116.57

E12   37.95   45.44   17.75   73.17  -17.96   33.96   38.42  117.87

E13   36.81   45.33   46.93   73.12  -21.42  -11.99   24.55  209.24

E14   39.96   30.89   39.12   62.41   34.77  -20.69   40.46  329.25

E15   52.72   54.89   19.88   78.97   -0.53   39.35   39.35   90.78

E16   19.83   20.50   16.21   52.39    0.31    1.70    1.73   79.81

E17   36.40   29.28   15.95   61.03   29.31   17.22   34.00   30.44

E18   32.81   42.56   19.83   71.25  -27.07   26.15   37.64  135.99

E19   24.26   22.44   38.44   54.49   11.82  -33.46   35.49  289.46

E20   23.09   15.99    1.52   46.95   39.10   55.83   68.17   54.99

E21   20.47   16.89    3.86   48.10   21.92   38.51   44.32   60.35

E22   30.81   26.85    9.41   58.83   19.28   32.08   37.42   59.01

F1     3.31    3.97    2.64   23.56   -8.05    4.72    9.33  149.65

F2     3.13    4.53    2.55   25.34  -18.61    8.58   20.49  155.25

F3     2.51    4.35    2.20   24.80  -27.79   10.68   29.77  158.96

F4     2.11    4.21    2.06   24.35  -34.17   11.17   35.96  161.90

F5    11.27   14.09    9.14   44.36  -15.72    8.07   17.67  152.83

F6     8.78   13.45    7.62   43.43  -31.24   12.10   33.50  158.83

F7     8.06   15.17    6.99   45.87  -48.03   18.87   51.61  158.55

F8     7.20   14.89    6.11   45.49  -54.39   22.08   58.71  157.90

F9    29.10   33.40   24.42   64.49  -11.57    5.54   12.83  154.40

F10   26.55   33.53   21.65   64.58  -22.04   10.96   24.62  153.55

F11   23.58   32.98   20.45   64.14  -32.78   12.59   35.12  158.99

F12   23.38   34.14   20.73   65.07  -37.68   13.63   40.07  160.12

F13   32.47   42.01   46.72   70.88  -26.64  -15.59   30.88  210.35

F14   36.43   26.35   37.04   58.36   40.93  -24.87   47.90  328.71

F15   52.32   54.44   16.51   78.71   -0.47   46.38   46.38   90.57

F16   14.36   14.84   11.02   45.41    0.28    3.71    3.72   85.65

F17   32.53   24.57   11.60   56.65   34.89   21.32   40.89   31.42

F18   28.14   38.80   16.01   68.61  -33.05   30.15   44.74  137.63

F19   18.78   16.86   35.92   48.08   13.59  -41.03   43.22  288.33

F20   27.51   26.52   13.49   58.51    7.90   19.19   20.76   67.62

F21   34.40   31.94   12.20   63.28   12.85   30.99   33.55   67.47

F22   37.96   37.65   18.65   67.76    5.26   22.63   23.66   78.07

G1     2.40    2.78    2.30   19.14   -5.51   -0.07    5.51  180.72

G2     2.16    2.96    2.44   19.88  -13.73    0.05   13.73  179.81

G3     1.89    2.96    2.62   19.88  -19.70   -1.38   19.76  184.02

G4     1.34    2.88    3.02   19.58  -33.42   -5.05   33.80  188.60

G5    11.26   13.74   11.53   43.85  -13.62   -0.54   13.64  182.29

G6     9.37   13.67   11.99   43.75  -27.67   -2.08   27.74  184.29

G7     8.85   15.43   14.16   46.21  -42.61   -3.86   42.78  185.18

G8     7.51   14.64   13.48   45.13  -49.92   -3.88   50.07  184.45

G9    28.48   32.54   26.76   63.79  -10.98    0.23   10.99  178.80

G10   26.08   32.65   28.44   63.88  -20.96   -2.44   21.10  186.65

G11   24.39   34.58   30.66   65.42  -34.72   -3.34   34.89  185.50

G12   23.64   33.74   32.04   64.75  -35.11   -6.64   35.73  190.70

G13   28.81   39.01   46.11   68.75  -31.06  -18.54   36.17  210.85

G14   32.71   21.81   34.35   53.83   47.75  -28.88   55.81  328.85

G15   51.68   53.57   13.30   78.20    0.09   53.62   53.62   89.90

G16    9.52    9.94    7.68   37.72   -0.47    2.05    2.10  102.97

G17   28.98   20.35    8.33   52.22   40.82   24.56   47.63   31.03

G18   23.69   34.90   12.72   65.66  -38.86   33.62   51.39  139.13

G19   14.10   11.99   32.82   41.18   16.95  -48.43   51.32  289.29

G20   35.32   34.40   15.60   65.26    7.41   25.41   26.47   73.73

G21   34.74   33.68   10.52   64.68    7.93   38.53   39.34   78.38

G22   42.41   40.16    3.51   69.57   11.36   77.81   78.64   81.69

H1     2.49    2.82    2.67   19.28   -4.32   -2.93    5.22  214.12

H2     2.39    3.00    3.79   20.03   -9.52   -9.42   13.40  224.69

H3     2.16    3.03    4.83   20.15  -14.81  -15.28   21.27  225.92

H4     1.78    2.86    5.68   19.44  -20.69  -20.83   29.36  225.18

H5     9.35   10.79   11.54   39.23   -8.38   -8.56   11.98  225.60

H6     8.57   10.88   14.94   39.38  -15.58  -17.63   23.52  228.54

H7     7.99   11.32   18.88   40.12  -23.94  -25.51   34.99  226.82

H8     7.74   11.95   23.08   41.14  -30.55  -32.24   44.40  226.55

H9    29.42   31.54   28.56   62.96   -3.72   -4.23    5.64  228.74

H10   29.04   32.93   33.17   64.11  -10.13   -9.42   13.84  222.96

H11   28.53   33.17   38.40   64.30  -12.93  -16.47   20.94  231.88

H12   26.60   32.46   41.73   63.72  -18.14  -21.83   28.39  230.29

H13   26.08   36.60   45.61   66.97  -34.28  -21.01   40.21  211.51

H14   29.62   18.40   31.77   49.97   52.97  -31.69   61.73  329.10

H15   51.50   53.13   10.66   77.94    0.70   60.93   60.93   89.34

H16    6.40    6.70    5.18   31.12   -0.70    1.83    1.95  111.19

H17   25.97   17.06    5.63   48.32   45.60   29.22   54.16   32.65

H18   20.48   31.74    9.80   63.12  -42.78   38.18   57.34  138.26

H19   11.12    8.88   30.24   35.73   20.40  -53.87   57.60  290.74

H20   40.89   41.38   17.67   70.42    3.07   29.43   29.60   84.05

H21   33.56   34.58   21.61   65.39    0.73   12.49   12.51   86.66

H22   36.62   38.96   12.55   68.69   -3.04   39.35   39.47   94.41

I1     4.18    4.34    5.61   24.74    0.08  -11.33   11.33  270.38

I2     4.22    4.30    8.85   24.62    1.17  -24.93   24.96  272.70

I3     4.30    4.32   13.07   24.72    1.69  -37.96   38.00  272.55

I4     4.38    4.43   16.76   25.03    1.43  -46.75   46.78  271.76

I5    13.64   13.84   14.65   44.01    1.84   -8.90    9.09  281.64

I6    13.68   13.93   19.15   44.13    1.60  -19.17   19.24  274.76

I7    14.41   14.51   25.53   44.94    2.65  -30.15   30.26  275.03

I8    14.51   14.85   30.58   45.42    1.18  -37.69   37.72  271.79

I9    32.53   33.40   30.12   64.48    1.19   -4.11    4.28  286.17

I10   30.83   31.69   32.39   63.08    1.03  -10.03   10.09  275.84

I11   31.59   32.45   36.63   63.72    1.10  -15.07   15.11  274.18

I12   30.08   30.40   41.97   61.99    2.91  -25.12   25.28  276.61

I13   22.76   33.54   45.02   64.60  -38.40  -24.40   45.50  212.43

I14   26.45   15.15   29.05   45.84   58.31  -34.53   67.76  329.37

I15   51.42   52.52    7.91   77.59    2.04   69.86   69.89   88.33

I16    3.80    3.93    3.05   23.44    0.12    1.38    1.39   84.60

I17   23.04   14.01    3.27   44.24   50.60   35.71   61.93   35.21

I18   16.34   27.40    6.93   59.34  -48.04   42.36   64.05  138.59

I19    8.10    5.93   27.17   29.23   23.97  -60.06   64.66  291.75

I20   41.16   44.74   18.08   72.70   -5.93   32.44   32.99  100.35

I21   13.26   16.89    4.38   48.10  -18.31   35.44   39.89  117.32

I22   29.95   36.24   18.61   66.68  -17.84   20.89   27.47  130.50

J1     1.49    1.25    2.13   10.91    8.45  -12.71   15.27  303.62

J2     1.80    1.31    4.17   11.31   14.93  -26.83   30.70  299.09

J3     2.02    1.16    7.23   10.31   24.48  -43.42   49.84  299.41

J4     2.41    1.41    9.86   12.06   25.33  -50.10   56.14  296.82

J5     8.58    8.24    9.68   34.47    5.66  -10.81   12.20  297.67

J6     9.87    8.65   13.88   35.29   12.77  -21.90   25.35  300.24

J7    10.94    8.86   19.15   35.72   19.07  -33.67   38.69  299.53

J8    12.52    9.74   23.15   37.36   23.20  -38.86   45.27  300.85

J9    27.26   27.20   24.92   59.16    4.18   -4.53    6.18  312.69

J10   28.44   27.79   29.60   59.69    6.54  -11.54   13.27  299.54

J11   29.49   27.54   32.85   59.47   11.56  -16.94   20.50  304.33

J12   30.90   28.22   38.56   60.08   14.18  -23.95   27.84  300.62

J13   21.01   31.83   44.63   63.21  -40.51  -26.32   48.32  213.01

J14   23.35   12.32   25.99   41.72   62.85  -36.52   72.69  329.85

J15   51.32   51.96    6.47   77.25    3.22   75.25   75.32   87.54

J16    1.98    2.11    1.62   16.03   -1.12    1.25    1.68  131.62

J17   20.06   11.27    2.03   40.03   54.76   38.42   66.90   35.06

J18   14.09   24.75    5.41   56.83  -50.59   44.94   67.67  138.38

J19    6.05    3.83   23.62   23.10   30.10  -64.33   71.02  295.08

J20   30.72   37.70   24.38   67.79  -19.72   11.33   22.74  150.12

J21    4.28    7.83    1.49   33.61  -36.80   33.06   49.47  138.07

J22    1.01    1.95    0.72   15.22  -25.17   12.73   28.20  153.17

K1     2.51    2.13    2.32   16.19    9.35   -5.30   10.74  330.48

K2     3.05    2.07    3.11   15.84   20.85  -12.07   24.09  329.92

K3     3.85    2.21    4.47   16.57   30.47  -19.49   36.17  327.40

K4     4.73    2.43    6.06   17.58   38.36  -25.81   46.23  326.07

K5     7.19    6.20    6.75   29.91   12.51   -7.63   14.65  328.63

K6     8.49    5.73    9.39   28.72   29.71  -19.76   35.68  326.38

K7    10.73    6.32   12.73   30.22   41.28  -27.51   49.61  326.32

K8    12.86    7.23   16.12   32.32   47.18  -32.68   57.39  325.29

K9    24.22   22.76   21.02   54.83   10.19   -4.62   11.19  335.59

K10   26.38   23.08   24.57   55.16   17.87  -10.80   20.88  328.85

K11   28.80   22.80   28.90   54.86   28.77  -18.74   34.33  326.91

K12   32.17   24.31   34.84   56.39   34.76  -25.17   42.92  324.09

K13   18.51   28.59   44.15   60.41  -40.97  -30.55   51.18  216.70

K14   20.36    9.97   22.73   37.78   65.94  -37.36   75.79  330.46

K15   49.13   50.59    5.33   76.43    0.94   79.14   79.14   89.32

K16    0.75    0.81    0.69    7.31   -1.50   -0.42    1.56  195.65

K17   16.69    8.72    1.17   35.44   56.94   40.33   69.78   35.32

K18   11.77   21.95    4.30   53.97  -53.56   46.00   70.59  139.35

K19    4.40    2.32   19.91   17.10   36.03  -67.39   76.42  298.14

K20    3.29    4.16    2.68   24.17  -11.15    5.51   12.43  153.75

K21    1.82    2.38    1.99   17.39  -10.89   -0.19   10.89  181.01

K22    2.24    2.74    3.29   18.94   -8.07   -8.03   11.39  224.85

L1     2.60    2.23    1.98   16.65    9.22   -1.33    9.32  351.82

L2     3.20    2.23    2.12   16.63   20.10   -2.64   20.26  352.51

L3     3.83    2.28    2.30   16.92   28.72   -3.84   28.97  352.39

L4     4.90    2.49    3.07   17.89   39.15   -8.27   40.01  348.07

L5     7.56    6.32    5.47   30.19   14.92   -1.25   14.98  355.20

L6     9.49    6.34    6.03   30.25   31.50   -3.87   31.74  352.99

L7    11.73    6.49    6.84   30.62   46.76   -6.76   47.25  351.77

L8    13.66    7.34    7.57   32.56   51.31   -6.41   51.72  352.88

L9    24.35   22.81   18.74   54.87   10.53    0.22   10.54    1.21

L10   27.26   23.42   20.01   55.50   20.01   -1.40   20.05  355.98

L11   29.40   23.24   21.60   55.32   29.09   -4.91   29.50  350.40

L12   30.88   23.50   22.30   55.57   33.55   -5.84   34.05  350.14

L13   15.85   25.85   42.64   57.89  -44.58  -33.03   55.49  216.53

L14   13.85    5.88   14.67   29.09   67.49  -34.67   75.88  332.81

L15   49.21   49.68    3.70   75.88    3.56   87.37   87.44   87.67

L16    0.32    0.25    0.31    2.23    3.25   -1.92    3.78  329.45

L17   11.10    5.07    0.34   26.94   58.13   40.07   70.60   34.58

L18    8.03   16.75    2.62   47.95  -57.33   46.95   74.10  140.68

L19    1.94    0.62   10.36    5.55   43.00  -62.94   76.23  304.34

L20    0.99    1.11    1.27    9.90   -3.01   -5.13    5.94  239.65

L21    1.42    1.27    1.34   11.10    5.76   -3.82    6.91  326.43

L22    3.03    2.37    1.83   17.32   14.12    1.29   14.18    5.23

GS0    57.61   58.45   48.07   80.99    3.05    0.25    3.07    4.93

GS1    57.37   58.44   46.02   80.99    2.50    2.65    3.65   46.79

GS2    52.13   54.22   43.24   78.58   -0.38    1.90    1.94  101.34

GS3    45.85   47.73   37.15   74.65   -0.50    3.07    3.12   99.40

GS4    39.35   40.67   32.54   69.95    0.42    1.58    1.64   74.91

GS5    33.07   34.22   27.04   65.14    0.27    2.07    2.09   82.44

GS6    28.84   29.70   23.19   61.40    0.79    2.50    2.62   72.54

GS7    23.97   24.69   19.42   56.78    0.66    2.03    2.14   71.96

GS8    20.78   21.65   17.21   53.65   -0.46    1.53    1.60  106.69

GS9    17.42   18.18   14.18   49.72   -0.61    2.15    2.23  105.70

GS10   14.21   14.73   11.44   45.26    0.08    2.12    2.12   87.90

GS11   11.79   12.33    9.61   41.72   -0.64    1.88    2.00  108.82

GS12    9.54    9.97    7.96   37.78   -0.51    1.02    1.14  116.85

GS13    7.76    8.11    6.46   34.22   -0.60    1.04    1.21  120.21

GS14    5.62    5.93    4.61   29.23   -1.07    1.53    1.88  125.10

GS15    4.12    4.28    3.35   24.58   -0.09    1.26    1.26   93.88

GS16    3.29    3.41    2.66   21.60    0.05    1.17    1.18   87.55

GS17    2.41    2.55    2.01   18.12   -0.75    0.87    1.15  130.34

GS18    1.60    1.69    1.31   13.76   -0.84    1.08    1.37  127.94

GS19    1.04    1.11    0.89    9.87   -0.82    0.36    0.90  157.11

GS20    0.68    0.72    0.56    6.51   -0.87    0.77    1.16  138.00

GS21    0.50    0.55    0.43    4.95   -1.47    0.59    1.59  158.40

GS22    0.31    0.34    0.25    3.01   -0.62    0.36    0.72  150.57

GS23    0.07    0.07    0.13    0.62    0.31   -1.42    1.45  282.14

END_DATA


