IT8.7/1

ORIGINATOR "FotoTune"

DESCRIPTOR "Agfa IT8"

MATERIAL "AgfachromeRS100Plus"

MANUFACTURER "Agfa"

CREATED "Tue Jun  8 13:58:00 1999"

PROD_DATE "1999:06"

SERIAL "4x5 by0225xx"

NUMBER_OF_FIELDS 9

BEGIN_DATA_FORMAT

SAMPLE_ID XYZ_X XYZ_Y XYZ_Z LAB_L LAB_A LAB_B LAB_C LAB_H

END_DATA_FORMAT

NUMBER_OF_SETS 288

BEGIN_DATA

A1     2.71    2.37    1.71   17.31    8.42    2.57    8.81   16.84

A2     3.22    2.27    1.37   16.85   19.42    5.68   20.24   16.29

A3     3.67    2.17    1.26   16.35   28.87    6.22   29.53   12.16

A4     4.54    2.34    1.24   17.16   37.64    7.93   38.47   11.89

A5    10.35    9.10    6.27   36.18   12.69    5.31   13.77   22.59

A6    12.07    9.07    5.51   36.12   25.44    8.76   26.92   18.98

A7    13.34    8.10    4.57   34.19   42.29   10.32   43.53   13.70

A8    16.49    9.36    4.72   36.67   50.47   13.80   52.33   15.28

A9    29.02   28.62   21.33   60.45    5.55    4.47    7.14   38.72

A10   31.24   28.83   20.22   60.62   13.10    7.05   14.88   28.20

A11   33.88   29.09   20.31   60.85   21.53    7.23   22.72   18.53

A12   34.97   29.62   19.40   61.32   23.27    9.95   25.31   23.14

A13   57.44   60.28   49.01   81.99   -1.67    0.91    1.90  151.21

A14   57.80   58.95   48.64   81.26    2.34    0.07    2.36  182.27

A15   58.86   61.10   48.51   82.43   -0.13    2.24    2.24   93.28

A16   58.65   60.79   49.06   82.26    0.08    1.32    1.33   85.69

A17   57.26   58.46   47.87   80.99    2.22    0.49    2.30   13.30

A18   57.60   60.49   48.89   82.10   -1.76    1.24    2.16  145.24

A19   56.58   58.43   49.01   80.97    0.56   -0.85    1.02  307.18

A20    2.32    1.65    0.65   13.54   16.92   11.10   20.25   33.22

A21    6.16    3.43    0.53   21.67   37.47   27.30   46.35   36.06

A22   10.80    5.41    0.47   27.88   51.88   39.15   64.99   37.04

B1     3.71    3.27    1.94   21.08    9.09    6.62   11.24   36.09

B2     4.37    3.37    1.27   21.45   16.83   14.82   22.43   41.36

B3     4.72    3.23    0.86   20.95   23.57   20.14   31.00   40.50

B4     5.19    3.14    0.46   20.60   31.02   26.85   41.03   40.88

B5    13.34   11.95    6.68   41.15   12.28   12.03   17.19   44.39

B6    14.75   11.61    4.51   40.59   23.47   21.71   31.97   42.76

B7    16.71   11.47    2.89   40.36   35.85   31.72   47.87   41.50

B8    18.70   12.17    2.62   41.49   41.65   35.81   54.92   40.69

B9    34.49   34.60   24.42   65.44    3.92    7.18    8.19   61.38

B10   36.08   34.42   21.38   65.29    9.86   12.74   16.10   52.26

B11   38.19   35.08   19.47   65.81   14.57   17.54   22.81   50.25

B12   39.00   35.26   18.82   65.95   16.53   19.17   25.31   49.24

B13   53.74   58.54   49.64   81.03   -6.79   -1.46    6.94  192.19

B14   54.18   52.54   47.18   77.60    9.12   -4.55   10.19  333.54

B15   58.03   60.75   41.63   82.25   -1.35   10.24   10.34   97.52

B16   48.78   50.74   40.47   76.51   -0.41    1.88    1.93  101.58

B17   53.11   52.13   40.09   77.35    7.45    3.80    8.38   27.14

B18   52.72   57.95   42.27   80.71   -8.01    6.78   10.50  139.79

B19   49.29   50.25   47.58   76.21    2.31   -7.41    7.77  287.12

B20    4.14    2.74    0.75   18.95   24.27   18.48   30.51   37.27

B21   10.40    5.35    0.57   27.70   49.62   37.01   61.91   36.72

B22   32.40   28.58   16.51   60.40   18.25   14.82   23.51   39.08

C1     6.98    6.91    3.62   31.59    3.26   11.53   11.99   74.28

C2     7.28    6.82    2.38   31.38    7.10   20.40   21.61   70.86

C3     7.36    6.42    1.37   30.44   11.90   29.19   31.52   67.84

C4     8.88    7.24    0.84   32.36   17.28   40.04   43.61   66.66

C5    23.77   23.15   11.19   55.22    6.50   20.10   21.12   72.09

C6    25.74   23.44    6.75   55.52   13.64   36.56   39.03   69.54

C7    27.07   22.67    3.12   54.72   22.48   54.90   59.33   67.74

C8    28.09   23.41    2.90   55.49   23.31   57.75   62.28   68.02

C9    40.10   40.83   27.24   70.06    2.24   10.22   10.47   77.63

C10   41.44   41.14   23.14   70.27    5.46   17.91   18.73   73.07

C11   42.72   41.54   19.76   70.54    8.09   25.11   26.38   72.17

C12   43.49   41.77   19.10   70.71    9.71   26.76   28.47   70.07

C13   47.62   54.63   49.31   78.82  -13.51   -4.89   14.37  199.92

C14   49.55   44.99   44.88   72.88   17.37   -9.95   20.02  330.18

C15   56.67   59.78   33.45   81.71   -2.38   20.53   20.67   96.63

C16   38.02   39.68   31.42   69.24   -0.76    2.05    2.20  110.70

C17   47.65   44.38   30.99   72.48   13.94    8.34   16.24   30.88

C18   45.47   53.32   34.23   78.06  -16.26   13.09   20.87  141.17

C19   39.62   39.92   45.32   69.40    3.57  -16.47   16.85  282.20

C20    2.88    2.38    0.88   17.37   11.34   13.57   17.69   50.11

C21   26.81   21.40    8.20   53.38   27.25   27.01   38.36   44.75

C22   38.30   35.97   22.46   66.49   11.97   12.66   17.42   46.62

D1     4.80    5.03    2.69   26.81   -0.72    9.99   10.04   94.29

D2     4.58    4.86    1.72   26.33   -1.37   17.97   18.03   94.38

D3     4.56    4.88    0.96   26.37   -1.84   27.76   27.83   93.79

D4     5.02    5.36    0.88   27.72   -1.84   31.26   31.32   93.38

D5    18.35   19.44   10.02   51.19   -2.05   16.86   16.99   96.96

D6    17.94   19.12    5.32   50.82   -2.61   35.06   35.16   94.26

D7    17.88   19.05    2.65   50.74   -2.56   51.47   51.54   92.85

D8    17.49   19.02    1.95   50.71   -4.55   57.61   57.79   94.51

D9    47.53   49.60   25.09   75.83   -0.82   23.89   23.90   91.97

D10   45.97   48.33   14.06   75.02   -1.76   46.14   46.17   92.19

D11   45.32   47.92    6.98   74.77   -2.52   68.75   68.81   92.10

D12   45.81   48.97    8.75   75.43   -3.97   63.03   63.16   93.61

D13   43.86   52.11   49.11   77.35  -17.84   -7.22   19.24  202.04

D14   45.61   38.94   42.88   68.71   24.45  -14.68   28.52  329.02

D15   55.92   59.22   27.26   81.40   -2.93   29.76   29.90   95.64

D16   29.99   31.48   24.40   62.90   -1.38    2.88    3.20  116.04

D17   43.18   38.20   24.06   68.17   19.76   12.56   23.42   32.42

D18   40.63   49.93   27.85   76.02  -21.83   19.48   29.26  138.26

D19   32.67   32.08   42.97   63.40    6.32  -23.95   24.76  284.77

D20   18.45   14.66    5.20   45.17   24.49   25.94   35.67   46.65

D21   26.54   25.91   16.79   57.94    6.50    9.90   11.85   56.72

D22   42.92   42.06   26.81   70.90    7.14   12.42   14.33   60.15

E1     6.23    7.03    3.74   31.87   -5.72   11.28   12.67  116.97

E2     5.31    6.59    2.11   30.83  -11.71   21.94   24.88  118.10

E3     5.18    6.97    1.53   31.73  -17.05   29.42   34.01  120.10

E4     5.11    7.24    1.15   32.35  -20.59   35.15   40.73  120.37

E5    24.70   28.20   14.15   60.07  -10.38   20.12   22.63  117.31

E6    22.42   27.62    8.94   59.54  -18.14   34.97   39.39  117.43

E7    20.81   28.10    4.93   59.98  -27.62   52.89   59.66  117.57

E8    20.10   28.88    4.70   60.67  -34.09   55.25   64.92  121.68

E9    44.29   48.07   31.79   74.87   -5.89   11.19   12.65  117.74

E10   42.95   49.44   24.89   75.72  -13.53   24.08   27.62  119.34

E11   42.42   50.73   20.12   76.51  -18.49   34.62   39.25  118.10

E12   41.06   49.03   21.01   75.46  -18.11   30.98   35.89  120.31

E13   39.14   48.60   48.65   75.20  -22.92  -10.40   25.17  204.40

E14   41.82   33.49   40.83   64.55   31.27  -19.24   36.72  328.40

E15   55.22   58.53   22.35   81.03   -3.05   37.97   38.08   94.61

E16   21.15   22.42   17.75   54.46   -2.23    1.72    2.86  143.02

E17   38.49   32.04   18.14   63.38   26.02   16.20   30.65   31.90

E18   35.07   45.62   22.68   73.31  -28.01   23.99   36.88  139.44

E19   25.72   24.65   40.31   56.72    8.37  -32.07   33.15  284.61

E20   24.23   17.31    1.65   48.64   36.85   57.16   68.01   57.19

E21   22.10   18.92    4.97   50.60   18.95   36.43   41.06   62.50

E22   33.26   29.89   11.74   61.55   16.38   29.36   33.62   60.85

F1     4.20    5.15    3.44   27.16  -10.01    5.10   11.26  153.01

F2     3.59    5.11    2.98   27.03  -18.60    8.09   20.29  156.47

F3     2.92    4.98    2.65   26.66  -27.97   10.00   29.72  160.32

F4     2.55    5.02    2.33   26.78  -35.35   12.94   37.65  159.89

F5    11.96   15.10   10.60   45.78  -16.97    5.66   17.90  161.56

F6    10.21   15.57    8.59   46.40  -32.43   13.57   35.17  157.29

F7     8.91   16.76    7.62   47.96  -49.59   19.89   53.43  158.14

F8     7.81   16.00    6.47   46.97  -55.13   23.02   59.75  157.33

F9    30.45   34.90   24.74   65.68  -11.55    7.01   13.51  148.75

F10   27.19   34.49   22.55   65.35  -22.77   10.56   25.10  155.14

F11   25.90   36.26   21.88   66.71  -33.97   14.19   36.82  157.33

F12   25.20   36.15   22.52   66.63  -36.53   12.80   38.71  160.71

F13   36.14   46.35   48.67   73.76  -26.46  -12.89   29.43  205.98

F14   39.01   29.56   39.25   61.27   36.74  -22.83   43.25  328.14

F15   54.88   58.11   18.80   80.80   -2.90   44.81   44.90   93.71

F16   14.94   15.85   12.41   46.76   -2.03    1.92    2.80  136.83

F17   35.05   27.70   13.93   59.62   30.89   19.92   36.75   32.81

F18   31.33   42.55   18.71   71.24  -32.36   28.53   43.14  138.60

F19   21.20   19.74   38.16   51.53   10.69  -38.17   39.65  285.65

F20   30.45   30.16   16.18   61.78    5.22   17.97   18.71   73.81

F21   37.95   35.78   14.98   66.35   11.46   28.80   30.99   68.31

F22   41.78   40.62   20.60   69.90    8.09   22.24   23.67   70.02

G1     2.88    3.46    2.74   21.81   -7.90    0.92    7.97  173.30

G2     2.57    3.55    2.99   22.11  -14.98   -0.44   14.99  181.67

G3     2.29    3.53    3.18   22.05  -20.29   -1.88   20.38  185.29

G4     1.63    3.52    3.51   22.03  -35.56   -4.20   35.81  186.73

G5    12.39   15.09   12.76   45.75  -13.86   -0.83   13.91  183.38

G6    10.75   15.56   13.29   46.39  -28.26   -1.17   28.29  182.37

G7     9.61   16.67   15.32   47.84  -43.38   -3.97   43.56  185.23

G8     8.59   16.49   15.02   47.60  -50.90   -3.61   51.03  184.05

G9    30.26   34.85   28.50   65.63  -12.09    0.48   12.10  177.75

G10   27.17   34.20   29.58   65.12  -21.85   -2.16   21.95  185.64

G11   26.17   36.36   31.66   66.80  -33.15   -2.51   33.25  184.34

G12   25.45   35.90   33.19   66.45  -34.63   -5.42   35.06  188.90

G13   32.31   43.22   48.37   71.70  -30.71  -16.10   34.68  207.67

G14   34.79   24.28   36.33   56.37   44.01  -27.33   51.81  328.16

G15   54.11   57.08   14.61   80.22   -2.36   53.64   53.69   92.51

G16   10.62   11.28    8.78   40.05   -1.95    1.92    2.76  135.52

G17   30.77   22.56    9.61   54.61   37.32   24.13   44.44   32.90

G18   26.43   38.12   14.37   68.11  -37.76   33.38   50.40  138.52

G19   15.98   14.11   34.83   44.39   14.30  -45.85   48.03  287.33

G20   39.46   39.20   19.48   68.89    5.31   22.81   23.42   76.90

G21   38.13   37.83   13.12   67.89    5.35   36.35   36.74   81.62

G22   43.24   41.76    3.98   70.71    8.99   76.71   77.24   83.32

H1     3.04    3.39    3.48   21.55   -3.99   -4.84    6.26  230.51

H2     2.86    3.67    4.46   22.53  -11.41   -9.12   14.60  218.65

H3     2.57    3.60    5.54   22.28  -15.78  -15.22   21.93  223.95

H4     2.21    3.64    6.48   22.46  -23.77  -19.26   30.59  219.02

H5    10.24   12.11   12.56   41.39  -10.66   -7.77   13.20  216.02

H6     9.46   12.27   15.62   41.63  -17.83  -15.41   23.58  220.81

H7     9.28   13.32   21.74   43.23  -26.20  -26.03   36.93  224.80

H8     8.34   13.20   23.74   43.07  -33.47  -30.14   45.04  222.00

H9    31.61   34.45   30.54   65.31   -5.72   -3.34    6.62  210.29

H10   31.23   35.53   36.34   66.15  -10.74  -10.46   15.00  224.22

H11   29.72   35.18   38.08   65.88  -15.21  -13.32   20.22  221.23

H12   28.49   35.24   43.37   65.93  -20.11  -20.08   28.42  224.95

H13   28.85   40.12   47.73   69.55  -34.34  -19.07   39.28  209.05

H14   31.08   20.03   33.52   51.87   50.29  -31.05   59.10  328.32

H15   53.71   56.29   11.74   79.77   -1.45   60.77   60.78   91.37

H16    7.11    7.64    6.09   33.21   -2.43    0.99    2.63  157.51

H17   27.22   18.53    6.65   50.12   42.96   27.67   51.10   32.78

H18   22.49   34.38   11.39   65.26  -42.49   36.79   56.19  139.11

H19   12.22   10.15   31.93   38.11   17.88  -52.40   55.37  288.83

H20   43.19   44.38   20.44   72.47    1.19   27.00   27.03   87.46

H21   36.51   38.18   25.51   68.15   -1.00    9.91    9.97   95.73

H22   37.87   41.01   14.81   70.18   -5.32   35.82   36.21   98.46

I1     4.84    5.01    6.30   26.76    0.10  -11.07   11.07  270.60

I2     4.77    4.94    9.29   26.55    0.13  -23.15   23.15  270.32

I3     4.80    4.86   13.85   26.34    1.36  -37.25   37.28  272.10

I4     4.68    5.04   17.32   26.83   -2.32  -44.95   45.00  267.05

I5    14.35   15.20   15.84   45.91   -1.88   -8.55    8.76  257.60

I6    14.73   15.53   20.49   46.35   -1.50  -18.15   18.21  265.26

I7    14.57   15.07   26.10   45.72    0.26  -29.81   29.81  270.50

I8    15.86   16.62   32.31   47.78   -0.94  -36.31   36.33  268.52

I9    32.78   34.19   30.20   65.11   -0.69   -3.16    3.24  257.97

I10   33.59   34.97   34.85   65.72   -0.44   -9.09    9.10  267.22

I11   34.46   35.78   38.78   66.35   -0.17  -13.44   13.44  269.23

I12   32.46   33.54   43.83   64.60    0.39  -22.95   22.95  270.96

I13   25.97   37.43   47.23   67.60  -37.46  -21.85   43.37  210.26

I14   27.88   16.63   30.77   47.78   55.67  -33.93   65.19  328.64

I15   53.42   55.44    8.91   79.29   -0.11   69.10   69.10   90.10

I16    4.33    4.50    3.42   25.26   -0.13    1.97    2.01   94.23

I17   24.35   15.48    4.18   46.28   47.58   33.45   58.16   35.11

I18   18.92   30.58    8.40   62.15  -46.28   41.43   62.11  138.17

I19    9.33    7.22   29.01   32.29   21.34  -57.84   61.65  290.24

I20   43.17   47.17   21.15   74.29   -6.70   28.67   29.44  103.15

I21   15.23   19.70    5.51   51.50  -20.67   35.25   40.88  120.39

I22   31.72   38.84   21.03   68.63  -19.65   19.15   27.45  135.74

J1     1.73    1.43    2.56   12.18    9.53  -14.20   17.11  303.88

J2     2.01    1.45    4.62   12.30   15.64  -27.70   31.81  299.46

J3     2.36    1.47    8.01   12.45   22.52  -42.79   48.36  297.76

J4     2.39    1.43   10.08   12.15   24.52  -50.65   56.28  295.83

J5     9.27    9.05   10.40   36.08    4.58  -10.41   11.38  293.80

J6     9.86    8.90   13.79   35.78   10.59  -20.82   23.36  296.97

J7    10.80    8.91   19.26   35.81   17.64  -33.77   38.10  297.58

J8    12.02    9.85   23.05   37.56   18.85  -38.31   42.70  296.20

J9    28.65   29.48   26.21   61.19    0.87   -3.29    3.42  284.68

J10   29.86   29.80   30.28   61.47    4.32   -9.56   10.49  294.30

J11   30.77   29.81   34.14   61.48    7.68  -15.36   17.18  296.56

J12   32.66   30.51   41.03   62.08   11.95  -23.76   26.60  296.71

J13   23.56   35.06   46.54   65.79  -40.00  -24.16   46.72  211.13

J14   24.42   13.31   27.64   43.22   61.11  -36.74   71.29  328.98

J15   53.35   54.95    7.39   79.01    0.94   74.37   74.37   89.28

J16    2.58    2.77    2.13   19.10   -1.82    1.38    2.28  143.04

J17   21.17   12.36    2.74   41.79   52.53   35.35   63.32   33.93

J18   16.28   27.69    6.81   59.61  -49.52   43.31   65.79  138.82

J19    6.94    4.73   25.61   25.92   27.24  -63.08   68.71  293.35

J20   32.80   40.53   27.35   69.85  -21.00    9.66   23.12  155.29

J21    4.85    8.90    1.64   35.78  -38.58   35.14   52.18  137.68

J22    1.17    2.26    0.81   16.78  -26.34   13.64   29.66  152.64

K1     2.88    2.48    2.78   17.80    9.40   -6.28   11.32  326.28

K2     3.38    2.36    3.74   17.25   20.33  -13.97   24.67  325.52

K3     3.83    2.17    4.97   16.39   30.89  -22.49   38.21  323.95

K4     4.80    2.43    6.68   17.62   38.88  -28.53   48.22  323.72

K5     7.85    6.89    7.51   31.56   11.64   -7.89   14.06  325.88

K6     9.18    6.48   10.34   30.60   27.42  -19.67   33.74  324.36

K7    10.70    6.36   13.88   30.31   40.62  -30.49   50.79  323.11

K8    12.79    7.23   16.47   32.33   46.67  -33.50   57.46  324.33

K9    25.56   24.59   23.02   56.67    7.95   -5.34    9.57  326.11

K10   27.98   25.12   26.56   57.17   15.55  -10.84   18.95  325.12

K11   29.19   23.66   30.17   55.74   26.47  -19.26   32.74  323.95

K12   31.77   24.72   33.15   56.81   31.51  -21.98   38.42  325.11

K13   21.35   32.74   46.04   63.95  -42.11  -26.75   49.88  212.42

K14   20.87   10.34   23.97   38.45   65.48  -38.51   75.97  329.54

K15   52.32   53.81    5.76   78.35    1.14   80.38   80.39   89.18

K16    0.92    1.04    0.79    9.30   -2.85    1.03    3.03  160.18

K17   17.78    9.51    1.53   36.93   56.43   38.29   68.20   34.17

K18   13.55   24.38    5.14   56.47  -52.38   45.68   69.50  138.91

K19    4.76    2.62   21.13   18.45   34.90  -67.54   76.02  297.33

K20    3.99    5.05    3.34   26.88  -11.81    5.31   12.95  155.81

K21    2.11    2.75    2.49   19.01  -11.05   -1.82   11.20  189.38

K22    2.59    3.40    4.15   21.60  -12.49   -8.97   15.38  215.68

L1     2.86    2.55    2.26   18.10    7.74   -1.42    7.88  349.45

L2     3.25    2.26    2.29   16.81   20.08   -3.89   20.46  349.03

L3     3.81    2.27    2.63   16.83   28.69   -6.76   29.49  346.74

L4     4.57    2.34    3.21   17.16   38.11  -10.55   39.55  344.54

L5     8.13    6.97    6.12   31.73   13.50   -1.70   13.62  352.77

L6    10.18    7.14    6.93   32.11   28.90   -4.55   29.26  351.06

L7    11.70    6.51    7.15   30.67   46.36   -8.00   47.04  350.21

L8    13.44    7.27    8.41   32.40   50.63   -9.94   51.60  348.89

L9    25.20   24.26   19.65   56.35    7.82    0.84    7.86    6.10

L10   28.11   24.85   21.75   56.92   17.18   -2.45   17.35  351.90

L11   31.73   25.66   23.84   57.71   27.48   -5.07   27.94  349.53

L12   32.75   25.77   24.22   57.82   30.68   -5.59   31.18  349.67

L13   18.17   29.05   44.76   60.82  -44.47  -30.60   53.99  214.52

L14   13.95    5.84   15.56   29.01   68.49  -37.03   77.85  331.60

L15   51.06   51.36    3.63   76.90    4.08   89.59   89.68   87.40

L16    0.37    0.29    0.34    2.62    3.60   -1.91    4.08  332.04

L17   11.32    5.11    0.37   27.07   59.15   39.75   71.26   33.90

L18   10.09   19.60    3.03   51.39  -54.92   49.80   74.13  137.79

L19    2.04    0.64   10.99    5.82   44.33  -64.50   78.27  304.50

L20    1.14    1.32    1.53   11.37   -4.10   -5.78    7.10  234.64

L21    1.68    1.49    1.66   12.51    6.80   -5.28    8.60  322.20

L22    3.40    2.72    2.27   18.88   13.69   -0.24   13.69  179.01

GS0    59.39   61.52   49.47   82.65    0.17    1.53    1.54   83.57

GS1    58.71   61.15   49.51   82.46   -0.63    1.13    1.31  119.52

GS2    53.87   55.91   43.99   79.56   -0.12    2.66    2.67   92.65

GS3    45.60   47.49   37.28   74.50   -0.52    2.62    2.68  101.35

GS4    39.45   41.21   32.58   70.32   -0.89    2.16    2.37  112.49

GS5    34.66   36.10   28.74   66.58   -0.49    1.75    1.83  106.44

GS6    29.95   31.29   24.46   62.75   -0.85    2.49    2.63  108.88

GS7    25.34   26.66   21.22   58.65   -1.53    1.61    2.23  133.37

GS8    22.01   23.31   17.95   55.39   -2.12    2.85    3.57  126.64

GS9    18.23   19.35   15.03   51.10   -2.26    2.37    3.30  133.57

GS10   15.15   16.02   12.43   47.00   -1.78    2.24    2.88  128.35

GS11   12.81   13.57   10.70   43.60   -1.86    1.58    2.46  139.24

GS12    9.86   10.41    8.16   38.57   -1.40    1.63    2.15  130.31

GS13    8.41    8.95    6.99   35.89   -1.94    1.66    2.57  138.46

GS14    6.42    6.78    5.27   31.30   -1.27    1.65    2.09  126.96

GS15    5.14    5.41    4.23   27.88   -1.04    1.38    1.75  126.09

GS16    3.69    3.93    2.95   23.42   -1.47    2.10    2.57  124.71

GS17    2.78    2.99    2.31   20.01   -1.83    1.38    2.29  142.98

GS18    1.98    2.12    1.61   16.08   -1.21    1.49    1.92  129.42

GS19    1.30    1.38    1.05   11.77   -1.00    1.19    1.56  132.52

GS20    0.82    0.85    0.71    7.71   -0.14   -0.12    0.40  220.01

GS21    0.62    0.66    0.51    5.94   -0.51    0.49    0.72  142.30

GS22    0.32    0.37    0.29    3.36   -1.44    0.30    1.48  168.61

GS23    0.07    0.07    0.15    0.62    0.26   -1.69    1.72  278.99

END_DATA


