IT8.7/1

ORIGINATOR "FotoTune"

DESCRIPTOR "Agfa IT8"

MATERIAL "AgfachromeRS100Plus"

MANUFACTURER "Agfa"

CREATED "Tue Jun  8 13:47:18 1999"

PROD_DATE "1999:06"

SERIAL "4x5 by0312xx"

NUMBER_OF_FIELDS 9

BEGIN_DATA_FORMAT

SAMPLE_ID XYZ_X XYZ_Y XYZ_Z LAB_L LAB_A LAB_B LAB_C LAB_H

END_DATA_FORMAT

NUMBER_OF_SETS 288

BEGIN_DATA

A1     2.76    2.36    1.63   17.25    9.63    3.28   10.17   18.83

A2     3.30    2.28    1.36   16.91   20.34    5.93   21.18   16.24

A3     3.74    2.18    1.23   16.41   29.59    6.65   30.33   12.66

A4     4.64    2.37    1.23   17.31   38.28    8.34   39.17   12.28

A5    10.30    8.95    6.10   35.89   13.51    5.57   14.62   22.42

A6    11.92    8.89    5.40   35.76   25.94    8.68   27.35   18.51

A7    13.12    7.91    4.44   33.81   42.47   10.40   43.73   13.76

A8    16.17    9.12    4.58   36.22   50.65   13.76   52.49   15.19

A9    28.09   27.58   20.72   59.51    5.97    4.08    7.24   34.26

A10   30.10   27.65   19.65   59.57   13.42    6.36   14.86   25.36

A11   32.61   27.78   19.62   59.69   22.07    6.64   23.06   16.75

A12   33.90   28.51   19.05   60.35   23.80    8.99   25.44   20.70

A13   56.42   59.47   48.60   81.54   -2.24    0.60    2.34  165.16

A14   56.35   57.47   47.85   80.45    2.30   -0.43    2.34  349.35

A15   58.11   60.46   48.10   82.08   -0.45    2.12    2.17  102.20

A16   58.03   60.28   48.67   81.99   -0.21    1.29    1.31   99.08

A17   56.56   57.70   47.51   80.57    2.29    0.19    2.30    4.57

A18   56.38   59.37   48.06   81.50   -2.15    1.15    2.44  151.88

A19   55.01   56.83   48.12   80.09    0.53   -1.36    1.47  290.84

A20    2.22    1.55    0.63   12.93   17.57   10.43   20.43   30.69

A21    5.93    3.28    0.52   21.10   37.40   26.48   45.83   35.29

A22   10.54    5.26    0.47   27.45   51.75   38.45   64.47   36.61

B1     3.75    3.24    1.88   20.98    9.99    7.07   12.24   35.29

B2     4.36    3.30    1.24   21.21   17.64   14.86   23.07   40.12

B3     4.74    3.22    0.83   20.87   24.27   20.26   31.62   39.86

B4     5.26    3.16    0.44   20.65   31.65   27.17   41.72   40.64

B5    13.12   11.65    6.43   40.65   13.01   12.28   17.90   43.35

B6    14.47   11.30    4.37   40.07   23.98   21.60   32.27   42.01

B7    16.34   11.14    2.83   39.82   36.10   31.25   47.75   40.89

B8    18.22   11.80    2.59   40.89   41.72   35.02   54.47   40.01

B9    33.42   33.50   23.92   64.56    3.99    6.59    7.70   58.71

B10   34.79   33.12   20.75   64.26   10.01   12.18   15.78   50.56

B11   36.67   33.50   18.79   64.56   15.01   16.82   22.55   48.22

B12   37.36   33.57   18.22   64.61   17.05   18.15   24.91   46.79

B13   51.76   56.72   48.52   80.02   -7.54   -1.94    7.78  194.36

B14   52.14   50.25   46.14   76.22    9.82   -5.69   11.35  329.88

B15   56.50   59.32   40.42   81.46   -1.72   10.45   10.59   99.35

B16   46.76   48.61   39.36   75.21   -0.29    1.04    1.09  106.79

B17   51.30   50.09   38.88   76.12    8.07    3.27    8.70   22.05

B18   51.04   56.43   41.14   79.86   -8.75    6.77   11.06  142.27

B19   46.76   47.46   46.30   74.48    2.80   -8.89    9.31  287.45

B20    3.95    2.58    0.74   18.26   24.74   17.61   30.37   35.46

B21   10.01    5.12    0.56   27.08   49.35   36.00   61.08   36.11

B22   31.04   27.20   15.95   59.17   18.70   14.01   23.38   36.81

C1     6.93    6.77    3.45   31.28    4.14   12.08   12.77   71.07

C2     7.17    6.64    2.29   30.96    7.85   20.41   21.86   68.98

C3     7.35    6.35    1.34   30.26   12.53   29.08   31.67   66.69

C4     8.85    7.16    0.82   32.17   17.97   40.08   43.92   65.85

C5    23.28   22.63   10.85   54.69    6.66   20.23   21.30   71.76

C6    25.14   22.81    6.53   54.88   13.91   36.40   38.97   69.08

C7    26.56   22.18    3.09   54.22   22.68   54.15   58.72   67.27

C8    27.52   22.90    2.91   54.97   23.32   56.78   61.38   67.67

C9    39.07   39.76   26.74   69.30    2.32    9.74   10.01   76.62

C10   40.20   39.83   22.49   69.35    5.65   17.54   18.43   72.12

C11   41.08   39.74   18.83   69.28    8.63   24.88   26.33   70.88

C12   41.71   39.82   18.30   69.33   10.28   26.13   28.08   68.51

C13   46.04   53.18   48.60   77.99  -14.31   -5.54   15.34  201.15

C14   47.82   42.99   44.22   71.55   18.42  -11.44   21.68  328.15

C15   54.76   57.93   32.10   80.70   -2.78   20.78   20.98   97.63

C16   36.08   37.57   30.36   67.70   -0.47    1.06    1.17  115.79

C17   45.74   42.19   29.79   71.01   14.91    7.66   16.76   27.18

C18   43.63   51.64   32.97   77.06  -17.27   13.22   21.75  142.58

C19   37.03   37.13   43.76   67.38    4.06  -18.07   18.51  282.65

C20    2.76    2.24    0.86   16.67   12.04   12.65   17.46   46.40

C21   25.34   20.12    7.84   51.97   27.32   25.98   37.71   43.56

C22   36.36   34.01   21.54   64.98   12.21   11.85   17.02   44.12

D1     4.74    4.89    2.57   26.43    0.31   10.23   10.23   88.29

D2     4.57    4.78    1.68   26.11   -0.49   18.01   18.02   91.56

D3     4.62    4.86    0.94   26.32   -0.84   27.92   27.94   91.72

D4     5.08    5.34    0.87   27.69   -0.84   31.57   31.58   91.53

D5    18.13   19.11    9.74   50.82   -1.57   17.11   17.18   95.25

D6    17.67   18.74    5.18   50.38   -2.13   35.00   35.06   93.49

D7    17.64   18.72    2.66   50.35   -2.15   50.76   50.82   92.43

D8    17.33   18.78    1.95   50.43   -4.18   57.18   57.33   94.18

D9    46.57   48.64   24.52   75.22   -0.92   23.87   23.89   92.21

D10   45.03   47.35   13.63   74.41   -1.78   46.19   46.22   92.22

D11   44.35   47.00    6.86   74.19   -2.82   68.28   68.34   92.36

D12   44.44   47.70    8.62   74.64   -4.44   62.12   62.28   94.09

D13   42.40   50.75   48.27   76.53  -18.61   -7.66   20.13  202.36

D14   43.72   36.84   41.85   67.15   25.70  -16.07   30.31  327.99

D15   54.54   57.98   26.26   80.72   -3.42   30.28   30.48   96.46

D16   28.10   29.37   23.17   61.10   -0.89    2.05    2.26  116.30

D17   41.13   35.93   22.76   66.46   20.90   12.06   24.13   29.97

D18   38.60   47.93   26.47   74.78  -22.82   19.65   30.12  139.26

D19   30.50   29.67   41.57   61.38    7.18  -25.67   26.66  285.64

D20   17.42   13.74    4.99   43.85   24.66   24.69   34.90   45.03

D21   24.81   24.10   15.89   56.19    6.83    9.02   11.32   52.79

D22   40.57   39.58   25.60   69.16    7.58   11.50   13.77   56.58

E1     6.17    6.86    3.58   31.47   -4.61   11.59   12.47  111.69

E2     5.27    6.44    2.03   30.50  -10.63   21.99   24.42  115.79

E3     5.18    6.85    1.48   31.46  -15.89   29.51   33.51  118.31

E4     5.15    7.18    1.12   32.22  -19.47   35.36   40.37  118.84

E5    24.08   27.38   13.55   59.32   -9.83   20.40   22.65  115.70

E6    21.97   27.00    8.59   58.97  -17.76   35.22   39.44  116.76

E7    20.51   27.67    4.85   59.60  -27.36   52.58   59.29  117.49

E8    20.26   29.10    4.75   60.87  -34.12   55.33   65.01  121.66

E9    43.34   47.11   31.17   74.26   -6.05   11.10   12.65  118.59

E10   41.94   48.43   24.37   75.10  -13.82   23.92   27.63  120.01

E11   41.57   49.92   19.61   76.02  -18.92   34.82   39.62  118.51

E12   40.17   48.22   20.77   74.96  -18.67   30.60   35.85  121.39

E13   37.96   47.43   47.86   74.46  -23.49  -10.76   25.83  204.60

E14   40.17   31.66   39.90   63.06   32.62  -20.60   38.58  327.73

E15   53.92   57.33   21.54   80.37   -3.45   38.39   38.54   95.14

E16   20.08   21.18   17.12   53.15   -1.70    0.88    1.94  153.68

E17   36.95   30.39   17.42   61.99   27.01   15.41   31.10   29.70

E18   33.68   44.28   21.73   72.42  -28.99   24.30   37.82  140.04

E19   24.19   22.90   39.31   54.97    9.48  -33.78   35.08  285.67

E20   23.19   16.47    1.63   47.58   36.89   55.53   66.66   56.40

E21   20.96   17.86    4.80   49.33   19.03   35.16   39.98   61.57

E22   31.44   28.08   11.14   59.96   16.72   28.42   32.99   59.51

F1     4.19    5.05    3.30   26.88   -9.01    5.55   10.59  148.41

F2     3.57    4.99    2.88   26.73  -17.60    8.34   19.48  154.65

F3     2.97    4.97    2.63   26.63  -27.02   10.11   28.85  159.48

F4     2.63    5.06    2.34   26.91  -34.44   12.99   36.81  159.34

F5    11.76   14.74   10.22   45.29  -16.17    6.02   17.26  159.58

F6    10.06   15.23    8.30   45.93  -31.62   13.82   34.51  156.38

F7     8.93   16.67    7.50   47.85  -48.99   20.20   52.99  157.59

F8     7.93   16.10    6.42   47.11  -54.62   23.47   59.45  156.74

F9    29.55   33.81   24.03   64.81  -11.20    6.82   13.11  148.68

F10   26.47   33.51   21.91   64.57  -22.35   10.41   24.66  155.02

F11   25.42   35.59   21.42   66.21  -33.77   14.19   36.63  157.20

F12   24.51   35.26   21.87   65.96  -36.53   12.88   38.74  160.57

F13   35.42   45.64   48.10   73.32  -26.90  -13.01   29.88  205.81

F14   37.43   27.87   38.26   59.77   38.14  -24.10   45.12  327.72

F15   53.29   56.59   17.83   79.94   -3.24   45.45   45.57   94.07

F16   14.26   14.99   11.91   45.62   -1.24    1.39    1.86  131.89

F17   33.57   26.13   13.19   58.17   32.04   19.38   37.44   31.16

F18   30.09   41.29   17.79   70.38  -33.21   29.06   44.12  138.81

F19   20.03   18.38   37.12   49.96   11.82  -39.47   41.19  286.67

F20   28.58   28.17   15.21   60.04    5.60   17.33   18.22   72.10

F21   35.88   33.65   14.09   64.68   11.84   28.19   30.58   67.23

F22   40.00   38.67   19.72   68.51    8.66   21.62   23.30   68.18

G1     2.88    3.41    2.65   21.60   -6.90    1.26    7.02  169.71

G2     2.56    3.47    2.91   21.86  -13.98   -0.31   13.98  181.27

G3     2.31    3.49    3.12   21.91  -19.31   -1.77   19.40  185.24

G4     1.65    3.51    3.51   22.01  -35.01   -4.29   35.27  186.99

G5    12.14   14.68   12.34   45.20  -13.20   -0.59   13.22  182.57

G6    10.60   15.24   12.94   45.97  -27.55   -1.00   27.56  182.08

G7     9.48   16.34   14.91   47.42  -42.60   -3.71   42.78  184.98

G8     8.61   16.48   14.74   47.59  -50.60   -2.94   50.69  183.33

G9    29.30   33.73   27.85   64.74  -11.91    0.03   11.91  179.86

G10   26.71   33.58   29.17   64.63  -21.62   -2.34   21.74  186.17

G11   25.71   35.72   31.15   66.31  -32.97   -2.58   33.08  184.48

G12   25.00   35.25   32.78   65.94  -34.39   -5.69   34.86  189.39

G13   31.59   42.39   47.47   71.15  -30.94  -16.02   34.84  207.39

G14   33.46   22.98   35.40   55.05   45.08  -28.28   53.22  327.89

G15   52.75   55.74   13.88   79.47   -2.57   54.25   54.31   92.71

G16   10.16   10.68    8.47   39.04   -1.08    1.30    1.70  130.61

G17   29.68   21.47    9.17   53.46   38.26   23.63   44.97   31.70

G18   25.76   37.42   13.86   67.59  -38.29   33.81   51.08  138.57

G19   15.39   13.38   34.29   43.33   15.44  -46.90   49.37  288.23

G20   37.71   37.41   18.70   67.59    5.36   22.22   22.85   76.43

G21   35.97   35.60   12.39   66.21    5.60   35.47   35.91   81.03

G22   41.61   40.10    3.86   69.54    9.11   75.43   75.98   83.11

H1     3.03    3.34    3.39   21.33   -3.26   -4.63    5.66  234.84

H2     2.84    3.59    4.34   22.26  -10.64   -8.92   13.89  219.99

H3     2.55    3.53    5.41   22.05  -15.02  -14.99   21.23  224.95

H4     2.20    3.59    6.38   22.24  -23.05  -19.20   30.00  219.79

H5     9.99   11.73   12.10   40.78   -9.94   -7.53   12.48  217.12

H6     9.26   11.90   15.21   41.06  -16.94  -15.40   22.90  222.27

H7     9.15   13.01   21.38   42.78  -25.36  -26.11   36.40  225.85

H8     8.25   12.95   23.38   42.69  -32.64  -30.10   44.40  222.68

H9    30.69   33.39   29.86   64.47   -5.48   -3.72    6.64  214.15

H10   30.42   34.56   35.85   65.40  -10.47  -11.07   15.25  226.61

H11   28.77   34.00   37.22   64.96  -14.83  -13.74   20.22  222.80

H12   27.41   33.78   42.46   64.79  -19.48  -20.90   28.58  227.02

H13   28.24   39.46   46.89   69.08  -34.65  -18.91   39.48  208.61

H14   30.06   19.06   32.76   50.76   51.25  -31.85   60.33  328.14

H15   52.65   55.28   11.31   79.21   -1.71   61.08   61.11   91.60

H16    6.77    7.16    5.87   32.16   -1.33    0.21    1.36  171.35

H17   26.39   17.72    6.41   49.14   43.80   27.01   51.46   31.66

H18   22.14   33.97   11.12   64.94  -42.74   37.05   56.56  139.08

H19   11.91    9.74   31.58   37.36   18.95  -53.14   56.42  289.63

H20   41.34   42.42   19.40   71.15    1.35   26.88   26.91   87.13

H21   34.82   36.38   24.67   66.81   -0.88    9.10    9.14   95.54

H22   36.08   39.08   14.05   68.82   -5.31   35.42   35.81   98.52

I1     4.74    4.86    6.01   26.33    0.70  -10.51   10.53  273.80

I2     4.66    4.77    8.98   26.08    0.78  -22.92   22.93  271.95

I3     4.72    4.73   13.57   25.98    2.05  -37.15   37.20  273.14

I4     4.62    4.91   17.05   26.49   -1.48  -44.93   44.95  268.11

I5    13.90   14.63   15.14   45.13   -1.34   -8.20    8.32  260.71

I6    14.14   14.79   19.74   45.35   -0.75  -18.33   18.35  267.62

I7    14.14   14.48   25.56   44.92    1.09  -30.24   30.26  272.05

I8    15.33   15.89   31.60   46.83    0.02  -36.85   36.86  270.03

I9    31.54   32.82   29.42   64.01   -0.37   -3.82    3.84  264.24

I10   32.26   33.54   34.05   64.59   -0.26   -9.89    9.90  268.50

I11   32.78   33.90   37.50   64.89    0.28  -14.24   14.24  271.15

I12   30.83   31.68   42.72   63.08    1.00  -24.19   24.22  272.38

I13   25.51   36.94   46.40   67.24  -37.78  -21.51   43.48  209.65

I14   27.03   15.90   30.15   46.83   56.40  -34.60   66.18  328.48

I15   52.47   54.57    8.65   78.79   -0.40   69.18   69.18   90.33

I16    4.22    4.31    3.38   24.67    0.94    1.21    1.54   52.24

I17   23.98   15.07    4.11   45.74   48.31   32.91   58.45   34.27

I18   18.89   30.59    8.35   62.17  -46.50   41.57   62.38  138.20

I19    9.17    6.97   28.85   31.73   22.45  -58.54   62.71  290.98

I20   41.50   45.42   20.24   73.17   -6.82   28.57   29.38  103.43

I21   14.65   18.89    5.34   50.56  -20.09   34.49   39.92  120.21

I22   30.89   37.94   20.54   67.97  -19.87   19.01   27.50  136.26

J1     1.72    1.39    2.45   11.92   10.16  -13.73   17.08  306.47

J2     1.98    1.41    4.45   12.01   16.08  -27.23   31.62  300.58

J3     2.30    1.43    7.69   12.14   22.73  -42.15   47.88  298.33

J4     2.38    1.40    9.92   11.98   24.97  -50.44   56.29  296.33

J5     9.06    8.75   10.01   35.51    5.24  -10.15   11.42  297.34

J6     9.47    8.46   13.23   34.92   11.18  -20.81   23.62  298.26

J7    10.42    8.49   18.73   34.99   18.35  -34.03   38.65  298.33

J8    11.80    9.57   22.80   37.05   19.60  -38.75   43.42  296.83

J9    27.62   28.33   25.56   60.19    1.25   -3.91    4.11  287.49

J10   28.69   28.53   29.57   60.37    4.66  -10.34   11.34  294.27

J11   29.36   28.30   33.18   60.16    8.10  -16.24   18.16  296.51

J12   30.99   28.70   40.04   60.52   12.67  -25.18   28.19  296.72

J13   23.25   34.70   45.89   65.51  -40.15  -23.86   46.71  210.72

J14   23.85   12.84   27.24   42.51   61.66  -37.28   72.04  328.85

J15   52.55   54.24    7.24   78.60    0.65   74.29   74.30   89.50

J16    2.55    2.68    2.15   18.74   -0.68    0.64    0.94  136.76

J17   20.98   12.16    2.72   41.47   53.00   34.93   63.47   33.39

J18   16.20   27.60    6.78   59.52  -49.62   43.30   65.86  138.89

J19    6.83    4.55   25.38   25.39   28.48  -63.60   69.68  294.12

J20   31.58   39.15   26.50   68.86  -21.12    9.41   23.12  155.98

J21    4.80    8.70    1.64   35.40  -37.64   34.53   51.07  137.47

J22    1.20    2.25    0.83   16.76  -25.57   13.30   28.81  152.53

K1     2.86    2.41    2.68   17.53   10.14   -5.94   11.76  329.64

K2     3.35    2.31    3.62   17.03   20.76  -13.60   24.81  326.78

K3     3.76    2.13    4.81   16.15   31.06  -22.05   38.09  324.62

K4     4.70    2.38    6.49   17.35   38.91  -28.17   48.04  324.10

K5     7.53    6.55    7.07   30.75   12.23   -7.57   14.38  328.23

K6     8.89    6.22    9.91   29.96   27.73  -19.40   33.85  325.02

K7    10.36    6.12   13.54   29.72   40.63  -30.62   50.89  322.99

K8    12.47    7.01   16.21   31.83   46.68  -33.76   57.61  324.12

K9    24.76   23.70   22.51   55.79    8.39   -5.89   10.25  324.91

K10   26.90   24.01   25.97   56.09   15.94  -11.69   19.77  323.74

K11   27.99   22.49   29.36   54.54   26.98  -20.05   33.61  323.39

K12   30.35   23.38   32.35   55.46   32.09  -23.12   39.56  324.23

K13   21.16   32.56   45.62   63.80  -42.39  -26.50   50.00  212.01

K14   20.49   10.05   23.70   37.94   65.90  -38.92   76.54  329.43

K15   51.39   53.06    5.68   77.91    0.60   79.99   79.99   89.57

K16    0.93    1.02    0.81    9.14   -1.89    0.39    1.93  168.24

K17   17.75    9.46    1.58   36.85   56.57   37.65   67.96   33.65

K18   13.60   24.48    5.22   56.56  -52.47   45.44   69.42  139.10

K19    4.76    2.57   21.14   18.25   35.79  -67.92   76.76  297.78

K20    3.93    4.89    3.33   26.44  -10.86    4.59   11.80  157.10

K21    2.09    2.68    2.47   18.67  -10.02   -2.29   10.28  192.88

K22    2.59    3.35    4.18   21.39  -11.43   -9.47   14.84  219.65

L1     2.82    2.47    2.15   17.80    8.47   -1.07    8.54  352.82

L2     3.22    2.22    2.22   16.61   20.44   -3.66   20.76  349.85

L3     3.75    2.22    2.55   16.60   28.89   -6.55   29.62  347.21

L4     4.47    2.26    3.07   16.84   38.03  -10.12   39.36  345.10

L5     7.85    6.64    5.78   30.98   14.17   -1.41   14.24  354.28

L6     9.75    6.78    6.57   31.30   29.06   -4.42   29.39  351.35

L7    11.34    6.28    6.93   30.11   46.17   -8.04   46.86  350.12

L8    13.10    7.07    8.24   31.95   50.36  -10.09   51.36  348.67

L9    24.15   23.12   19.05   55.19    8.28    0.11    8.28    0.73

L10   27.20   23.94   21.35   56.03   17.47   -3.18   17.75  349.65

L11   30.73   24.70   23.36   56.78   27.81   -5.78   28.41  348.24

L12   31.78   24.82   24.05   56.89   31.14   -6.86   31.89  347.59

L13   18.12   29.02   44.58   60.80  -44.65  -30.41   54.03  214.26

L14   13.79    5.73   15.49   28.73   68.66  -37.34   78.15  331.46

L15   50.28   50.79    3.62   76.56    3.51   89.01   89.07   87.75

L16    0.37    0.28    0.35    2.53    3.89   -2.16    4.45  330.90

L17   11.38    5.13    0.38   27.10   59.40   39.67   71.43   33.74

L18   10.14   19.73    3.07   51.53  -55.14   49.65   74.19  138.01

L19    2.04    0.63   11.01    5.69   44.89  -64.73   78.77  304.73

L20    1.14    1.29    1.55   11.20   -3.27   -6.20    7.02  242.24

L21    1.68    1.45    1.66   12.33    7.40   -5.57    9.27  323.00

L22    3.37    2.67    2.30   18.65   14.10   -0.87   14.13  356.48

GS0    58.75   61.01   48.67   82.38   -0.19    1.97    1.98   95.52

GS1    58.09   60.74   48.66   82.24   -1.14    1.73    2.08  123.60

GS2    52.67   54.86   42.92   78.96   -0.62    2.95    3.03  101.82

GS3    44.36   46.35   36.13   73.77   -0.95    2.96    3.12  107.74

GS4    38.22   39.98   31.53   69.46   -1.08    2.26    2.51  115.81

GS5    33.54   34.92   27.74   65.68   -0.45    1.82    1.87  104.49

GS6    29.06   30.32   23.62   61.93   -0.67    2.61    2.69  105.03

GS7    24.86   26.08   20.79   58.11   -1.23    1.51    1.95  129.05

GS8    21.26   22.40   17.14   54.46   -1.61    3.08    3.47  117.79

GS9    17.61   18.60   14.54   50.22   -1.71    2.08    2.70  129.64

GS10   14.74   15.49   12.10   46.29   -1.13    2.01    2.31  119.56

GS11   12.55   13.17   10.43   43.03   -1.07    1.42    1.79  126.65

GS12    9.70   10.14    8.05   38.09   -0.63    1.25    1.42  118.01

GS13    8.27    8.72    6.88   35.43   -1.16    1.33    1.78  131.88

GS14    6.28    6.56    5.18   30.77   -0.43    1.16    1.25  110.31

GS15    5.05    5.27    4.18   27.49   -0.41    1.01    1.10  112.43

GS16    3.69    3.88    2.98   23.27   -0.83    1.62    1.83  117.72

GS17    2.83    2.99    2.38   20.01   -0.93    0.78    1.21  139.90

GS18    2.03    2.11    1.65   16.09   -0.41    1.09    1.17  110.77

GS19    1.32    1.38    1.09   11.81   -0.30    0.75    0.81  111.40

GS20    0.85    0.87    0.75    7.84    0.49   -0.50    0.70  312.34

GS21    0.65    0.68    0.55    6.10   -0.09    0.25    0.32   81.81

GS22    0.34    0.38    0.30    3.43   -1.25    0.31    1.30  167.12

GS23    0.07    0.07    0.15    0.60    0.35   -1.77    1.80  281.17

END_DATA


