IT8.7/2
ORIGINATOR "FotoTune"
DESCRIPTOR "Agfa IT8"
MATERIAL "Agfacolor"
MANUFACTURER "Agfa"
CREATED "Wed Jul 26 18:34:49 1995"
SERIAL "5x7 C50304xx"
PROD_DATE "1995:03"
INSTRUMENTATION "Gretag SPM-50"
NUMBER_OF_FIELDS 9
BEGIN_DATA_FORMAT
SAMPLE_ID XYZ_X XYZ_Y XYZ_Z LAB_L LAB_A LAB_B LAB_C LAB_H
END_DATA_FORMAT
NUMBER_OF_SETS 288
BEGIN_DATA
A1     3.40    2.83    1.94   19.33   11.67    3.64   12.22   17.34
A2     4.37    2.92    1.62   19.73   24.26    7.60   25.42   17.39
A3     5.52    3.18    1.57   20.74   34.35   10.00   35.78   16.23
A4     5.98    3.40    1.65   21.58   35.96   10.46   37.45   16.21
A5    12.44   10.79    7.73   39.23   14.65    4.37   15.29   16.59
A6    14.83   10.99    6.70   39.57   28.40    9.19   29.85   17.93
A7    17.37   11.10    5.81   39.74   42.15   13.50   44.26   17.76
A8    19.88   11.29    5.25   40.06   53.80   16.77   56.35   17.32
A9    40.52   39.85   31.17   69.36    6.63    2.57    7.11   21.21
A10   42.72   39.99   30.19   69.46   12.85    4.27   13.54   18.38
A11   46.13   40.54   29.31   69.86   21.05    6.36   21.99   16.82
A12   46.57   38.98   26.97   68.74   27.10    8.31   28.34   17.05
A13   71.50   74.48   62.95   89.15   -0.60   -1.49    1.60  248.08
A14   72.30   74.64   62.94   89.22    0.75   -1.35    1.55  298.93
A15   71.41   74.16   56.91   89.00   -0.14    4.29    4.29   91.83
A16   70.04   72.83   56.73   88.37   -0.34    3.39    3.41   95.72
A17   71.24   73.70   57.15   88.78    0.43    3.66    3.69   83.31
A18   70.58   73.65   57.07   88.76   -0.87    3.71    3.81  103.19
A19   71.22   73.85   62.52   88.85    0.10   -1.59    1.59  273.65
A20    1.42    1.06    0.71    9.47   12.84    2.83   13.15   12.42
A21    5.60    3.25    0.82   21.02   34.08   20.73   39.89   31.31
A22   10.04    5.33    0.83   27.66   47.06   32.09   56.96   34.29
B1     3.27    2.84    1.59   19.39    9.23    7.38   11.81   38.63
B2     4.09    3.02    1.01   20.11   18.79   16.22   24.83   40.79
B3     5.33    3.48    0.87   21.86   27.26   21.40   34.66   38.14
B4     6.04    3.79    0.87   22.95   30.72   23.36   38.59   37.25
B5    12.61   10.87    5.76   39.36   15.21   13.06   20.05   40.65
B6    14.57   10.96    3.74   39.51   27.08   24.38   36.44   42.00
B7    16.90   10.92    2.18   39.44   40.87   35.99   54.46   41.36
B8    19.03   11.14    1.51   39.82   50.55   43.56   66.73   40.75
B9    40.27   39.77   29.15   69.31    6.11    5.67    8.33   42.85
B10   42.33   39.90   26.05   69.40   11.98   11.03   16.28   42.64
B11   44.77   40.08   23.21   69.52   18.60   16.38   24.79   41.37
B12   46.50   40.03   21.26   69.49   23.68   20.10   31.06   40.33
B13   63.48   68.92   61.86   86.47   -6.63   -5.06    8.34  217.34
B14   69.05   68.75   61.03   86.38    6.09   -4.39    7.51  324.23
B15   69.92   72.75   48.79   88.33   -0.42   11.98   11.98   92.01
B16   57.39   59.69   48.18   81.67   -0.35    1.20    1.25  106.16
B17   65.89   65.69   47.41   84.84    5.82    7.55    9.54   52.35
B18   61.02   66.56   48.08   85.28   -7.23    7.54   10.45  133.77
B19   60.09   62.37   59.01   83.11   -0.06   -8.01    8.01  269.55
B20    3.27    2.17    0.79   16.35   22.36   13.22   25.97   30.60
B21    9.24    5.08    0.84   26.95   43.69   30.64   53.36   35.04
B22   30.47   26.05   14.44   58.09   21.27   15.85   26.53   36.71
C1     4.40    4.23    2.13   24.41    4.59   10.53   11.49   66.43
C2     4.84    4.33    1.37   24.75    8.82   19.28   21.20   65.42
C3     6.03    4.98    1.10   26.66   14.58   26.12   29.91   60.84
C4     6.36    5.23    1.11   27.38   15.04   27.27   31.14   61.12
C5    23.94   22.81   10.66   54.88    8.81   21.08   22.85   67.32
C6    26.04   23.04    5.62   55.11   16.74   40.89   44.18   67.74
C7    27.91   22.49    2.27   54.54   26.74   61.20   66.79   66.40
C8    30.99   24.16    1.94   56.25   31.13   67.25   74.10   65.16
C9    46.79   47.44   31.62   74.47    3.01   10.69   11.10   74.27
C10   48.85   48.01   26.18   74.83    7.14   20.16   21.39   70.49
C11   51.85   49.02   21.64   75.46   12.41   29.65   32.15   67.30
C12   52.05   48.14   17.51   74.91   15.31   37.42   40.43   67.75
C13   54.94   62.51   59.88   83.19  -12.95   -8.75   15.63  214.05
C14   63.44   59.41   57.34   81.52   14.61   -9.05   17.19  328.23
C15   68.52   71.27   41.39   87.61   -0.38   19.71   19.71   91.09
C16   44.44   46.05   37.84   73.58    0.16    0.18    0.25   48.15
C17   58.60   54.97   38.05   79.03   13.98    9.30   16.79   33.63
C18   51.32   58.85   39.70   81.21  -13.75   10.85   17.51  141.71
C19   47.95   49.08   53.67   75.50    1.80  -15.56   15.67  276.60
C20    2.15    1.72    0.82   13.95   11.64    8.61   14.47   36.48
C21   24.06   18.15    5.78   49.67   31.76   30.78   44.23   44.10
C22   36.10   33.52   20.92   64.58   13.10   12.33   17.99   43.26
D1     4.13    4.30    2.20   24.63   -0.13   10.25   10.25   90.74
D2     4.14    4.33    1.42   24.72   -0.44   18.57   18.58   91.34
D3     4.86    4.99    1.21   26.70    0.69   24.72   24.73   88.41
D4     4.89    4.99    1.20   26.72    1.00   24.85   24.87   87.70
D5    26.51   27.83   13.74   59.73   -1.26   20.53   20.57   93.52
D6    26.48   27.83    7.84   59.73   -1.39   39.31   39.33   92.02
D7    26.00   27.58    3.49   59.51   -2.39   60.50   60.55   92.26
D8    27.67   27.77    2.19   59.68    3.62   70.81   70.90   87.07
D9    53.45   56.27   35.56   79.77   -2.01   14.01   14.15   98.16
D10   54.57   57.48   29.17   80.45   -2.10   24.85   24.94   94.82
D11   55.44   58.43   23.90   80.98   -2.19   34.86   34.93   93.59
D12   56.97   59.69   20.32   81.67   -1.39   43.01   43.04   91.84
D13   46.76   55.87   57.64   79.54  -18.95  -12.77   22.85  213.97
D14   58.12   51.35   53.23   76.89   22.03  -12.69   25.43  330.05
D15   67.03   69.52   34.22   86.76    0.06   28.00   28.00   89.89
D16   33.47   34.62   28.98   65.46    0.35   -0.70    0.79  296.54
D17   51.99   46.03   29.53   73.56   20.97   12.40   24.36   30.59
D18   41.73   50.67   31.71   76.48  -20.34   14.00   24.70  145.47
D19   37.48   37.90   48.27   67.95    3.10  -22.56   22.77  277.81
D20   15.52   11.71    3.35   40.75   27.40   29.07   39.95   46.70
D21   23.68   22.75   14.33   54.82    7.91   10.49   13.14   52.99
D22   40.38   39.22   24.21   68.91    8.14   13.46   15.73   58.84
E1     3.71    4.20    2.19   24.32   -4.94    9.86   11.03  116.60
E2     3.50    4.41    1.52   24.97  -11.05   17.87   21.00  121.73
E3     3.86    5.05    1.31   26.87  -13.75   23.70   27.40  120.12
E4     3.90    5.11    1.31   27.04  -13.78   23.90   27.59  119.97
E5    13.19   14.88    7.76   45.47   -7.31   15.02   16.71  115.95
E6    11.90   14.66    4.53   45.16  -14.67   29.41   32.87  116.52
E7    11.00   15.23    2.62   45.94  -24.46   43.44   49.85  119.38
E8    10.27   13.94    1.90   44.15  -22.26   46.80   51.83  115.43
E9    36.95   40.22   26.59   69.62   -5.84   10.48   12.00  119.15
E10   36.34   41.02   23.20   70.19  -10.30   17.56   20.36  120.39
E11   36.51   42.65   19.77   71.32  -14.61   26.29   30.08  119.05
E12   35.53   42.77   16.20   71.40  -18.22   34.43   38.95  117.88
E13   39.61   49.67   55.04   75.87  -24.25  -16.39   29.27  214.06
E14   52.21   43.00   48.55   71.56   30.19  -16.67   34.49  331.10
E15   65.11   67.04   26.21   85.53    1.12   38.56   38.57   88.34
E16   24.42   25.13   21.13   57.20    0.85   -0.82    1.18  316.05
E17   45.64   38.02   21.86   68.03   27.51   16.41   32.04   30.81
E18   32.95   42.62   24.36   71.30  -26.65   17.31   31.78  146.99
E19   28.71   28.48   42.42   60.32    4.93  -28.65   29.08  279.77
E20   27.10   18.92    1.60   50.59   40.55   61.11   73.34   56.44
E21   19.35   16.01    3.28   46.98   21.32   40.29   45.59   62.11
E22   30.54   26.62    9.38   58.63   19.20   31.76   37.11   58.85
F1     1.47    1.82    1.30   14.53   -7.71    2.50    8.10  162.04
F2     1.16    1.83    1.11   14.58  -17.09    5.08   17.83  163.44
F3     1.18    2.14    1.14   16.19  -23.63    7.50   24.80  162.39
F4     1.20    2.21    1.11   16.56  -24.38    8.62   25.86  160.54
F5     6.89    8.53    5.80   35.06  -12.61    5.46   13.74  156.59
F6     5.63    8.59    4.94   35.17  -26.62    9.96   28.42  159.48
F7     4.46    8.43    4.04   34.86  -39.66   14.51   42.23  159.91
F8     3.57    8.49    3.46   34.98  -53.14   18.39   56.23  160.91
F9    36.98   40.57   30.52   69.87   -6.83    4.46    8.16  146.82
F10   35.96   41.36   30.31   70.43  -12.57    5.75   13.82  155.41
F11   34.82   42.13   29.26   70.96  -18.73    8.35   20.50  155.98
F12   33.18   42.40   28.22   71.15  -25.20   10.37   27.25  157.64
F13   33.42   43.99   52.43   72.22  -28.98  -19.87   35.14  214.44
F14   48.21   37.74   45.11   67.83   35.57  -19.04   40.34  331.84
F15   63.66   65.02   20.71   84.50    2.27   47.09   47.14   87.24
F16   18.35   19.05   15.84   50.74   -0.04   -0.34    0.34  262.44
F17   40.91   32.42   16.25   63.69   32.26   21.02   38.50   33.09
F18   27.16   36.89   18.83   67.20  -30.80   21.19   37.38  145.47
F19   22.61   22.20   38.02   54.24    5.61  -33.41   33.87  279.53
F20   27.91   27.12   14.42   59.08    7.17   17.60   19.01   67.83
F21   35.03   32.57   12.58   63.81   12.80   30.75   33.31   67.40
F22   39.50   38.07   18.29   68.07    9.02   23.89   25.54   69.32
G1     2.27    2.84    2.53   19.37   -9.21   -1.62    9.35  190.00
G2     1.88    2.88    2.84   19.54  -18.57   -3.80   18.96  191.55
G3     1.77    3.26    3.37   21.04  -27.69   -5.02   28.14  190.27
G4     1.87    3.50    3.58   21.94  -29.19   -4.86   29.60  189.44
G5     9.34   11.32    9.67   40.11  -12.16   -1.17   12.22  185.48
G6     7.90   11.25    9.99   40.00  -24.13   -2.41   24.25  185.71
G7     6.42   11.12   10.67   39.78  -37.76   -4.98   38.09  187.51
G8     5.28   11.06   11.10   39.68  -50.11   -6.51   50.53  187.40
G9    37.01   40.99   32.87   70.17   -8.01    1.38    8.13  170.22
G10   35.34   41.35   33.97   70.42  -14.65    0.20   14.65  179.22
G11   34.64   42.67   35.86   71.33  -20.95   -0.95   20.97  182.60
G12   33.22   43.26   36.44   71.73  -27.57   -1.07   27.60  182.23
G13   28.06   38.76   49.61   68.58  -33.17  -23.01   40.37  214.75
G14   42.85   31.17   40.30   62.65   42.62  -21.93   47.93  332.77
G15   62.17   62.75   15.56   83.31    3.93   56.51   56.65   86.02
G16   12.74   13.16   10.90   43.00    0.37   -0.16    0.40  336.55
G17   35.69   26.45   11.68   58.46   38.09   24.13   45.09   32.35
G18   21.39   31.01   14.32   62.52  -35.69   23.80   42.90  146.30
G19   16.85   15.93   32.79   46.89    8.53  -38.64   39.57  282.45
G20   37.55   37.14   17.26   67.39    5.76   25.03   25.68   77.04
G21   36.42   35.97   11.17   66.50    5.87   39.52   39.95   81.55
G22   53.54   50.85    3.77   76.59   11.93   88.15   88.95   82.29
H1     2.36    2.74    3.05   18.97   -5.57   -6.36    8.45  228.81
H2     2.26    2.94    4.40   19.81  -11.32  -13.57   17.67  230.18
H3     1.92    2.76    5.53   19.06  -15.66  -20.81   26.05  233.05
H4     2.22    3.27    6.82   21.10  -17.63  -23.19   29.13  232.76
H5     9.84   11.21   11.64   39.93   -7.40   -7.71   10.68  226.18
H6     8.95   11.37   15.03   40.20  -15.84  -16.51   22.88  226.19
H7     7.85   11.15   18.94   39.83  -23.87  -26.24   35.47  227.70
H8     6.78   10.59   22.46   38.88  -30.14  -35.01   46.20  229.27
H9    37.42   40.78   35.91   70.02   -6.01   -3.28    6.84  208.60
H10   37.76   42.42   40.72   71.16   -9.86   -7.80   12.57  218.36
H11   36.76   43.21   47.42   71.70  -15.42  -15.11   21.59  224.42
H12   35.68   43.05   50.26   71.59  -18.54  -18.55   26.23  225.01
H13   22.86   33.37   46.33   64.46  -37.30  -26.31   45.64  215.20
H14   37.15   24.70   34.95   56.78   50.14  -24.74   55.91  333.74
H15   60.34   60.05   10.96   81.86    5.90   66.67   66.93   84.95
H16    7.99    8.20    6.74   34.40    0.76    0.13    0.77    9.46
H17   30.62   21.07    7.35   53.03   43.64   29.68   52.77   34.22
H18   16.08   25.19   10.03   57.26  -40.53   27.21   48.81  146.12
H19   11.78   10.56   27.43   38.83   11.77  -44.05   45.59  284.97
H20   42.03   43.43   17.11   71.85    0.50   33.06   33.07   89.13
H21   33.21   34.83   23.08   65.61   -1.25    9.88    9.96   97.22
H22   37.52   41.31   11.86   70.39   -7.32   44.17   44.78   99.41
I1     3.90    3.97    5.37   23.58    1.05  -12.22   12.26  274.92
I2     4.08    4.10    8.29   24.01    1.74  -24.02   24.08  274.14
I3     4.25    4.19   11.97   24.27    3.07  -35.67   35.80  274.92
I4     4.27    4.09   15.79   23.96    4.76  -46.39   46.64  275.86
I5    13.97   14.40   14.64   44.80    0.55   -7.58    7.60  274.16
I6    13.97   14.20   18.78   44.52    1.75  -17.80   17.88  275.61
I7    14.40   14.51   24.21   44.96    2.54  -27.84   27.95  275.22
I8    15.03   14.94   29.73   45.55    3.82  -36.21   36.41  276.02
I9    38.84   40.71   35.50   69.97   -1.25   -2.78    3.05  245.88
I10   40.28   42.03   41.26   70.89   -0.71   -8.96    8.99  265.44
I11   41.56   43.08   46.74   71.61    0.12  -14.47   14.47  270.47
I12   40.81   42.08   50.68   70.92    0.79  -20.17   20.19  272.26
I13   18.83   28.89   43.15   60.68  -40.38  -28.96   49.69  215.65
I14   33.63   21.09   31.45   53.05   54.39  -26.00   60.28  334.46
I15   58.89   57.97    8.33   80.72    7.38   73.61   73.98   84.27
I16    5.35    5.52    4.31   28.17    0.35    1.38    1.43   75.86
I17   27.13   17.59    4.86   48.99   47.54   34.24   58.59   35.76
I18   12.65   21.13    7.12   53.09  -43.71   30.73   53.43  144.89
I19    8.71    7.40   23.58   32.69   14.51  -47.80   49.96  286.89
I20   43.17   48.03   17.17   74.84   -9.01   38.08   39.13  103.31
I21   12.99   17.58    4.09   48.98  -23.75   38.52   45.25  121.66
I22   30.19   38.85   18.39   68.64  -25.27   24.65   35.30  135.71
J1     1.91    1.71    2.74   13.87    6.61  -12.79   14.40  297.33
J2     2.25    1.72    4.72   13.96   13.64  -25.39   28.82  298.25
J3     2.72    1.78    7.75   14.31   21.49  -38.65   44.22  299.07
J4     2.91    1.65   10.43   13.55   28.31  -49.43   56.97  299.80
J5    11.26   10.88   11.78   39.38    5.71   -9.06   10.71  302.23
J6    12.00   10.94   15.26   39.49   10.51  -18.30   21.10  299.87
J7    12.88   11.04   20.09   39.65   15.77  -28.97   32.98  298.55
J8    13.78   11.12   23.88   39.79   21.00  -36.13   41.79  300.17
J9    39.93   40.87   36.38   70.08    1.71   -3.83    4.20  294.02
J10   41.31   41.44   40.02   70.48    4.23   -8.06    9.10  297.69
J11   43.59   42.61   46.19   71.29    7.54  -14.37   16.23  297.68
J12   43.29   41.33   49.77   70.41   10.46  -20.03   22.60  297.58
J13   13.46   22.32   37.91   54.36  -43.90  -33.04   54.95  216.97
J14   28.67   16.39   26.40   47.48   60.15  -27.37   66.09  335.53
J15   57.31   55.57    5.87   79.37    9.38   81.53   82.07   83.44
J16    2.66    2.82    2.30   19.32   -1.18    0.28    1.22  166.67
J17   23.18   13.96    2.75   44.18   51.56   39.35   64.86   37.35
J18    7.65   14.80    4.14   45.36  -49.64   32.04   59.09  147.16
J19    5.44    4.16   18.52   24.21   18.43  -52.25   55.41  289.43
J20   32.09   41.24   24.96   70.34  -25.62   14.58   29.48  150.35
J21    4.12    7.79    1.69   33.55  -38.76   30.65   49.41  141.66
J22    1.19    2.02    1.04   15.60  -20.68    7.98   22.17  158.91
K1     4.86    4.05    4.80   23.83   13.06   -8.84   15.77  325.90
K2     6.34    4.32    7.16   24.71   26.41  -18.39   32.18  325.15
K3     7.53    4.24    9.65   24.46   39.39  -28.05   48.36  324.54
K4     8.60    4.31   12.04   24.66   48.19  -35.22   59.69  323.84
K5    15.04   13.72   14.14   43.82   11.35   -7.96   13.86  324.94
K6    16.96   13.68   17.48   43.78   22.54  -16.18   27.74  324.32
K7    20.05   14.33   22.22   44.70   34.62  -24.52   42.42  324.69
K8    22.63   14.27   26.59   44.62   47.17  -32.62   57.35  325.33
K9    41.30   41.03   36.64   70.20    5.42   -4.00    6.74  323.60
K10   44.13   41.37   39.86   70.44   12.80   -7.93   15.06  328.21
K11   48.54   42.80   46.36   71.42   20.98  -14.34   25.41  325.65
K12   50.11   42.34   47.37   71.11   26.59  -16.07   31.07  328.86
K13   11.39   19.53   35.31   51.30  -44.68  -34.71   56.58  217.85
K14   24.44   12.86   21.99   42.56   64.08  -27.78   69.84  336.57
K15   50.36   46.27    2.71   73.72   16.00   90.64   92.04   79.99
K16    1.31    1.36    1.13   11.70   -0.07   -0.03    0.08  206.36
K17   19.10   10.64    1.38   38.96   54.61   43.55   69.85   38.57
K18    4.83   10.45    2.31   38.63  -51.12   33.49   61.11  146.77
K19    3.59    2.29   14.35   16.94   25.00  -54.88   60.31  294.49
K20    2.55    3.34    2.04   21.35  -11.99    6.10   13.46  153.05
K21    1.23    1.73    1.56   14.02  -12.57   -1.50   12.66  186.80
K22    1.55    2.06    3.02   15.81  -11.05  -11.59   16.02  226.37
L1     3.31    2.76    2.46   19.05   11.38   -1.63   11.50  351.85
L2     4.35    2.87    2.76   19.51   25.01   -3.19   25.21  352.73
L3     5.77    3.30    3.65   21.21   35.22   -6.57   35.83  349.43
L4     6.54    3.62    4.26   22.38   38.51   -8.31   39.40  347.83
L5    12.38   10.57    9.63   38.85   15.84   -3.19   16.16  348.63
L6    15.19   10.98   10.52   39.55   30.66   -4.92   31.05  350.89
L7    18.25   11.14   11.39   39.82   46.51   -7.15   47.06  351.27
L8    20.39   11.61   12.42   40.59   54.04   -8.84   54.75  350.71
L9    41.35   40.54   33.84   69.85    7.05   -0.59    7.07  355.19
L10   44.06   40.90   34.68   70.10   14.04   -1.38   14.11  354.37
L11   47.94   41.75   35.57   70.70   22.45   -1.63   22.51  355.84
L12   48.18   39.70   35.55   69.26   29.33   -4.09   29.61  352.07
L13    7.85   14.05   29.28   44.31  -43.25  -37.64   57.33  221.03
L14   21.10   10.46   18.51   38.65   65.76  -27.31   71.21  337.44
L15   47.00   41.97    2.40   70.85   19.20   88.26   90.33   77.73
L16    0.65    0.66    0.68    5.98    0.28   -2.55    2.57  276.18
L17   16.22    8.58    0.93   35.16   55.54   43.39   70.48   38.00
L18    3.51    7.95    1.76   33.89  -49.36   30.51   58.03  148.28
L19    2.54    1.36   11.22   11.68   29.54  -55.15   62.57  298.18
L20    0.68    0.79    0.85    7.15   -3.32   -3.68    4.95  227.95
L21    0.92    0.78    0.97    7.07    6.65   -5.71    8.76  319.34
L22    2.17    1.65    1.44   13.53   13.99   -0.92   14.02  356.26
GS0    73.52   76.17   64.30   89.94    0.21   -1.43    1.44  278.20
GS1    67.24   69.97   55.13   86.98   -0.43    2.67    2.71   99.22
GS2    59.04   61.20   49.48   82.49    0.11    1.12    1.13   84.25
GS3    50.80   52.59   42.67   77.63    0.31    0.87    0.92   70.21
GS4    45.71   47.29   38.24   74.38    0.37    1.02    1.08   69.98
GS5    39.86   41.29   34.20   70.38    0.17   -0.21    0.27  309.00
GS6    33.77   35.05   29.43   65.79   -0.03   -0.86    0.86  268.03
GS7    29.51   30.50   24.92   62.08    0.42    0.42    0.59   44.57
GS8    25.16   26.08   21.25   58.11    0.11    0.50    0.51   77.38
GS9    21.23   22.02   17.96   54.05    0.05    0.44    0.44   83.30
GS10   17.89   18.75   15.00   50.40   -0.97    1.17    1.52  129.80
GS11   15.07   15.65   12.53   46.51   -0.09    1.06    1.07   94.87
GS12   12.23   12.72   10.30   42.34   -0.25    0.62    0.67  112.15
GS13    9.98   10.30    8.29   38.37    0.45    0.76    0.88   59.35
GS14    7.82    8.08    6.43   34.15    0.34    1.03    1.09   71.69
GS15    6.24    6.42    5.01   30.45    0.53    1.44    1.53   69.76
GS16    4.86    5.04    3.90   26.86   -0.02    1.56    1.56   90.77
GS17    3.45    3.62    2.85   22.37   -0.60    1.03    1.19  120.02
GS18    2.45    2.59    2.13   18.30   -0.79    0.01    0.79  179.00
GS19    1.76    1.83    1.48   14.55   -0.02    0.26    0.26   94.29
GS20    1.22    1.26    1.03   10.97    0.34    0.08    0.35   12.48
GS21    0.99    1.02    0.83    9.17    0.35    0.18    0.39   27.37
GS22    0.80    0.82    0.73    7.41    0.33   -1.09    1.14  286.94
GS23    0.47    0.47    0.63    4.20    0.85   -4.57    4.64  280.57
END_DATA
