IT8.7/2
ORIGINATOR "FotoTune"
DESCRIPTOR "Agfa IT8"
MATERIAL "Agfacolor"
MANUFACTURER "Agfa"
CREATED "Mon Mar 11 10:37:18 1996"
PROD_DATE "1996:03"
SERIAL "5x7 c60111xx"
NUMBER_OF_FIELDS 9
BEGIN_DATA_FORMAT
SAMPLE_ID XYZ_X XYZ_Y XYZ_Z LAB_L LAB_A LAB_B LAB_C LAB_H
END_DATA_FORMAT
NUMBER_OF_SETS 288
BEGIN_DATA
A1     3.19    2.70    1.91   18.81   10.51    2.98   10.93   15.84
A2     4.26    2.90    1.63   19.67   23.13    7.36   24.27   17.65
A3     6.57    4.00    1.76   23.67   33.19   12.87   35.60   21.20
A4     7.37    4.40    1.85   24.95   35.71   14.25   38.44   21.76
A5    12.59   10.84    8.01   39.32   15.25    3.40   15.62   12.59
A6    14.04   10.17    6.41   38.15   29.67    7.98   30.73   15.06
A7    17.06   10.72    5.51   39.11   43.21   13.84   45.38   17.76
A8    19.24   10.88    4.89   39.37   53.58   17.50   56.37   18.09
A9    41.97   41.16   32.57   70.29    7.06    2.03    7.34   15.99
A10   44.00   40.97   32.12   70.15   13.63    2.47   13.85   10.26
A11   47.11   41.68   31.14   70.65   20.35    4.85   20.92   13.38
A12   49.10   41.64   29.60   70.62   25.95    7.21   26.94   15.52
A13   72.64   75.64   63.26   89.69   -0.55   -0.87    1.03  237.49
A14   73.99   76.32   63.29   90.01    0.89   -0.36    0.97  338.32
A15   73.78   76.30   61.40   90.00    0.50    1.47    1.55   71.35
A16   72.06   74.95   61.08   89.37   -0.38    0.71    0.80  117.92
A17   73.74   76.13   61.51   89.92    0.76    1.23    1.44   57.90
A18   72.37   75.37   61.26   89.57   -0.57    0.88    1.04  122.96
A19   72.54   75.33   62.80   89.54   -0.13   -0.67    0.69  258.29
A20    1.58    1.30    0.78   11.22    9.72    4.58   10.75   25.23
A21    6.59    4.01    0.90   23.69   33.29   24.01   41.05   35.81
A22   11.40    6.36    0.91   30.30   45.89   35.32   57.90   37.58
B1     2.99    2.69    1.52   18.74    7.48    7.01   10.25   43.15
B2     3.80    2.82    0.99   19.32   17.95   15.20   23.53   40.28
B3     5.14    3.39    0.87   21.56   26.37   20.88   33.64   38.39
B4     6.13    3.85    0.87   23.16   30.74   23.74   38.85   37.68
B5    12.77   10.87    5.76   39.35   16.33   13.10   20.93   38.74
B6    14.16   10.45    3.53   38.64   28.31   24.30   37.31   40.64
B7    17.33   11.05    2.16   39.65   42.28   36.59   55.93   40.87
B8    18.85   11.09    1.44   39.72   50.03   44.15   66.73   41.43
B9    42.47   41.97   30.87   70.85    6.10    5.61    8.28   42.60
B10   44.38   41.90   28.24   70.80   11.95    9.73   15.41   39.12
B11   46.37   41.85   25.42   70.78   17.76   14.50   22.92   39.24
B12   48.76   42.48   23.60   71.20   22.58   18.53   29.20   39.38
B13   65.69   70.76   61.92   87.37   -5.53   -3.57    6.59  212.82
B14   71.21   71.29   61.57   87.62    5.34   -2.78    6.02  332.42
B15   72.17   74.79   53.11   89.29    0.18    8.81    8.81   88.87
B16   61.40   64.32   51.94   84.13   -1.36    1.18    1.80  138.68
B17   69.25   69.59   52.18   86.79    4.77    5.52    7.28   49.20
B18   64.14   69.26   52.51   86.63   -5.84    4.89    7.61  140.13
B19   63.22   65.91   59.88   84.95   -0.70   -5.72    5.77  263.02
B20    3.68    2.51    0.85   17.98   22.01   15.11   26.69   34.49
B21   10.73    6.07    0.91   29.59   44.02   34.00   55.62   37.68
B22   33.54   29.40   16.74   61.14   19.23   15.44   24.67   38.77
C1     4.13    4.00    2.11   23.65    4.09    9.44   10.29   66.58
C2     4.66    4.18    1.30   24.27    8.60   19.31   21.14   65.98
C3     5.82    5.02    1.09   26.80   11.62   26.59   29.02   66.38
C4     6.20    5.32    1.09   27.61   12.35   27.94   30.55   66.13
C5    26.05   25.28   12.00   57.35    7.12   21.27   22.44   71.49
C6    26.33   23.33    5.19   55.40   16.62   43.51   46.58   69.08
C7    29.22   24.24    2.41   56.32   24.13   63.15   67.60   69.08
C8    29.74   23.28    1.68   55.36   30.29   68.38   74.79   66.11
C9    49.06   49.71   34.21   75.89    3.15    9.26    9.78   71.21
C10   50.85   50.17   28.60   76.17    6.73   18.39   19.58   69.87
C11   52.70   50.30   23.88   76.26   11.22   26.74   29.00   67.26
C12   54.31   50.65   19.22   76.47   14.39   36.34   39.08   68.40
C13   56.80   64.10   59.95   84.01  -11.89   -7.40   14.01  211.90
C14   65.27   61.49   57.67   82.64   13.91   -7.47   15.78  331.76
C15   70.34   72.93   44.73   88.42    0.09   16.92   16.92   89.68
C16   47.53   49.28   40.31   75.63    0.09    0.42    0.43   77.24
C17   61.74   58.51   41.96   81.02   12.81    7.61   14.90   30.72
C18   54.21   61.47   43.64   82.63  -12.40    8.27   14.91  146.28
C19   50.92   52.23   54.58   77.42    1.54  -13.24   13.33  276.64
C20    2.41    1.92    0.85   15.06   12.41   10.06   15.98   39.01
C21   25.62   19.58    6.35   51.36   31.15   31.08   44.00   44.94
C22   39.40   36.99   23.73   67.26   12.16   11.53   16.76   43.47
D1     3.86    4.03    2.15   23.76   -0.41    9.27    9.28   92.52
D2     3.82    4.06    1.30   23.87   -1.32   18.57   18.61   94.07
D3     4.61    5.12    1.20   27.08   -4.30   25.51   25.87   99.56
D4     4.73    5.26    1.20   27.48   -4.31   26.23   26.58   99.32
D5    27.67   29.19   14.47   60.95   -1.86   20.70   20.78   95.14
D6    25.83   27.47    7.30   59.40   -2.63   40.90   40.99   93.69
D7    26.31   28.08    3.58   59.96   -3.09   60.69   60.76   92.91
D8    27.62   29.38    2.16   61.11   -2.72   73.53   73.58   92.12
D9    55.49   58.53   39.01   81.03   -2.30   11.45   11.68  101.36
D10   55.57   58.69   32.14   81.12   -2.49   21.35   21.50   96.64
D11   56.81   59.82   26.52   81.74   -2.08   31.49   31.56   93.79
D12   56.83   60.00   22.33   81.83   -2.43   39.28   39.36   93.53
D13   48.19   57.18   57.50   80.29  -18.15  -11.36   21.41  212.04
D14   59.86   53.24   53.72   78.02   21.37  -11.29   24.17  332.16
D15   68.43   70.81   36.53   87.40    0.39   25.79   25.80   89.12
D16   35.92   37.33   30.90   67.52   -0.18   -0.20    0.28  230.43
D17   55.08   49.45   33.07   75.74   19.51   10.66   22.24   28.65
D18   44.22   53.07   35.14   77.92  -19.18   11.42   22.33  149.24
D19   39.98   40.78   49.34   70.03    2.10  -20.22   20.33  275.93
D20   16.56   12.31    3.43   41.70   29.26   30.19   42.04   45.89
D21   26.77   26.39   17.08   58.40    5.53    9.94   11.37   60.87
D22   42.96   42.18   26.88   70.99    6.97   12.35   14.17   60.58
E1     3.57    4.03    2.14   23.79   -4.88    9.44   10.62  117.32
E2     3.38    4.30    1.39   24.65  -11.59   18.78   22.08  121.67
E3     4.16    5.90    1.34   29.17  -19.28   27.22   33.35  125.31
E4     4.11    5.88    1.33   29.09  -19.69   27.19   33.58  125.91
E5    13.41   15.68    8.14   46.56  -10.51   15.44   18.68  124.25
E6    11.22   14.38    4.36   44.76  -17.80   29.70   34.62  120.93
E7     9.53   13.45    2.40   43.44  -24.96   40.97   47.97  121.35
E8    10.72   16.24    2.05   47.29  -32.38   50.80   60.24  122.52
E9    38.64   41.99   28.32   70.86   -5.72    9.70   11.26  120.52
E10   37.96   42.78   24.53   71.42  -10.27   17.21   20.04  120.85
E11   36.84   43.05   21.35   71.59  -14.67   23.53   27.73  121.93
E12   36.01   43.28   17.87   71.75  -18.10   31.17   36.04  120.15
E13   40.82   50.85   54.82   76.58  -23.60  -14.94   27.93  212.34
E14   55.18   46.58   49.97   73.92   27.59  -14.22   31.03  332.74
E15   66.36   68.26   28.49   86.14    1.28   35.76   35.78   87.96
E16   27.40   28.67   23.38   60.50   -0.98    0.51    1.11  152.57
E17   49.43   42.40   24.76   71.15   24.60   16.32   29.52   33.57
E18   36.10   45.65   27.06   73.32  -24.57   16.03   29.33  146.87
E19   31.94   32.38   44.41   63.65    2.67  -25.39   25.53  276.00
E20   28.92   21.35    1.60   53.33   35.94   65.79   74.96   61.35
E21   21.64   18.17    3.53   49.71   20.68   43.33   48.01   64.49
E22   34.42   30.86   11.31   62.39   16.83   32.01   36.17   62.26
F1     1.44    1.81    1.22   14.44   -7.97    3.41    8.66  156.83
F2     1.23    1.96    1.10   15.23  -17.90    6.41   19.02  160.29
F3     1.26    2.44    1.11   17.64  -27.08   10.44   29.01  158.91
F4     1.40    2.86    1.17   19.48  -30.66   12.69   33.17  157.50
F5     6.24    8.12    5.61   34.25  -15.81    4.99   16.58  162.47
F6     5.40    8.60    4.76   35.20  -29.29   10.98   31.28  159.46
F7     4.48    8.61    3.93   35.22  -40.94   15.79   43.89  158.90
F8     3.72    8.76    3.36   35.53  -53.17   20.02   56.82  159.37
F9    38.15   41.81   31.87   70.74   -6.78    3.87    7.80  150.29
F10   37.29   42.86   32.06   71.46  -12.65    4.82   13.54  159.16
F11   35.42   42.53   31.01   71.24  -17.89    6.05   18.88  161.32
F12   33.74   42.75   29.62   71.38  -24.24    8.49   25.68  160.70
F13   35.46   45.96   52.49   73.52  -27.60  -17.71   32.79  212.70
F14   50.97   40.93   46.50   70.13   33.09  -16.76   37.09  333.14
F15   64.97   66.42   23.60   85.21    2.17   42.69   42.75   87.10
F16   21.15   22.24   18.08   54.28   -1.39    0.58    1.52  157.19
F17   44.60   36.52   19.39   66.92   29.36   19.51   35.25   33.60
F18   29.84   39.65   21.77   69.22  -29.05   18.62   34.50  147.34
F19   25.72   25.73   40.06   57.78    3.91  -30.02   30.28  277.43
F20   31.28   30.85   16.48   62.38    5.75   18.20   19.10   72.47
F21   38.39   36.15   14.31   66.64   11.70   30.92   33.06   69.27
F22   41.69   40.32   20.65   69.69    8.76   21.67   23.39   67.98
G1     2.14    2.68    2.46   18.74   -9.24   -2.12    9.49  192.99
G2     1.88    2.90    2.77   19.65  -18.96   -3.05   19.20  189.14
G3     1.76    3.39    3.24   21.55  -30.23   -3.27   30.40  186.18
G4     2.08    4.23    3.91   24.42  -35.04   -2.70   35.14  184.42
G5     8.90   11.28    9.88   40.05  -15.63   -1.96   15.76  187.17
G6     7.70   11.53   10.67   40.47  -28.02   -3.81   28.28  187.73
G7     6.39   11.23   10.98   39.96  -38.92   -5.64   39.33  188.24
G8     4.79   10.38   11.01   38.50  -51.09   -8.26   51.76  189.18
G9    36.74   40.53   33.10   69.84   -7.46    0.47    7.47  176.36
G10   34.77   40.49   34.18   69.82  -13.98   -1.16   14.02  184.74
G11   34.07   41.94   36.10   70.84  -20.77   -2.15   20.88  185.90
G12   32.78   42.25   37.00   71.04  -26.19   -3.03   26.36  186.61
G13   28.49   39.25   48.89   68.93  -33.03  -21.58   39.46  213.17
G14   45.10   33.58   41.42   64.62   40.68  -19.99   45.32  333.83
G15   62.67   63.24   16.56   83.57    4.01   54.56   54.69   85.79
G16   13.90   14.62   11.97   45.11   -1.21    0.25    1.25  167.93
G17   37.78   28.59   12.85   60.42   36.53   24.11   43.76   33.43
G18   22.51   32.21   15.56   63.51  -34.83   22.39   41.40  147.27
G19   18.35   17.74   33.85   49.18    6.73  -36.28   36.90  280.52
G20   40.61   40.40   19.32   69.76    5.21   24.55   25.09   78.02
G21   38.92   38.68   12.07   68.52    5.30   40.33   40.69   82.52
G22   46.62   44.82    3.13   72.77    9.85   85.79   86.35   83.45
H1     2.28    2.62    3.02   18.43   -5.07   -7.05    8.69  234.25
H2     2.11    2.73    4.22   18.93  -10.80  -14.02   17.69  232.40
H3     1.91    2.78    5.52   19.12  -16.05  -20.65   26.15  232.15
H4     2.57    3.93    8.39   23.46  -20.68  -25.31   32.68  230.74
H5     9.40   11.19   12.01   39.90  -10.85   -8.88   14.02  219.29
H6     8.19   10.95   15.05   39.50  -19.34  -17.76   26.26  222.57
H7     7.37   10.81   18.45   39.26  -26.01  -26.15   36.89  225.15
H8     6.95   10.84   21.73   39.31  -30.30  -32.87   44.71  227.33
H9    36.78   40.33   35.64   69.71   -6.73   -3.45    7.57  207.14
H10   36.15   40.79   39.48   70.03  -10.23   -8.15   13.07  218.54
H11   35.08   41.01   44.44   70.19  -14.49  -14.17   20.27  224.35
H12   34.64   41.72   48.32   70.68  -18.10  -17.93   25.47  224.73
H13   22.08   32.60   44.78   63.83  -38.18  -25.53   45.93  213.77
H14   37.62   25.02   34.53   57.10   50.34  -23.60   55.60  334.89
H15   60.22   59.82   11.27   81.74    6.15   65.48   65.77   84.63
H16    8.03    8.38    7.00   34.76   -0.44   -0.38    0.60  215.10
H17   31.77   22.12    8.14   54.16   43.02   28.54   51.62   33.56
H18   15.70   24.83   10.45   56.92  -41.22   25.24   48.34  148.52
H19   11.72   10.66   27.01   39.00   10.60  -43.03   44.33  283.85
H20   43.78   45.57   19.26   73.27   -0.41   30.72   30.74   90.75
H21   35.76   37.55   25.56   67.68   -1.43    8.92    9.03   99.15
H22   38.28   42.17   13.38   70.99   -7.42   40.89   41.56  100.29
I1     3.64    3.70    5.28   22.64    1.22  -13.37   13.42  275.20
I2     3.89    3.84    8.50   23.12    2.88  -26.33   26.49  276.25
I3     3.88    3.72   11.36   22.73    4.44  -36.54   36.81  276.92
I4     3.97    3.70   14.75   22.67    6.05  -46.01   46.40  277.48
I5    14.58   15.35   16.10   46.11   -1.34   -8.94    9.04  261.47
I6    13.93   14.60   19.48   45.07   -0.88  -18.35   18.37  267.27
I7    13.64   14.24   23.68   44.57   -0.52  -27.53   27.54  268.91
I8    13.88   14.39   27.85   44.78    0.07  -34.49   34.49  270.11
I9    38.26   39.94   35.42   69.43   -0.75   -3.63    3.70  258.41
I10   39.30   41.03   40.38   70.19   -0.75   -9.03    9.07  265.26
I11   39.78   41.11   44.57   70.26    0.48  -14.20   14.20  271.94
I12   39.58   40.88   47.99   70.10    0.54  -18.56   18.57  271.67
I13   17.19   27.07   40.82   59.03  -41.97  -28.85   50.93  214.51
I14   32.40   19.72   29.40   51.53   56.63  -25.40   62.06  335.84
I15   58.08   56.81    7.74   80.07    8.22   74.74   75.18   83.73
I16    4.55    4.75    3.93   26.01   -0.37   -0.09    0.39  190.87
I17   26.50   16.94    4.56   48.18   48.47   34.47   59.49   35.42
I18   11.43   19.69    6.82   51.49  -45.28   29.19   53.88  147.18
I19    7.82    6.61   21.96   30.88   14.38  -47.85   49.96  286.72
I20   44.18   48.89   19.10   75.39   -8.37   34.72   35.72  103.56
I21   12.68   17.41    3.80   48.77  -24.82   39.99   47.07  121.83
I22   30.17   38.46   19.88   68.36  -24.10   20.98   31.94  138.96
J1     1.83    1.62    2.64   13.39    6.73  -12.86   14.52  297.61
J2     2.18    1.65    4.72   13.56   14.06  -26.12   29.67  298.27
J3     2.72    1.79    7.93   14.31   21.51  -39.38   44.87  298.65
J4     2.90    1.71   10.34   13.88   26.84  -48.60   55.51  298.91
J5    11.42   11.23   12.48   39.96    4.43  -10.09   11.02  293.73
J6    11.63   10.57   15.53   38.85   10.69  -20.10   22.76  297.99
J7    11.92   10.10   19.33   38.02   16.30  -30.18   34.31  298.36
J8    12.48   10.02   22.01   37.88   20.67  -35.88   41.40  299.95
J9    39.22   40.04   36.14   69.50    1.97   -4.51    4.93  293.66
J10   40.61   40.67   39.52   69.94    4.39   -8.34    9.43  297.79
J11   42.09   40.89   43.93   70.10    8.24  -13.69   15.99  301.04
J12   42.29   40.53   47.55   69.85    9.96  -18.47   20.99  298.32
J13   13.31   22.27   36.85   54.31  -44.64  -31.68   54.74  215.37
J14   28.73   16.33   25.69   47.41   60.67  -26.26   66.10  336.60
J15   56.37   54.40    5.59   78.69    9.98   81.70   82.31   83.04
J16    2.77    2.89    2.31   19.64   -0.44    0.72    0.84  121.57
J17   22.97   13.78    2.61   43.92   51.71   40.04   65.40   37.75
J18    8.66   16.03    4.47   47.01  -47.72   32.92   57.97  145.39
J19    5.52    4.22   18.10   24.39   18.62  -51.03   54.32  290.05
J20   32.40   41.32   26.35   70.40  -24.70   12.21   27.56  153.71
J21    5.43   10.61    1.90   38.92  -45.03   37.78   58.78  140.01
J22    1.26    2.45    1.07   17.67  -27.20   11.15   29.40  157.71
K1     4.40    3.70    4.61   22.66   12.06   -9.81   15.54  320.89
K2     5.89    3.94    7.14   23.48   26.76  -20.46   33.68  322.60
K3     7.74    4.36   10.12   24.81   39.85  -29.06   49.32  323.90
K4     9.99    5.24   13.79   27.41   47.77  -35.34   59.42  323.51
K5    15.76   14.48   15.24   44.91   10.90   -8.90   14.08  320.80
K6    16.91   13.56   17.69   43.59   23.09  -16.99   28.67  323.65
K7    18.20   12.70   20.40   42.32   35.49  -25.01   43.42  324.83
K8    20.82   13.11   24.68   42.94   45.97  -32.17   56.10  325.01
K9    40.77   40.20   35.65   69.61    6.32   -3.62    7.28  330.21
K10   41.99   39.50   38.16   69.12   12.14   -7.95   14.51  326.76
K11   45.52   40.74   43.28   70.00   18.72  -13.07   22.83  325.09
K12   47.89   41.40   46.11   70.46   23.36  -15.73   28.17  326.06
K13   10.77   18.82   33.56   50.48  -45.69  -33.59   56.71  216.32
K14   23.47   12.11   20.32   41.39   64.83  -26.42   70.01  337.83
K15   50.17   46.21    2.55   73.68   15.66   91.88   93.21   80.33
K16    1.18    1.23    0.98   10.74    0.16    0.48    0.50   69.72
K17   18.87   10.49    1.25   38.72   54.49   44.78   70.52   39.42
K18    4.41    9.62    1.95   37.17  -50.36   34.26   60.90  145.78
K19    3.31    2.07   13.23   15.82   25.33  -53.81   59.47  295.21
K20    2.49    3.34    2.01   21.33  -13.07    6.32   14.52  154.15
K21    1.25    1.75    1.49   14.10  -12.34   -0.50   12.36  182.32
K22    1.54    2.04    3.10   15.68  -10.63  -12.38   16.32  229.34
L1     3.05    2.53    2.34   18.03   11.55   -2.27   11.76  348.88
L2     3.99    2.67    2.69   18.67   23.46   -4.11   23.82  350.05
L3     6.48    3.89    4.06   23.31   33.86   -5.55   34.31  350.69
L4     7.15    4.23    4.43   24.40   36.07   -5.84   36.53  350.80
L5    12.27   10.37    9.72   38.50   16.66   -4.11   17.16  346.14
L6    14.26   10.02   10.10   37.89   32.17   -6.40   32.79  348.74
L7    17.42   10.48   11.02   38.69   46.99   -7.96   47.66  350.39
L8    19.26   10.84   11.69   39.32   53.91   -8.93   54.64  350.60
L9    40.94   39.92   33.70   69.41    7.72   -1.16    7.80  351.42
L10   43.21   40.03   34.48   69.49   14.18   -2.17   14.35  351.29
L11   45.88   40.40   34.85   69.76   20.77   -2.24   20.90  353.85
L12   49.27   41.12   36.23   70.26   28.00   -3.32   28.19  353.23
L13    7.52   13.77   28.02   43.90  -44.49  -36.31   57.42  219.21
L14   21.11   10.48   18.06   38.71   65.62  -26.24   70.67  338.21
L15   47.81   43.26    2.26   71.73   17.67   90.89   92.60   79.00
L16    0.52    0.57    0.67    5.19   -1.25   -3.60    3.81  250.74
L17   16.65    8.90    0.93   35.79   55.28   44.53   70.97   38.85
L18    3.36    7.81    1.65   33.58  -50.51   31.17   59.35  148.32
L19    2.50    1.36   10.88   11.70   28.53  -54.05   61.12  297.83
L20    0.66    0.75    0.81    6.85   -2.85   -3.42    4.45  230.23
L21    0.96    0.90    0.93    8.13    3.28   -3.21    4.60  315.62
L22    2.25    1.75    1.50   14.08   13.31   -0.75   13.32  356.77
GS0    74.08   76.51   63.26   90.10    0.69   -0.16    0.71  346.68
GS1    69.54   72.49   59.76   88.20   -0.70   -0.00    0.71  180.39
GS2    60.11   62.72   51.47   83.29   -0.79    0.26    0.83  161.76
GS3    53.14   55.52   45.11   79.33   -0.93    0.79    1.22  139.83
GS4    45.79   47.53   38.62   74.53   -0.06    0.76    0.76   94.45
GS5    39.50   40.98   33.71   70.16    0.02    0.12    0.12   80.15
GS6    33.85   35.03   28.95   65.77    0.33   -0.12    0.38  339.64
GS7    28.99   29.94   24.63   61.61    0.50    0.09    0.51   10.09
GS8    25.14   26.17   21.39   58.20   -0.37    0.37    0.51  134.95
GS9    21.78   22.78   18.61   54.84   -0.76    0.36    0.87  155.15
GS10   18.75   19.55   15.98   51.32   -0.47    0.32    0.57  145.99
GS11   15.65   16.40   13.36   47.50   -0.93    0.44    1.04  154.65
GS12   12.72   13.26   11.04   43.17   -0.48   -0.31    0.57  211.80
GS13   10.17   10.57    8.64   38.85   -0.13    0.28    0.31  119.05
GS14    7.46    7.74    6.47   33.43   -0.00   -0.39    0.41  275.80
GS15    5.66    5.86    4.76   29.07    0.13    0.38    0.41   72.22
GS16    4.22    4.36    3.59   24.85    0.09    0.09    0.16  185.93
GS17    3.38    3.51    2.78   21.98    0.03    0.83    0.84   88.91
GS18    2.60    2.72    2.13   18.86   -0.31    0.94    1.00  108.16
GS19    1.72    1.79    1.42   14.35   -0.18    0.69    0.72  105.68
GS20    1.09    1.12    0.94    9.98    0.23   -0.14    0.32  325.98
GS21    0.94    0.97    0.81    8.73    0.06   -0.14    0.23  137.83
GS22    0.76    0.80    0.73    7.22   -0.42   -1.27    1.35  251.78
GS23    0.51    0.56    0.67    5.11   -1.32   -3.80    4.02  250.91
END_DATA