IT8.7/2
ORIGINATOR "FotoTune"
DESCRIPTOR "Agfa IT8"
MATERIAL "Agfacolor"
MANUFACTURER "Agfa"
CREATED "Tue Jul 16 10:30:01 1996"
PROD_DATE "1996:07"
SERIAL "5x7 c60670xx"
NUMBER_OF_FIELDS 9
BEGIN_DATA_FORMAT
SAMPLE_ID XYZ_X XYZ_Y XYZ_Z LAB_L LAB_A LAB_B LAB_C LAB_H
END_DATA_FORMAT
NUMBER_OF_SETS 288
BEGIN_DATA
A1     3.47    3.00    2.18   20.04    9.87    2.59   10.20   14.65
A2     4.23    2.88    1.77   19.53   23.24    5.68   23.92   13.72
A3     6.09    3.64    1.88   22.44   33.50    9.57   34.85   15.94
A4     6.69    3.91    1.96   23.39   35.69   10.43   37.19   16.28
A5    13.38   11.84    8.60   40.97   13.33    4.07   13.93   16.97
A6    14.65   10.95    7.01   39.49   27.71    7.76   28.77   15.65
A7    17.63   11.40    6.15   40.25   41.35   12.77   43.28   17.17
A8    19.07   11.00    5.52   39.57   51.82   14.60   53.84   15.74
A9    43.67   43.00   34.11   71.56    6.63    1.92    6.91   16.17
A10   45.39   42.53   33.43   71.24   12.99    2.37   13.20   10.34
A11   47.98   42.70   32.22   71.35   19.75    4.40   20.24   12.56
A12   49.33   42.11   30.11   70.94   25.20    6.94   26.14   15.39
A13   74.62   77.65   67.59   90.62   -0.45   -3.35    3.38  262.27
A14   75.96   78.33   67.68   90.93    0.95   -2.89    3.05  288.09
A15   75.74   78.33   65.61   90.93    0.49   -0.98    1.09  296.65
A16   73.82   76.78   65.13   90.21   -0.36   -1.74    1.78  258.58
A17   75.51   77.95   65.43   90.76    0.77   -1.10    1.35  305.15
A18   74.12   77.22   65.37   90.43   -0.63   -1.61    1.74  248.61
A19   74.26   77.10   67.18   90.37   -0.10   -3.41    3.41  268.38
A20    1.51    1.20    0.78   10.54   10.73    3.47   11.28   17.92
A21    5.59    3.38    0.88   21.52   31.81   20.64   37.92   32.98
A22    9.93    5.52    0.94   28.17   44.06   31.22   54.01   35.32
B1     3.25    3.01    1.77   20.06    6.09    6.53    8.93   46.97
B2     3.89    3.01    1.12   20.06   16.21   14.50   21.75   41.82
B3     4.94    3.32    0.88   21.26   25.15   20.15   32.24   38.71
B4     5.72    3.61    0.87   22.34   29.67   22.35   37.15   36.99
B5    13.16   11.64    6.34   40.63   13.43   12.60   18.42   43.19
B6    14.68   11.31    4.14   40.09   25.32   22.95   34.17   42.19
B7    17.72   11.74    2.57   40.79   39.47   34.94   52.72   41.51
B8    18.91   11.49    1.76   40.40   47.44   41.78   63.21   41.37
B9    43.67   43.42   32.14   71.83    5.43    5.35    7.62   44.58
B10   45.14   42.88   28.81   71.47   11.22    9.95   15.00   41.58
B11   46.85   42.68   25.42   71.34   16.69   15.47   22.75   42.83
B12   48.74   42.85   23.26   71.45   21.39   19.60   29.01   42.51
B13   67.58   72.75   66.19   88.32   -5.47   -6.02    8.12  227.73
B14   72.68   72.57   65.53   88.24    5.79   -5.53    8.01  316.29
B15   73.70   76.57   55.58   90.12   -0.20    7.60    7.60   91.48
B16   61.85   64.82   53.69   84.39   -1.45   -0.27    1.48  190.54
B17   69.93   70.12   53.46   87.06    5.09    4.58    6.84   42.01
B18   64.57   70.16   53.94   87.07   -6.78    4.09    7.91  148.92
B19   63.51   66.08   63.35   85.04   -0.39   -8.98    8.98  267.51
B20    3.22    2.20    0.83   16.49   20.90   12.84   24.53   31.58
B21    9.19    5.20    0.91   27.30   41.85   30.17   51.58   35.79
B22   31.39   27.48   14.55   59.42   18.92   17.85   26.01   43.33
C1     4.51    4.52    2.45   25.32    2.08    9.35    9.59   77.46
C2     5.03    4.80    1.57   26.16    5.18   19.27   19.95   74.95
C3     6.16    5.68    1.16   28.57    7.86   28.51   29.57   74.59
C4     6.64    6.09    1.19   29.64    8.24   29.99   31.10   74.65
C5    26.22   25.69   12.26   57.75    6.07   21.19   22.04   73.99
C6    27.01   24.50    6.12   56.58   14.32   41.07   43.49   70.78
C7    30.83   26.83    2.99   58.82   19.49   62.78   65.74   72.75
C8    32.50   27.60    1.97   59.53   22.45   72.68   76.07   72.83
C9    50.22   51.12   35.58   76.76    2.56    8.78    9.15   73.79
C10   51.78   51.40   29.16   76.93    5.93   18.78   19.69   72.46
C11   53.47   51.58   24.15   77.03    9.85   27.58   29.28   70.34
C12   54.47   51.41   19.33   76.93   12.85   36.88   39.06   70.79
C13   58.40   65.85   63.82   84.93  -11.91   -9.63   15.32  218.95
C14   65.99   61.67   60.81   82.74   15.10  -10.47   18.37  325.28
C15   71.49   74.38   45.69   89.10   -0.41   16.92   16.92   91.40
C16   46.68   48.46   40.19   75.11   -0.05   -0.32    0.35  265.37
C17   61.26   57.70   41.60   80.57   13.63    7.30   15.47   28.16
C18   53.31   61.18   42.88   82.47  -14.03    8.94   16.64  147.49
C19   49.81   50.79   56.60   76.56    2.31  -16.85   17.01  277.80
C20    2.26    1.84    0.84   14.62   11.22    9.44   14.66   40.09
C21   24.34   18.89    6.16   50.56   29.14   30.50   42.19   46.31
C22   37.03   34.69   21.03   65.51   12.15   13.70   18.31   48.44
D1     4.28    4.59    2.49   25.53   -1.97    9.35    9.56  101.88
D2     4.38    4.93    1.58   26.53   -4.89   19.81   20.40  103.85
D3     4.58    5.20    1.23   27.31   -5.58   25.48   26.08  102.35
D4     5.38    6.31    1.32   30.18   -7.99   29.29   30.36  105.25
D5    28.08   29.87   14.87   61.54   -2.78   20.69   20.88   97.65
D6    26.89   29.06    8.37   60.83   -4.48   39.17   39.42   96.52
D7    27.69   30.45    4.30   62.04   -6.44   59.78   60.14   96.15
D8    29.90   33.29    2.45   64.40   -8.06   76.67   77.09   96.00
D9    57.25   60.56   41.19   82.14   -2.70   10.52   10.85  104.43
D10   56.97   60.36   33.11   82.03   -2.93   21.46   21.66   97.77
D11   57.82   61.10   26.99   82.43   -2.59   31.90   32.00   94.64
D12   57.29   60.78   22.37   82.26   -3.14   39.94   40.07   94.50
D13   49.79   58.92   61.06   81.25  -17.97  -13.27   22.35  216.45
D14   60.07   52.80   56.22   77.76   22.97  -14.38   27.09  327.95
D15   69.19   71.87   36.83   87.90   -0.18   26.26   26.26   90.38
D16   34.79   36.13   29.86   66.62   -0.14   -0.11    0.20  213.71
D17   53.83   47.97   31.76   74.81   20.38   11.05   23.17   28.47
D18   42.89   52.20   33.62   77.40  -20.85   12.71   24.42  148.64
D19   38.24   38.47   49.91   68.37    3.76  -23.73   24.02  279.00
D20   15.69   12.06    3.58   41.31   26.01   28.56   38.62   47.67
D21   24.50   24.19   15.07   56.28    5.20   11.11   12.27   64.93
D22   40.99   40.22   24.55   69.62    6.94   14.07   15.69   63.74
E1     4.08    4.72    2.51   25.93   -6.53    9.82   11.81  123.63
E2     3.99    5.31    1.70   27.58  -14.98   20.34   25.26  126.37
E3     4.23    6.03    1.38   29.49  -19.74   27.33   33.72  125.82
E4     4.86    7.18    1.46   32.22  -23.22   30.97   38.71  126.85
E5    13.99   16.44    8.82   47.56  -11.15   14.62   18.39  127.33
E6    12.13   15.72    5.18   46.60  -19.24   28.45   34.35  124.07
E7    10.86   15.73    2.98   46.61  -28.38   41.81   50.54  124.17
E8    12.01   18.60    2.40   50.21  -35.67   52.65   63.60  124.12
E9    39.88   43.48   29.55   71.88   -6.21    9.45   11.31  123.33
E10   38.94   43.98   25.23   72.21  -10.62   17.33   20.33  121.51
E11   37.95   44.43   21.90   72.51  -15.03   24.03   28.34  122.02
E12   36.72   44.31   18.48   72.43  -18.73   31.01   36.22  121.13
E13   41.79   52.01   57.78   77.29  -23.64  -16.82   29.01  215.42
E14   54.97   45.76   51.92   73.39   29.35  -17.32   34.08  329.46
E15   66.64   68.85   28.24   86.43    0.61   36.68   36.68   89.04
E16   25.97   27.19   22.08   59.15   -0.99    0.66    1.19  146.79
E17   47.49   40.31   23.19   69.68   25.56   16.69   30.53   33.13
E18   34.37   44.25   25.37   72.39  -26.43   17.39   31.64  146.67
E19   29.83   29.80   44.07   61.48    4.26  -28.72   29.03  278.43
E20   28.04   21.38    1.66   53.36   32.35   65.12   72.71   63.59
E21   20.46   17.56    3.82   48.96   18.26   40.22   44.17   65.58
E22   32.62   29.19   10.65   60.94   16.78   31.57   35.75   62.00
F1     1.75    2.24    1.49   16.69   -9.38    3.94   10.17  157.20
F2     1.53    2.53    1.33   18.02  -20.88    8.15   22.42  158.68
F3     1.38    2.68    1.23   18.69  -28.07   10.58   30.00  159.35
F4     1.68    3.53    1.35   22.07  -34.36   14.85   37.43  156.62
F5     6.97    9.07    6.29   36.11  -16.30    5.04   17.06  162.82
F6     6.17    9.60    5.57   37.11  -28.91   10.15   30.64  160.65
F7     5.30    9.92    4.67   37.69  -41.35   15.77   44.26  159.13
F8     4.36    9.96    4.00   37.77  -53.65   19.81   57.19  159.74
F9    39.60   43.40   33.74   71.82   -6.86    2.94    7.47  156.82
F10   38.53   44.22   33.68   72.38  -12.57    3.96   13.18  162.51
F11   36.84   44.17   32.47   72.34  -17.91    5.70   18.80  162.32
F12   34.83   44.05   30.60   72.26  -24.30    8.44   25.72  160.83
F13   36.58   47.22   55.14   74.33  -27.35  -19.15   33.39  214.99
F14   50.61   40.12   48.11   69.56   34.61  -19.62   39.79  330.46
F15   64.90   66.70   23.11   85.35    1.40   43.85   43.86   88.16
F16   20.13   21.21   16.84   53.18   -1.52    1.50    2.13  135.39
F17   42.78   34.78   17.95   65.58   29.77   20.33   36.06   34.33
F18   28.47   38.49   20.20   68.38  -30.69   20.33   36.82  146.49
F19   23.85   23.44   39.36   55.52    5.64  -33.00   33.47  279.69
F20   29.27   28.86   14.94   60.67    5.66   19.01   19.83   73.41
F21   36.45   34.25   13.18   65.16   11.76   31.37   33.50   69.46
F22   40.03   38.72   18.93   68.54    8.64   23.30   24.85   69.66
G1     2.61    3.28    2.86   21.15   -9.93   -1.13   10.01  186.49
G2     2.31    3.53    3.22   22.07  -19.92   -2.22   20.04  186.35
G3     1.93    3.70    3.61   22.65  -30.71   -3.83   30.94  187.11
G4     2.28    4.57    4.42   25.49  -35.17   -3.86   35.38  186.26
G5     9.77   12.24   10.36   41.60  -15.17   -0.86   15.20  183.24
G6     8.55   12.52   11.11   42.03  -27.15   -2.51   27.26  185.26
G7     7.29   12.46   11.59   41.93  -38.25   -4.09   38.47  186.10
G8     5.34   11.25   11.61   39.99  -50.83   -7.53   51.38  188.42
G9    38.62   42.43   35.25   71.16   -7.07   -0.37    7.09  182.99
G10   36.57   42.47   36.43   71.19  -13.84   -2.01   13.99  188.27
G11   35.93   43.92   38.50   72.18  -20.22   -3.13   20.46  188.80
G12   34.43   44.07   39.13   72.27  -25.69   -3.82   25.98  188.44
G13   30.24   41.11   51.46   70.26  -32.02  -22.20   38.96  214.74
G14   44.90   33.21   42.90   64.33   41.36  -22.35   47.02  331.61
G15   62.36   63.43   16.84   83.68    2.86   54.07   54.14   86.98
G16   13.79   14.56   11.67   45.03   -1.57    0.98    1.85  148.35
G17   36.64   27.81   12.41   59.72   35.85   24.15   43.22   33.97
G18   21.94   31.77   14.76   63.15  -35.88   23.74   43.01  146.51
G19   17.43   16.60   33.38   47.75    7.97  -38.03   38.86  281.84
G20   38.69   38.43   17.68   68.34    5.34   25.69   26.24   78.24
G21   37.51   37.30   11.70   67.50    5.15   39.63   39.97   82.59
G22   46.56   45.93    3.67   73.50    6.56   83.43   83.69   85.50
H1     2.72    3.16    3.45   20.65   -5.74   -6.24    8.48  227.29
H2     2.47    3.22    4.57   20.92  -11.78  -12.65   17.28  227.03
H3     2.11    3.12    5.77   20.52  -17.68  -19.42   26.26  227.68
H4     2.64    4.11    8.26   24.06  -21.94  -23.81   32.38  227.35
H5    10.18   12.06   12.39   41.32  -10.72   -7.49   13.07  214.95
H6     9.02   11.93   15.44   41.11  -19.15  -15.97   24.93  219.82
H7     8.15   11.72   19.22   40.76  -25.14  -25.22   35.61  225.10
H8     7.78   11.85   22.93   40.97  -29.47  -32.32   43.74  227.65
H9    38.74   42.35   38.31   71.10   -6.45   -4.72    7.99  216.23
H10   38.18   42.85   42.45   71.46   -9.75   -9.51   13.62  224.29
H11   37.33   43.24   47.81   71.71  -13.60  -15.55   20.66  228.82
H12   36.54   43.40   51.35   71.82  -16.67  -19.37   25.56  229.29
H13   23.82   34.51   47.06   65.36  -36.92  -25.63   44.94  214.77
H14   37.97   25.51   36.23   57.58   49.40  -25.20   55.47  332.98
H15   60.22   60.57   12.28   82.15    4.42   63.19   63.35   85.99
H16    8.29    8.70    7.22   35.40   -0.84   -0.17    0.87  193.37
H17   31.29   22.10    8.37   54.13   41.35   27.62   49.72   33.75
H18   15.97   25.31   10.56   57.38  -41.71   25.69   48.99  148.37
H19   11.60   10.42   26.94   38.59   11.59  -43.64   45.15  284.86
H20   42.48   44.28   17.90   72.41   -0.56   32.22   32.23   91.01
H21   34.21   35.93   23.95   66.47   -1.46    9.72    9.84   98.52
H22   37.48   41.54   13.15   70.55   -8.10   40.78   41.57  101.24
I1     4.18    4.32    5.62   24.71    0.13  -11.50   11.50  270.63
I2     4.32    4.39    8.56   24.91    1.25  -23.45   23.49  273.05
I3     4.32    4.31   11.56   24.65    2.32  -33.83   33.90  273.91
I4     4.47    4.30   15.57   24.64    4.38  -44.67   44.88  275.59
I5    15.44   16.30   16.50   47.37   -1.58   -7.72    7.89  258.46
I6    15.12   15.90   20.59   46.83   -1.17  -17.61   17.66  266.21
I7    14.77   15.37   25.15   46.14   -0.25  -27.50   27.50  269.48
I8    15.19   15.61   29.78   46.47    0.87  -34.74   34.75  271.43
I9    40.36   41.97   38.31   70.85   -0.31   -5.15    5.16  266.60
I10   41.46   42.96   43.69   71.53    0.14  -10.93   10.93  270.73
I11   41.99   43.07   48.10   71.60    1.48  -16.08   16.15  275.25
I12   41.43   42.32   51.15   71.10    1.96  -20.40   20.50  275.49
I13   18.77   28.91   42.81   60.70  -40.75  -28.51   49.73  214.98
I14   32.93   20.45   31.18   52.35   54.96  -26.79   61.14  334.02
I15   58.22   57.86    8.88   80.66    6.04   71.49   71.75   85.18
I16    5.01    5.30    4.39   27.58   -1.26   -0.08    1.28  184.96
I17   26.35   17.26    5.06   48.58   46.15   32.44   56.42   35.10
I18   11.93   20.51    7.28   52.40  -45.64   28.87   54.01  147.68
I19    7.92    6.70   22.14   31.11   14.35  -47.80   49.91  286.71
I20   43.17   48.10   18.05   74.89   -9.19   36.19   37.33  104.26
I21   12.65   17.58    4.19   48.98  -25.94   37.96   45.98  124.35
I22   29.40   37.91   18.81   67.95  -25.26   22.53   33.85  138.27
J1     2.16    1.93    3.01   15.11    6.89  -12.65   14.41  298.60
J2     2.45    1.88    4.85   14.84   14.01  -24.58   28.30  299.67
J3     2.93    1.97    7.81   15.32   20.96  -37.18   42.68  299.41
J4     3.11    1.86   10.46   14.74   26.76  -47.49   54.51  299.40
J5    12.45   12.48   13.18   41.96    2.99   -8.61    9.11  289.17
J6    12.77   11.90   16.70   41.06    8.98  -19.08   21.09  295.20
J7    13.33   11.48   21.09   40.38   15.53  -29.75   33.56  297.56
J8    13.86   11.40   23.99   40.24   19.58  -35.56   40.60  298.83
J9    41.43   42.20   39.22   71.01    2.32   -6.12    6.54  290.73
J10   43.00   42.85   42.85   71.46    5.12  -10.01   11.25  297.09
J11   44.27   42.75   47.58   71.39    9.11  -15.85   18.28  299.90
J12   44.12   41.85   50.67   70.77   11.35  -20.43   23.37  299.05
J13   14.59   23.84   38.41   55.93  -43.58  -31.03   53.50  215.45
J14   29.00   16.85   27.14   48.08   58.87  -27.62   65.02  334.86
J15   56.63   55.63    6.59   79.40    7.56   78.32   78.69   84.49
J16    3.13    3.31    2.68   21.26   -1.04    0.35    1.11  162.10
J17   22.71   13.98    3.03   44.20   49.35   37.28   61.85   37.06
J18    9.30   17.04    5.01   48.31  -47.90   32.28   57.77  146.01
J19    5.72    4.43   18.40   25.05   18.12  -50.52   53.67  289.73
J20   31.66   40.78   25.53   70.02  -25.77   12.99   28.87  153.24
J21    6.04   11.78    2.13   40.87  -46.49   38.91   60.62  140.07
J22    1.39    2.68    1.14   18.72  -27.99   11.75   30.36  157.23
K1     4.95    4.27    5.12   24.53   11.12   -9.34   14.53  320.00
K2     6.22    4.30    7.25   24.61   25.58  -18.92   31.82  323.51
K3     7.80    4.36    9.80   24.84   40.21  -27.90   48.94  325.24
K4     9.63    4.97   13.30   26.65   48.16  -35.32   59.72  323.75
K5    16.87   15.81   15.94   46.72    9.35   -7.52   12.00  321.18
K6    18.14   14.91   19.06   45.51   21.37  -16.70   27.12  322.00
K7    19.69   14.16   22.40   44.47   33.86  -25.27   42.25  323.26
K8    22.20   14.34   26.69   44.71   44.83  -32.66   55.47  323.92
K9    43.15   42.54   38.83   71.24    6.49   -5.20    8.32  321.34
K10   44.43   41.74   41.60   70.68   12.59   -9.76   15.92  322.23
K11   47.43   42.28   46.72   71.06   19.50  -15.40   24.85  321.70
K12   49.22   42.28   49.18   71.07   24.36  -18.25   30.44  323.16
K13   11.84   20.23   34.97   52.09  -44.96  -32.88   55.70  216.17
K14   23.22   12.19   21.17   41.51   63.22  -27.95   69.12  336.15
K15   51.22   48.85    3.01   75.35   11.23   91.22   91.91   82.99
K16    1.39    1.45    1.18   12.27    0.04    0.16    0.17   78.43
K17   18.41   10.48    1.50   38.68   52.24   41.61   66.78   38.54
K18    4.96   10.68    2.24   39.03  -51.20   34.71   61.86  145.86
K19    3.47    2.22   13.46   16.58   24.72  -53.14   58.61  294.95
K20    2.78    3.72    2.30   22.74  -13.72    6.17   15.03  155.77
K21    1.45    2.02    1.71   15.60  -12.82   -0.44   12.83  181.99
K22    1.77    2.33    3.38   17.15  -10.78  -11.86   16.03  227.74
L1     3.51    2.93    2.72   19.77   11.44   -2.47   11.71  347.83
L2     4.15    2.74    2.95   18.95   24.62   -5.60   25.26  347.20
L3     6.32    3.70    4.18   22.65   35.07   -7.44   35.85  348.02
L4     6.88    3.95    4.55   23.53   36.99   -7.97   37.83  347.85
L5    13.64   11.91   10.76   41.06   14.59   -3.04   14.90  348.23
L6    15.33   11.12   11.02   39.79   30.42   -6.09   31.02  348.68
L7    18.24   11.22   11.91   39.95   45.93   -8.49   46.70  349.52
L8    19.69   11.30   12.56   40.07   52.80  -10.13   53.76  349.14
L9    43.51   42.48   37.03   71.20    7.72   -2.83    8.23  339.94
L10   45.51   42.29   37.72   71.07   14.07   -3.98   14.62  344.21
L11   47.83   42.32   38.04   71.09   20.47   -4.39   20.94  347.90
L12   50.59   42.48   39.36   71.21   27.46   -5.97   28.10  347.75
L13    7.57   13.75   27.82   43.86  -43.87  -36.02   56.76  219.39
L14   19.97    9.93   17.93   37.72   64.29  -27.64   69.99  336.74
L15   48.78   45.95    2.45   73.51   12.66   92.35   93.21   82.19
L16    0.51    0.54    0.68    4.87   -0.10   -4.35    4.35  268.71
L17   15.12    8.12    0.95   34.24   53.10   41.49   67.40   38.01
L18    3.75    8.58    1.74   35.17  -51.12   32.99   60.85  147.17
L19    2.46    1.33   10.48   11.46   28.86  -53.21   60.53  298.48
L20    0.74    0.83    0.91    7.54   -2.94   -4.07    5.03  234.11
L21    1.00    0.90    1.04    8.10    5.24   -5.06    7.29  316.02
L22    2.30    1.76    1.64   14.18   13.88   -2.20   14.05  350.97
GS0    76.18   78.66   67.86   91.08    0.72   -2.80    2.90  284.42
GS1    71.68   74.71   64.14   89.25   -0.68   -2.47    2.56  254.51
GS2    61.99   64.68   54.86   84.32   -0.83   -1.63    1.83  243.20
GS3    54.89   57.39   47.79   80.39   -1.06   -0.56    1.19  208.12
GS4    47.49   49.46   40.60   75.73   -0.47    0.22    0.55  158.46
GS5    41.17   42.88   35.51   71.47   -0.49   -0.22    0.55  202.36
GS6    35.43   36.94   30.62   67.23   -0.57   -0.26    0.63  202.98
GS7    30.58   31.82   26.17   63.19   -0.32    0.11    0.40  162.36
GS8    26.53   27.72   22.73   59.64   -0.77    0.24    0.82  162.52
GS9    23.29   24.42   19.80   56.50   -1.09    0.69    1.31  147.95
GS10   20.08   21.08   17.01   53.03   -1.09    0.83    1.38  143.46
GS11   16.99   17.83   14.35   49.29   -1.07    0.93    1.42  139.51
GS12   13.75   14.49   11.85   44.92   -1.33    0.28    1.37  168.46
GS13   10.99   11.56    9.52   40.51   -1.11    0.03    1.13  178.60
GS14    8.21    8.61    7.24   35.22   -0.82   -0.58    1.04  214.06
GS15    6.19    6.51    5.35   30.65   -0.77    0.08    0.79  174.54
GS16    4.61    4.85    4.07   26.30   -0.95   -0.43    1.05  203.99
GS17    3.68    3.87    3.12   23.25   -0.81    0.51    0.97  148.01
GS18    2.78    2.95    2.36   19.81   -1.09    0.57    1.24  152.45
GS19    1.85    1.94    1.59   15.16   -0.53    0.05    0.54  174.00
GS20    1.19    1.24    1.07   10.83    0.08   -0.69    0.69  276.21
GS21    1.00    1.02    0.84    9.19    0.38    0.09    0.42  193.75
GS22    0.83    0.86    0.78    7.74    0.16   -1.33    1.34  277.32
GS23    0.50    0.52    0.72    4.71   -0.12   -5.34    5.34  268.64
END_DATA