IT8.7/2
ORIGINATOR "FotoTune"
DESCRIPTOR "Agfa IT8"
MATERIAL "Agfacolor"
MANUFACTURER "Agfa"
CREATED "Thu Jan  8 10:20:08 1998"
PROD_DATE "1998:01"
SERIAL "5x7 c70609xx"
NUMBER_OF_FIELDS 9
BEGIN_DATA_FORMAT
SAMPLE_ID XYZ_X XYZ_Y XYZ_Z LAB_L LAB_A LAB_B LAB_C LAB_H
END_DATA_FORMAT
NUMBER_OF_SETS 288
BEGIN_DATA
A1     2.97    2.55    1.80   18.12    9.68    2.89   10.10   16.60
A2     3.63    2.53    1.48   18.03   20.86    6.32   21.80   16.88
A3     5.07    3.15    1.52   20.63   29.41   10.28   31.16   19.27
A4     5.64    3.43    1.61   21.71   31.56   11.19   33.49   19.52
A5    11.35    9.98    7.44   37.81   13.17    3.06   13.52   13.06
A6    13.60   10.19    6.22   38.17   26.76    8.89   28.19   18.37
A7    16.58   10.67    5.48   39.03   40.91   13.86   43.19   18.72
A8    18.86   10.82    4.97   39.28   52.00   16.88   54.67   17.98
A9    41.97   41.13   33.28   70.26    7.17    0.93    7.23    7.41
A10   45.46   42.10   32.72   70.93   14.49    2.92   14.78   11.38
A11   48.62   42.71   31.72   71.35   21.49    5.16   22.10   13.51
A12   48.36   40.93   29.85   70.12   26.10    5.95   26.78   12.84
A13   74.85   77.81   65.94   90.69   -0.29   -1.69    1.73  260.29
A14   75.11   77.92   65.95   90.74    0.04   -1.61    1.61  271.17
A15   74.74   77.67   63.69   90.63   -0.23    0.32    0.40  126.15
A16   74.31   77.26   63.59   90.44   -0.33    0.11    0.38  166.26
A17   74.65   77.51   63.60   90.56   -0.10    0.29    0.31  112.07
A18   74.41   77.43   63.59   90.52   -0.44    0.25    0.51  151.79
A19   74.57   77.47   65.14   90.54   -0.19   -1.20    1.22  260.92
A20    1.47    1.21    0.70   10.66    9.11    5.06   10.43   28.99
A21    5.27    3.26    0.75   21.08   30.03   22.14   37.31   36.40
A22    9.98    5.57    0.78   28.32   43.75   34.00   55.40   37.85
B1     2.86    2.56    1.45   18.18    7.32    6.90   10.07   43.28
B2     3.48    2.67    0.81   18.67   15.90   16.99   23.26   46.90
B3     4.50    3.03    0.73   20.15   24.28   21.08   32.15   40.96
B4     5.14    3.32    0.72   21.30   27.41   23.14   35.87   40.17
B5    11.90   10.40    5.32   38.56   13.76   13.81   19.50   45.10
B6    13.84   10.57    3.51   38.84   25.44   24.67   35.44   44.13
B7    16.38   10.65    2.07   39.00   39.88   36.28   53.91   42.30
B8    18.47   11.04    1.39   39.65   48.42   44.58   65.82   42.64
B9    42.08   41.53   31.15   70.54    6.27    4.63    7.80   36.44
B10   45.53   42.74   28.82   71.38   12.78    9.78   16.10   37.42
B11   48.63   43.49   26.44   71.88   19.24   14.64   24.17   37.27
B12   49.01   42.81   24.15   71.43   22.24   17.90   28.55   38.84
B13   68.07   73.09   64.57   88.49   -5.12   -4.19    6.62  219.32
B14   71.43   71.51   63.33   87.73    5.35   -4.32    6.88  321.14
B15   72.92   76.04   54.93   89.88   -0.75    7.86    7.90   95.47
B16   62.10   64.26   52.79   84.10    0.38    0.21    0.44   26.98
B17   69.04   69.29   53.08   86.65    4.90    4.28    6.51   41.12
B18   66.04   71.26   54.12   87.61   -5.79    4.82    7.53  140.21
B19   63.93   66.03   60.88   85.01    0.66   -6.61    6.64  275.73
B20    3.14    2.20    0.71   16.53   19.48   15.05   24.62   37.68
B21    8.68    4.97    0.75   26.66   40.26   31.72   51.25   38.25
B22   31.65   27.45   16.29   59.40   20.01   13.51   24.14   34.03
C1     3.92    3.82    1.99   23.08    3.45    9.65   10.24   70.37
C2     4.26    3.91    1.18   23.37    7.00   19.31   20.53   70.07
C3     5.37    4.64    0.90   25.70   11.27   27.47   29.69   67.68
C4     5.51    4.76    0.91   26.05   11.36   27.96   30.18   67.88
C5    23.36   22.75   10.73   54.81    6.51   20.74   21.74   72.58
C6    25.31   22.65    5.26   54.71   15.45   42.03   44.78   69.82
C7    27.91   22.97    2.18   55.04   24.58   62.95   67.58   68.68
C8    31.08   24.72    1.61   56.80   29.08   71.65   77.32   67.90
C9    49.66   50.25   34.36   76.22    3.35    9.60   10.17   70.81
C10   52.64   51.54   29.40   77.01    7.81   18.54   20.11   67.17
C11   55.22   52.65   25.05   77.67   11.52   27.06   29.40   66.93
C12   54.65   51.21   20.87   76.81   13.82   33.50   36.24   67.59
C13   57.60   65.20   61.78   84.59  -12.40   -8.23   14.88  213.56
C14   64.53   60.60   57.85   82.17   14.28   -8.47   16.60  329.35
C15   70.99   74.10   46.36   88.96   -0.89   15.91   15.94   93.19
C16   46.57   48.27   40.58   75.00    0.12   -1.01    1.02  276.96
C17   60.71   57.33   42.10   80.37   13.24    6.30   14.65   25.42
C18   53.99   61.75   44.38   82.78  -13.61    7.62   15.60  150.74
C19   48.83   49.97   53.46   76.05    1.84  -14.39   14.51  277.29
C20    1.98    1.65    0.71   13.57    9.48   10.01   13.78   46.53
C21   24.35   18.68    6.12   50.31   30.28   30.24   42.79   44.97
C22   38.32   35.58   23.51   66.20   13.35   10.06   16.73   37.01
D1     3.60    3.83    2.00   23.10   -1.38    9.51    9.61   98.23
D2     3.72    3.99    1.21   23.65   -2.00   19.38   19.48   95.89
D3     4.32    4.61    0.96   25.58   -1.72   26.30   26.36   93.74
D4     4.50    4.83    0.98   26.24   -2.01   27.14   27.21   94.26
D5    26.08   27.63   14.11   59.56   -2.26   19.24   19.37   96.68
D6    25.75   27.42    7.45   59.36   -2.80   40.19   40.29   93.97
D7    25.91   27.83    3.39   59.73   -3.74   61.53   61.65   93.47
D8    27.36   29.27    1.92   61.02   -3.38   75.68   75.76   92.55
D9    57.30   60.35   39.29   82.03   -2.12   12.81   12.98   99.38
D10   59.32   62.14   33.88   82.99   -1.37   21.99   22.02   93.57
D11   59.36   62.72   28.01   83.29   -2.58   31.65   31.76   94.66
D12   59.97   63.29   24.42   83.60   -2.45   38.40   38.49   93.65
D13   48.44   57.76   58.76   80.60  -18.85  -12.09   22.40  212.65
D14   58.24   51.43   52.67   76.94   22.10  -12.01   25.15  331.49
D15   69.34   72.26   38.95   88.10   -0.67   23.71   23.72   91.60
D16   34.33   35.67   30.85   66.26   -0.20   -2.27    2.28  265.01
D17   53.58   47.87   33.18   74.74   19.99    8.80   21.84   23.74
D18   43.38   52.75   36.36   77.72  -20.84    9.36   22.85  155.80
D19   37.19   37.68   46.78   67.79    2.85  -21.12   21.32  277.70
D20   15.35   11.81    3.47   40.91   25.71   28.55   38.42   48.00
D21   24.85   24.32   16.96   56.40    6.13    6.76    9.14   47.83
D22   42.37   41.24   27.22   70.34    8.03   10.64   13.33   52.97
E1     3.30    3.85    2.05   23.17   -6.36    9.19   11.18  124.66
E2     3.03    3.86    1.27   23.17  -11.01   17.77   20.91  121.78
E3     3.51    4.81    1.07   26.18  -16.12   25.74   30.37  122.06
E4     3.61    4.96    1.09   26.61  -16.43   26.26   30.97  122.04
E5    12.00   13.99    7.21   44.22   -9.90   15.05   18.01  123.35
E6    11.03   13.97    4.35   44.19  -16.67   28.81   33.28  120.06
E7    10.25   14.23    2.43   44.54  -24.10   42.60   48.94  119.50
E8    10.72   15.82    1.79   46.74  -30.02   52.36   60.36  119.82
E9    38.12   41.81   28.42   70.74   -6.86    9.32   11.57  126.40
E10   37.74   42.75   25.44   71.38  -10.83   15.51   18.92  124.93
E11   37.81   44.14   22.48   72.32  -14.66   22.60   26.94  122.98
E12   36.88   44.51   19.10   72.57  -18.76   29.86   35.27  122.14
E13   41.78   51.98   55.96   77.27  -23.62  -14.95   27.96  212.33
E14   52.94   44.29   48.11   72.42   28.35  -14.68   31.93  332.64
E15   67.11   69.57   29.94   86.79    0.12   34.54   34.54   89.79
E16   26.08   27.03   23.10   59.01    0.11   -1.52    1.53  274.33
E17   47.27   40.19   24.74   69.60   25.32   13.68   28.78   28.39
E18   34.79   44.77   27.91   72.74  -26.49   13.62   29.79  152.79
E19   29.07   29.08   41.04   60.85    4.05  -26.00   26.32  278.85
E20   25.90   18.38    1.32   49.95   38.43   63.29   74.04   58.73
E21   18.98   15.93    3.34   46.89   19.82   39.71   44.38   63.48
E22   32.49   28.74   11.28   60.54   18.03   28.91   34.07   58.04
F1     1.36    1.72    1.14   13.92   -8.12    3.58    8.88  156.26
F2     1.25    1.93    1.00   15.11  -16.53    7.66   18.23  155.14
F3     1.36    2.41    0.99   17.49  -23.57   11.93   26.41  153.14
F4     1.52    2.84    1.11   19.40  -27.05   13.49   30.22  153.49
F5     6.28    8.10    5.38   34.21  -15.22    6.04   16.36  158.33
F6     5.31    8.30    4.57   34.60  -27.90   10.97   29.98  158.54
F7     4.32    8.22    3.80   34.42  -39.62   15.25   42.46  158.95
F8     3.50    8.22    3.24   34.43  -51.82   19.00   55.20  159.86
F9    37.25   41.39   32.40   70.44   -8.39    2.55    8.76  163.08
F10   36.97   42.89   32.42   71.48  -13.76    4.31   14.42  162.62
F11   36.15   43.96   32.14   72.19  -19.55    5.97   20.44  163.02
F12   35.06   44.49   31.09   72.56  -24.79    8.18   26.10  161.73
F13   35.62   46.32   52.92   73.76  -28.06  -17.77   33.22  212.35
F14   48.83   39.08   44.46   68.82   33.04  -16.57   36.97  333.38
F15   65.58   67.60   24.82   85.81    0.94   41.50   41.50   88.69
F16   20.08   20.91   17.76   52.85   -0.34   -1.18    1.24  253.21
F17   42.87   35.03   19.59   65.78   29.19   17.12   33.84   30.40
F18   29.17   39.24   22.30   68.93  -30.35   17.08   34.84  150.63
F19   23.51   23.30   36.94   55.38    4.72  -29.98   30.34  278.94
F20   29.56   28.83   16.71   60.62    6.91   14.64   16.18   64.71
F21   37.09   34.68   15.06   65.50   12.39   27.02   29.74   65.38
F22   41.99   40.44   21.79   69.78    9.28   19.56   21.65   64.61
G1     2.06    2.63    2.30   18.48   -9.80   -1.27    9.89  187.36
G2     1.83    2.80    2.55   19.20  -18.41   -2.15   18.53  186.65
G3     1.85    3.30    3.01   21.23  -26.74   -2.17   26.82  184.64
G4     2.06    3.82    3.36   23.08  -29.75   -1.45   29.78  182.79
G5     8.57   10.85    9.42   39.33  -15.34   -1.65   15.43  186.13
G6     7.53   11.09   10.32   39.73  -26.49   -3.95   26.78  188.46
G7     6.18   10.75   10.65   39.17  -37.69   -5.97   38.15  188.99
G8     5.49   11.40   11.70   40.24  -50.00   -7.38   50.53  188.39
G9    36.46   40.75   33.56   70.01   -9.07    0.06    9.07  179.60
G10   35.57   41.81   35.54   70.74  -15.24   -1.53   15.32  185.74
G11   34.93   43.07   36.64   71.60  -21.11   -1.58   21.18  184.26
G12   34.02   44.09   38.57   72.29  -27.19   -3.03   27.36  186.35
G13   28.60   39.47   48.93   69.09  -33.28  -21.35   39.54  212.69
G14   41.82   30.71   38.22   62.26   41.19  -19.85   45.72  334.27
G15   63.17   64.29   17.53   84.12    2.78   53.23   53.30   87.01
G16   12.73   13.32   11.45   43.24   -0.73   -1.46    1.63  243.05
G17   35.85   27.11   13.22   59.08   35.99   20.81   41.57   30.03
G18   21.62   31.49   16.24   62.92  -36.38   19.69   41.36  151.58
G19   15.81   15.21   30.14   45.93    6.78  -36.24   36.86  280.60
G20   39.32   38.86   20.21   68.65    5.93   20.79   21.61   74.08
G21   37.42   36.72   12.52   67.07    6.68   36.52   37.13   79.63
G22   47.75   44.88    2.91   72.81   12.85   87.52   88.46   81.65
H1     2.25    2.66    2.86   18.60   -6.23   -5.61    8.38  221.96
H2     2.03    2.72    3.76   18.86  -12.18  -11.37   16.67  223.02
H3     1.98    2.88    5.05   19.56  -16.43  -17.53   24.02  226.86
H4     2.39    3.54    6.78   22.08  -18.24  -21.33   28.07  229.47
H5     9.03   10.73   11.67   39.13  -10.53   -9.20   13.99  221.15
H6     8.52   11.25   14.79   39.99  -18.66  -16.26   24.75  221.07
H7     7.47   10.91   18.16   39.43  -25.73  -25.22   36.03  224.43
H8     7.03   11.05   21.26   39.66  -30.96  -31.33   44.04  225.33
H9    36.74   40.64   36.32   69.92   -7.81   -4.04    8.80  207.34
H10   36.05   41.14   40.24   70.27  -11.59   -8.72   14.51  216.95
H11   36.10   42.76   45.88   71.40  -16.28  -13.82   21.35  220.33
H12   35.65   43.30   49.53   71.76  -19.34  -17.44   26.05  222.05
H13   22.55   33.12   44.66   64.26  -37.83  -24.65   45.16  213.09
H14   35.41   23.75   32.31   55.83   48.46  -22.50   53.43  335.10
H15   60.70   60.83   11.99   82.29    4.93   64.29   64.48   85.62
H16    7.53    7.93    6.76   33.85   -1.00   -0.93    1.38  222.46
H17   29.73   20.75    7.89   52.68   41.81   26.92   49.74   32.78
H18   15.44   24.57   10.60   56.65  -41.63   24.33   48.22  149.70
H19   10.73    9.82   24.62   37.52    9.88  -41.40   42.57  283.41
H20   43.76   45.35   20.49   73.12    0.13   27.92   27.92   89.74
H21   34.53   36.35   26.64   66.79   -1.70    5.49    5.76  107.33
H22   37.58   41.59   14.40   70.59   -7.94   37.50   38.33  101.96
I1     3.54    3.72    4.84   22.72   -0.68  -10.96   10.98  266.46
I2     3.66    3.77    7.86   22.89    0.33  -24.30   24.30  270.78
I3     3.82    3.89   10.85   23.32    1.06  -33.92   33.94  271.79
I4     4.02    4.03   14.24   23.79    1.86  -42.79   42.83  272.48
I5    13.49   14.33   14.86   44.69   -2.01   -8.32    8.56  256.44
I6    13.30   14.02   18.69   44.26   -1.39  -18.05   18.10  265.58
I7    13.39   14.09   22.97   44.35   -1.16  -26.56   26.58  267.49
I8    13.74   14.45   26.74   44.88   -1.22  -32.46   32.48  267.85
I9    38.58   40.47   36.47   69.80   -1.34   -4.45    4.65  253.29
I10   39.52   41.44   40.59   70.48   -1.31   -8.81    8.91  261.53
I11   39.50   41.50   44.69   70.52   -1.57  -13.88   13.97  263.54
I12   39.96   41.80   48.16   70.74   -1.04  -17.64   17.67  266.65
I13   18.42   28.48   41.07   60.31  -40.97  -26.97   49.05  213.35
I14   31.62   19.98   28.69   51.82   52.56  -23.74   57.67  335.70
I15   58.82   58.17    8.68   80.83    6.74   72.51   72.82   84.69
I16    5.12    5.38    4.44   27.78   -0.78   -0.04    0.82  183.07
I17   25.93   17.11    5.05   48.40   45.21   32.17   55.49   35.44
I18   12.02   20.38    7.23   52.26  -44.41   28.81   52.93  147.02
I19    7.91    6.79   20.78   31.33   13.31  -44.74   46.67  286.57
I20   44.21   49.30   21.54   75.64   -9.39   30.14   31.57  107.29
I21   12.05   16.32    4.01   47.39  -23.22   36.29   43.09  122.61
I22   30.64   39.54   22.26   69.15  -25.76   17.54   31.17  145.74
J1     1.74    1.61    2.45   13.28    4.80  -11.41   12.38  292.83
J2     1.98    1.60    4.18   13.20   11.10  -23.69   26.16  295.12
J3     2.43    1.67    7.05   13.66   18.91  -36.95   41.50  297.11
J4     2.70    1.68    9.38   13.71   23.80  -45.65   51.49  297.54
J5    10.42   10.35   11.83   38.47    3.45  -10.79   11.32  287.71
J6    11.24   10.44   14.97   38.63    8.78  -19.04   20.97  294.75
J7    11.83   10.33   18.76   38.43   13.84  -28.26   31.47  296.10
J8    12.67   10.67   21.56   39.02   17.06  -33.03   37.17  297.30
J9    39.73   40.74   36.65   70.00    1.45   -4.38    4.61  288.31
J10   40.83   41.11   39.96   70.25    3.75   -8.38    9.18  294.10
J11   42.12   41.42   44.10   70.46    6.75  -13.26   14.89  296.98
J12   42.37   40.83   47.14   70.06    9.25  -17.62   19.91  297.72
J13   13.20   22.07   35.53   54.10  -44.38  -30.19   53.68  214.23
J14   26.76   15.55   23.94   46.38   57.32  -24.89   62.49  336.53
J15   56.55   55.04    5.88   79.06    8.85   80.98   81.46   83.76
J16    2.52    2.67    2.21   18.67   -1.06   -0.11    1.12  188.51
J17   21.25   12.94    2.72   42.67   49.15   36.98   61.51   36.96
J18    7.44   14.39    4.12   44.78  -49.10   31.11   58.12  147.64
J19    4.85    3.74   15.94   22.81   17.23  -48.73   51.69  289.47
J20   31.58   40.83   27.83   70.05  -26.20    9.11   27.74  160.82
J21    4.45    8.61    1.50   35.24  -41.35   35.82   54.71  139.10
J22    1.28    2.12    0.88   16.11  -20.03   11.34   23.01  150.47
K1     4.31    3.75    4.33   22.83   10.10   -7.95   12.85  321.77
K2     5.50    3.87    6.67   23.21   23.50  -18.89   30.15  321.21
K3     6.79    3.98    8.75   23.60   35.85  -26.42   44.53  323.61
K4     8.14    4.35   11.51   24.80   43.51  -33.40   54.85  322.48
K5    14.76   13.74   14.21   43.86    9.53   -8.09   12.50  319.64
K6    16.33   13.39   17.12   43.35   20.90  -16.10   26.38  322.38
K7    18.32   13.45   20.62   43.44   31.28  -23.53   39.14  323.04
K8    21.07   13.90   24.42   44.10   42.19  -29.69   51.60  324.86
K9    40.70   40.47   36.03   69.80    5.28   -3.84    6.53  323.96
K10   43.73   41.19   39.43   70.32   12.17   -7.59   14.34  328.08
K11   47.62   42.61   43.71   71.29   19.02  -11.36   22.16  329.15
K12   49.55   42.63   45.88   71.30   24.24  -13.98   27.99  330.05
K13   11.05   19.10   32.60   50.82  -45.14  -31.58   55.10  214.98
K14   21.21   11.16   18.54   39.85   61.13  -25.33   66.17  337.49
K15   50.83   47.88    2.62   74.75   12.80   93.06   93.93   82.17
K16    1.25    1.29    1.03   11.23    0.24    0.50    0.57   60.90
K17   17.18    9.77    1.35   37.43   51.08   41.42   65.76   39.04
K18    4.76   10.12    2.05   38.06  -49.64   34.76   60.60  144.99
K19    3.11    2.02   11.91   15.60   23.10  -50.47   55.51  294.58
K20    2.36    3.15    2.03   20.65  -12.86    5.05   13.82  158.56
K21    1.29    1.77    1.56   14.25  -11.54   -1.10   11.60  185.45
K22    1.67    2.19    3.18   16.47  -10.32  -11.58   15.50  228.29
L1     3.05    2.57    2.24   18.20   10.73   -1.22   10.80  353.53
L2     3.78    2.60    2.44   18.33   21.83   -2.65   21.99  353.08
L3     5.25    3.20    3.31   20.85   30.73   -4.93   31.12  350.89
L4     6.26    3.70    4.11   22.65   34.42   -6.97   35.11  348.55
L5    11.75   10.19    9.46   38.19   14.38   -3.77   14.86  345.32
L6    14.27   10.47   10.62   38.66   28.95   -6.76   29.73  346.85
L7    17.44   10.74   11.24   39.14   45.17   -7.86   45.85  350.13
L8    19.63   11.32   11.97   40.10   52.33   -8.36   53.01  350.92
L9    41.42   40.50   34.56   69.82    7.35   -1.69    7.55  347.03
L10   44.64   41.25   35.60   70.35   14.65   -2.29   14.82  351.12
L11   48.06   42.08   36.03   70.93   21.81   -1.90   21.89  355.02
L12   49.10   41.22   36.65   70.33   27.21   -3.79   27.47  352.08
L13    8.05   14.47   27.57   44.89  -43.93  -33.83   55.45  217.60
L14   16.72    8.28   14.80   34.57   60.89  -25.64   66.07  337.16
L15   48.14   44.94    2.16   72.85   13.70   93.82   94.81   81.69
L16    0.57    0.58    0.58    5.27    0.28   -1.87    1.88  278.73
L17   13.22    7.12    0.81   32.08   50.56   40.16   64.57   38.47
L18    3.34    7.68    1.51   33.31  -49.43   32.26   59.02  146.86
L19    1.99    1.07    8.52    9.60   26.78  -49.74   56.50  298.30
L20    0.73    0.81    0.81    7.30   -2.16   -2.55    3.34  229.66
L21    0.92    0.86    0.94    7.69    4.09   -4.15    5.82  314.57
L22    2.03    1.62    1.47   13.32   11.70   -1.71   11.82  351.71
GS0    75.28   78.12   66.09   90.83   -0.03   -1.58    1.59  268.91
GS1    72.15   75.01   61.31   89.40   -0.28    0.52    0.60  119.04
GS2    61.54   63.74   52.38   83.83    0.25    0.18    0.31   36.28
GS3    52.14   54.15   44.79   78.56   -0.14   -0.17    0.22  231.77
GS4    45.34   47.25   38.88   74.35   -0.58    0.11    0.59  170.01
GS5    39.07   40.79   33.83   70.03   -0.77   -0.28    0.83  200.32
GS6    33.14   34.54   28.55   65.40   -0.56   -0.11    0.57  190.17
GS7    28.40   29.66   25.01   61.35   -0.67   -1.01    1.21  236.83
GS8    24.58   25.68   21.33   57.74   -0.75   -0.32    0.82  204.89
GS9    21.28   22.34   18.56   54.39   -1.16   -0.29    1.20  194.52
GS10   18.74   19.76   16.48   51.56   -1.58   -0.44    1.64  195.74
GS11   14.90   15.65   13.27   46.52   -1.19   -1.01    1.57  220.36
GS12   11.85   12.47   10.62   41.94   -1.12   -1.12    1.58  224.77
GS13    8.99    9.46    8.16   36.85   -1.02   -1.37    1.71  233.09
GS14    7.24    7.63    6.42   33.20   -1.07   -0.56    1.22  207.88
GS15    5.70    5.97    4.93   29.33   -0.59   -0.04    0.67  190.62
GS16    4.36    4.55    3.81   25.40   -0.22   -0.40    0.48  234.40
GS17    3.18    3.32    2.85   21.30   -0.39   -0.80    0.89  242.60
GS18    2.26    2.38    2.05   17.34   -0.60   -0.95    1.13  236.61
GS19    1.62    1.68    1.43   13.70   -0.03   -0.56    0.56  266.15
GS20    1.15    1.18    0.95   10.40    0.55    0.35    0.66   30.81
GS21    0.95    0.98    0.74    8.78    0.52    1.18    1.30   66.10
GS22    0.80    0.81    0.64    7.31    0.84    0.54    0.99   32.82
GS23    0.56    0.56    0.61    5.14    0.26   -2.51    2.52  275.99
END_DATA

