IT8.7/2
ORIGINATOR "FotoTune"
DESCRIPTOR "Agfa IT8"
MATERIAL "Agfacolor"
MANUFACTURER "Agfa"
CREATED "Fri May 29 09:56:51 1998"
PROD_DATE "1998:05"
SERIAL "5x7 c80509xx"
NUMBER_OF_FIELDS 9
BEGIN_DATA_FORMAT
SAMPLE_ID XYZ_X XYZ_Y XYZ_Z LAB_L LAB_A LAB_B LAB_C LAB_H
END_DATA_FORMAT
NUMBER_OF_SETS 288
BEGIN_DATA
A1     3.18    2.75    1.93   19.01    9.35    3.08    9.84   18.20
A2     3.76    2.62    1.53   18.47   20.91    6.43   21.88   17.10
A3     5.38    3.41    1.57   21.60   28.99   11.43   31.17   21.52
A4     5.94    3.70    1.68   22.65   30.92   11.99   33.16   21.21
A5    11.56   10.18    7.78   38.18   13.04    2.35   13.25   10.23
A6    13.77   10.44    6.61   38.63   25.92    7.97   27.11   17.08
A7    16.68   10.88    5.83   39.38   39.95   12.76   41.94   17.72
A8    18.96   10.99    5.33   39.56   51.33   15.51   53.62   16.82
A9    41.01   39.90   32.60   69.40    7.94    0.46    7.95    3.29
A10   44.39   40.60   31.73   69.90   15.93    2.62   16.14    9.36
A11   47.90   41.57   30.65   70.57   22.90    5.45   23.55   13.40
A12   46.97   39.51   28.33   69.12   26.59    6.68   27.42   14.11
A13   74.15   76.97   62.14   90.31   -0.05    1.28    1.29   92.20
A14   74.11   76.89   62.00   90.27    0.00    1.36    1.36   89.91
A15   74.02   76.81   61.64   90.24   -0.03    1.64    1.64   90.86
A16   74.09   76.88   61.60   90.27   -0.03    1.75    1.75   90.91
A17   74.12   76.94   61.61   90.29   -0.08    1.77    1.77   92.49
A18   74.01   76.84   61.42   90.25   -0.11    1.89    1.89   93.43
A19   73.82   76.67   61.32   90.17   -0.14    1.85    1.86   94.20
A20    1.46    1.24    0.74   10.80    8.19    4.68    9.44   29.74
A21    5.60    3.55    0.84   22.12   29.33   22.32   36.86   37.27
A22   10.23    5.87    0.89   29.08   42.40   33.55   54.08   38.35
B1     3.10    2.82    1.58   19.31    6.87    7.38   10.07   47.06
B2     3.76    2.87    0.86   19.51   16.53   17.49   24.06   46.61
B3     4.69    3.14    0.79   20.62   24.78   20.68   32.28   39.85
B4     5.26    3.41    0.77   21.62   27.42   22.76   35.65   39.69
B5    11.98   10.53    5.66   38.78   13.45   12.52   18.38   42.97
B6    13.88   10.68    3.68   39.03   24.83   23.90   34.46   43.91
B7    16.40   10.81    2.13   39.25   38.95   36.11   53.11   42.84
B8    18.73   11.30    1.46   40.08   47.85   44.57   65.39   42.97
B9    40.97   40.19   30.42   69.61    6.95    4.15    8.10   30.78
B10   44.37   41.19   27.69   70.30   14.06    9.79   17.13   34.85
B11   47.58   41.97   25.17   70.85   20.81   15.08   25.70   35.93
B12   47.47   41.01   22.70   70.18   23.38   18.49   29.81   38.33
B13   67.16   72.07   60.76   88.01   -5.01   -1.33    5.18  194.84
B14   70.47   70.71   59.49   87.35    5.01   -1.19    5.15  346.57
B15   72.26   75.23   53.47   89.50   -0.50    8.79    8.81   93.28
B16   61.40   63.43   51.45   83.67    0.61    0.94    1.11   57.19
B17   68.68   69.13   51.38   86.57    4.47    6.03    7.51   53.42
B18   65.23   70.35   52.41   87.17   -5.69    5.91    8.21  133.92
B19   63.24   65.66   57.43   84.82   -0.10   -3.46    3.46  268.24
B20    3.22    2.29    0.78   16.94   19.05   14.38   23.87   37.04
B21    8.76    5.14    0.85   27.12   38.88   30.94   49.69   38.52
B22   30.27   26.27   14.43   58.29   19.63   16.21   25.46   39.54
C1     4.25    4.19    2.15   24.29    2.99   10.14   10.57   73.53
C2     4.64    4.28    1.26   24.59    6.93   20.32   21.47   71.18
C3     5.80    5.01    0.99   26.78   11.48   28.08   30.33   67.76
C4     5.77    4.99    0.96   26.72   11.41   28.34   30.56   68.07
C5    22.72   22.20   11.00   54.24    6.12   18.91   19.88   72.04
C6    24.67   22.15    5.41   54.18   15.01   40.33   43.03   69.59
C7    27.61   22.64    2.16   54.70   24.89   62.47   67.25   68.28
C8    31.06   24.51    1.61   56.59   29.93   71.31   77.33   67.23
C9    48.98   49.15   33.92   75.54    4.42    9.09   10.10   64.05
C10   51.81   50.12   28.22   76.15    9.36   18.97   21.15   63.73
C11   54.11   50.96   24.08   76.65   13.12   27.04   30.05   64.12
C12   52.87   48.93   19.82   75.41   15.30   33.25   36.60   65.29
C13   55.19   63.03   57.88   83.46  -13.49   -6.27   14.88  204.93
C14   62.12   57.76   53.19   80.60   15.52   -6.26   16.73  338.03
C15   70.11   73.07   43.74   88.49   -0.69   18.24   18.25   92.17
C16   43.70   45.33   37.32   73.10    0.05    0.06    0.11   82.84
C17   58.73   55.03   38.78   79.06   14.16    8.35   16.44   30.54
C18   51.43   59.40   41.28   81.51  -14.78    9.31   17.47  147.79
C19   46.09   47.20   49.05   74.32    1.69  -12.49   12.60  277.71
C20    1.95    1.65    0.77   13.55    8.87    8.89   12.56   45.05
C21   23.58   18.14    5.56   49.67   29.70   31.85   43.54   47.00
C22   36.35   33.68   20.61   64.71   13.37   13.16   18.76   44.56
D1     3.86    4.12    2.15   24.09   -1.73    9.81    9.97  100.00
D2     3.90    4.20    1.28   24.31   -2.08   19.57   19.68   96.05
D3     4.62    4.91    1.03   26.47   -1.50   26.74   26.78   93.21
D4     4.62    4.94    1.02   26.57   -1.88   27.12   27.19   93.98
D5    25.30   26.81   14.27   58.79   -2.25   17.51   17.65   97.33
D6    24.68   26.32    7.62   58.34   -2.93   37.72   37.85   94.45
D7    24.94   26.81    3.40   58.79   -3.74   59.87   59.98   93.57
D8    26.81   28.82    1.93   60.61   -3.84   74.86   74.96   92.93
D9    56.96   60.01   39.29   81.85   -2.16   12.48   12.66   99.82
D10   59.65   62.54   32.96   83.20   -1.49   23.71   23.76   93.60
D11   59.67   63.01   27.28   83.45   -2.51   33.13   33.23   94.34
D12   60.10   63.29   23.16   83.60   -2.12   40.73   40.79   92.99
D13   46.03   55.46   54.89   79.30  -19.97  -10.31   22.48  207.30
D14   55.28   48.15   47.74   74.92   23.56   -9.93   25.57  337.13
D15   68.13   70.85   35.57   87.41   -0.36   27.18   27.18   90.75
D16   31.78   32.88   27.38   64.06    0.34   -0.47    0.58  307.83
D17   50.67   44.62   29.03   72.65   21.46   11.62   24.40   28.43
D18   40.62   49.99   32.03   76.07  -21.97   12.80   25.42  149.78
D19   34.28   34.64   42.36   65.46    3.10  -19.73   19.97  278.92
D20   14.43   11.15    3.07   39.83   24.81   29.47   38.53   49.91
D21   22.90   22.58   14.38   54.64    5.22   10.04   11.32   62.55
D22   40.09   38.74   23.62   68.56    8.75   13.96   16.48   57.92
E1     3.45    4.05    2.20   23.84   -6.91    9.01   11.35  127.50
E2     3.13    3.97    1.34   23.58  -11.09   17.68   20.86  122.09
E3     3.51    4.81    1.11   26.18  -16.02   25.24   29.89  122.41
E4     3.55    4.85    1.10   26.30  -16.03   25.58   30.19  122.07
E5    12.01   13.89    7.56   44.07   -9.18   13.38   16.22  124.45
E6    10.89   13.74    4.53   43.86  -16.30   27.15   31.67  120.97
E7    10.02   13.73    2.45   43.83  -22.77   41.28   47.14  118.88
E8    10.48   15.46    1.78   46.26  -29.68   51.58   59.51  119.92
E9    36.37   39.64   27.49   69.21   -5.95    8.23   10.16  125.87
E10   35.82   40.62   24.33   69.91  -10.82   14.98   18.48  125.82
E11   36.04   42.47   21.85   71.20  -15.59   21.88   26.86  125.46
E12   35.09   43.03   18.30   71.57  -20.44   29.89   36.22  124.37
E13   39.33   49.53   52.06   75.78  -24.75  -13.34   28.11  208.32
E14   50.26   41.57   43.58   70.58   29.26  -12.43   31.79  336.97
E15   65.59   67.72   26.43   85.87    0.71   38.75   38.75   88.95
E16   23.76   24.69   19.78   56.78   -0.16    1.20    1.21   97.68
E17   44.60   37.49   20.92   67.64   26.25   17.58   31.60   33.81
E18   31.94   41.76   23.72   70.71  -27.73   17.47   32.77  147.79
E19   26.69   26.79   37.22   58.78    3.52  -24.49   24.75  278.18
E20   25.62   18.06    1.34   49.56   38.90   62.46   73.59   58.07
E21   17.84   15.02    3.03   45.68   19.14   39.88   44.23   64.36
E22   30.81   27.18    9.86   59.14   18.01   31.02   35.87   59.86
F1     1.42    1.83    1.25   14.57   -9.26    3.28    9.83  160.54
F2     1.29    1.99    1.07   15.43  -16.76    7.20   18.25  156.74
F3     1.36    2.38    1.03   17.35  -23.02   11.12   25.56  154.22
F4     1.50    2.76    1.14   19.06  -26.19   12.49   29.01  154.49
F5     6.28    8.02    5.67   34.03  -14.55    4.32   15.18  163.45
F6     5.18    8.07    4.80   34.12  -27.46    8.94   28.88  161.96
F7     4.10    7.76    3.91   33.49  -38.81   12.90   40.90  161.62
F8     3.45    8.07    3.28   34.13  -51.38   18.14   54.49  160.55
F9    35.61   39.25   31.42   68.93   -7.30    1.43    7.44  168.88
F10   35.03   40.74   31.12   69.99  -13.80    3.72   14.30  164.91
F11   34.39   42.15   30.85   70.98  -20.28    5.84   21.10  163.95
F12   32.86   42.45   29.17   71.18  -26.48    8.86   27.92  161.50
F13   33.72   44.32   49.41   72.44  -28.89  -16.14   33.09  209.19
F14   46.21   36.54   40.22   66.93   33.86  -14.45   36.82  336.90
F15   64.24   65.96   22.08   84.98    1.52   45.17   45.21   88.07
F16   18.43   19.21   15.39   50.94   -0.43    1.11    1.19  111.17
F17   40.38   32.59   16.58   63.83   30.05   20.45   36.35   34.25
F18   26.77   36.60   19.01   66.97  -31.40   20.40   37.44  146.98
F19   21.50   21.30   33.47   53.28    4.63  -28.65   29.02  279.18
F20   26.82   26.22   14.30   58.25    6.38   16.50   17.69   68.86
F21   34.77   32.18   12.86   63.49   13.33   29.38   32.26   65.58
F22   39.94   37.93   18.94   67.97   10.84   22.28   24.78   64.06
G1     2.18    2.80    2.55   19.21  -10.49   -2.07   10.69  191.20
G2     1.85    2.82    2.78   19.33  -18.40   -3.69   18.77  191.33
G3     1.87    3.30    3.18   21.19  -25.94   -3.42   26.17  187.52
G4     2.07    3.79    3.55   22.97  -29.05   -2.86   29.19  185.63
G5     8.61   10.78    9.68   39.22  -14.44   -2.71   14.70  190.64
G6     7.38   10.78   10.32   39.22  -25.74   -4.84   26.19  190.64
G7     5.94   10.27   10.57   38.32  -36.56   -7.19   37.25  191.13
G8     5.30   10.98   11.66   39.56  -49.32   -8.40   50.03  189.66
G9    34.90   38.68   32.35   68.52   -7.96   -0.69    7.99  184.99
G10   33.97   39.93   34.51   69.43  -15.02   -2.32   15.20  188.77
G11   33.64   41.65   35.68   70.63  -21.40   -1.92   21.48  185.12
G12   32.53   42.67   37.16   71.33  -28.30   -2.77   28.43  185.59
G13   27.18   37.90   45.76   67.94  -33.92  -19.63   39.19  210.07
G14   39.92   29.20   34.81   60.96   40.95  -17.34   44.47  337.05
G15   61.92   62.81   15.76   83.34    3.26   56.07   56.18   86.68
G16   11.86   12.35   10.12   41.78   -0.35    0.22    0.41  148.54
G17   34.28   25.78   11.58   57.83   36.01   23.33   42.92   32.94
G18   20.26   29.85   14.14   61.52  -36.82   22.54   43.18  148.52
G19   14.78   14.21   27.65   44.54    6.73  -34.58   35.24  281.03
G20   37.00   36.28   17.42   66.73    6.82   23.51   24.48   73.82
G21   35.44   34.54   11.18   65.39    7.40   37.58   38.29   78.87
G22   47.81   44.75    2.82   72.74   13.33   88.11   89.12   81.40
H1     2.38    2.83    3.22   19.34   -6.62   -6.89    9.56  226.15
H2     2.12    2.84    4.18   19.42  -12.42  -12.98   17.97  226.24
H3     2.03    2.91    5.33   19.72  -15.79  -18.69   24.47  229.80
H4     2.43    3.55    6.97   22.10  -17.61  -22.06   28.23  231.40
H5     9.27   10.84   11.87   39.32   -9.34   -9.45   13.29  225.35
H6     8.45   11.08   14.62   39.71  -18.01  -16.32   24.31  222.18
H7     7.30   10.58   17.76   38.85  -24.90  -25.31   35.50  225.48
H8     6.76   10.46   20.76   38.65  -29.45  -32.04   43.53  227.42
H9    35.51   38.89   35.60   68.67   -6.51   -5.19    8.32  218.55
H10   34.60   39.20   39.35   68.90  -10.58   -9.92   14.49  223.16
H11   34.94   41.19   45.22   70.31  -15.49  -14.90   21.49  223.90
H12   34.04   41.47   47.24   70.50  -19.40  -16.97   25.77  221.16
H13   21.76   32.18   42.07   63.49  -38.18  -22.76   44.46  210.80
H14   34.06   22.92   29.67   54.99   47.50  -19.86   51.49  337.31
H15   59.98   60.06   11.40   81.87    5.03   65.30   65.49   85.59
H16    7.47    7.80    6.36   33.55   -0.44    0.32    0.54  145.66
H17   28.77   20.11    7.22   51.96   41.25   28.39   50.07   34.53
H18   14.84   23.76    9.67   55.85  -41.68   25.97   49.12  148.07
H19   10.33    9.48   22.95   36.88    9.57  -39.42   40.56  283.64
H20   41.74   42.90   17.85   71.49    1.18   30.76   30.78   87.79
H21   31.91   33.53   23.33   64.58   -1.42    7.63    7.76  100.59
H22   35.75   39.59   13.23   69.18   -7.89   38.17   38.99  101.68
I1     3.86    4.06    5.35   23.86   -0.76  -11.61   11.65  266.22
I2     3.90    4.06    8.17   23.85   -0.02  -23.83   23.83  269.95
I3     3.93    4.07   10.88   23.92    0.12  -33.00   33.00  270.21
I4     4.02    4.08   14.08   23.93    1.28  -42.10   42.12  271.74
I5    13.65   14.36   14.74   44.75   -1.29   -7.92    8.02  260.76
I6    13.58   14.19   18.44   44.50   -0.64  -17.10   17.12  267.83
I7    13.22   13.78   22.39   43.92   -0.41  -26.21   26.22  269.10
I8    13.85   14.40   26.49   44.79   -0.09  -32.16   32.17  269.83
I9    37.37   38.96   35.67   68.72   -0.56   -5.19    5.22  263.79
I10   38.12   39.74   39.85   69.27   -0.53   -9.93    9.94  266.97
I11   38.11   39.77   43.64   69.30   -0.71  -14.71   14.73  267.24
I12   37.92   39.62   45.35   69.20   -0.88  -16.98   17.00  267.03
I13   17.70   27.60   38.78   59.53  -41.31  -25.31   48.46  211.49
I14   30.56   19.47   26.52   51.22   51.18  -21.14   55.38  337.57
I15   58.15   57.46    8.26   80.43    6.82   73.40   73.71   84.69
I16    5.07    5.31    4.20   27.59   -0.49    0.98    1.13  115.49
I17   25.26   16.73    4.67   47.91   44.46   33.37   55.58   36.89
I18   11.60   19.76    6.65   51.57  -44.40   30.06   53.61  145.90
I19    7.68    6.67   19.57   31.05   12.41  -42.70   44.47  286.20
I20   42.68   47.88   18.85   74.74  -10.05   34.17   35.62  106.38
I21   11.52   15.46    3.80   46.26  -22.02   35.61   41.87  121.73
I22   29.22   38.21   20.42   68.17  -26.92   19.53   33.25  144.04
J1     1.91    1.76    2.80   14.18    5.39  -12.74   13.84  292.85
J2     2.10    1.66    4.45   13.59   12.19  -24.55   27.42  296.40
J3     2.50    1.73    6.93   13.99   18.76  -35.94   40.54  297.55
J4     2.72    1.72    9.09   13.92   23.19  -44.29   49.99  297.63
J5    10.86   10.70   11.82   39.08    4.10   -9.69   10.53  292.94
J6    11.63   10.76   14.95   39.18    9.19  -18.06   20.26  296.97
J7    12.23   10.62   18.65   38.94   14.40  -27.14   30.72  297.95
J8    13.01   10.93   21.51   39.46   17.48  -32.20   36.64  298.49
J9    38.85   39.52   36.13   69.12    2.40   -5.14    5.68  295.11
J10   39.97   39.88   39.57   69.38    4.86   -9.38   10.56  297.37
J11   40.68   39.46   42.74   69.08    8.32  -13.98   16.26  300.75
J12   40.53   38.64   43.78   68.49   10.39  -16.27   19.31  302.55
J13   12.93   21.70   33.91   53.71  -44.50  -28.55   52.88  212.68
J14   26.26   15.52   22.57   46.35   55.40  -22.36   59.75  338.02
J15   56.19   54.75    5.77   78.89    8.69   81.17   81.63   83.89
J16    2.70    2.86    2.24   19.45   -0.99    1.07    1.48  129.74
J17   21.11   13.03    2.64   42.82   47.88   37.89   61.06   38.36
J18    7.33   14.16    3.91   44.47  -48.80   31.86   58.28  146.85
J19    4.87    3.89   15.38   23.30   15.45  -46.51   49.00  288.38
J20   30.99   40.33   25.35   69.71  -26.90   12.77   29.78  154.60
J21    4.45    8.61    1.59   35.22  -41.31   34.70   53.95  139.97
J22    1.35    2.22    1.00   16.58  -20.17   10.33   22.66  152.89
K1     4.95    4.33    4.97   24.73   10.34   -8.16   13.16  321.73
K2     6.04    4.23    6.96   24.42   24.38  -18.06   30.33  323.46
K3     7.19    4.24    8.71   24.44   36.14  -24.81   43.84  325.53
K4     8.67    4.76   11.72   26.03   42.85  -31.90   53.42  323.34
K5    15.34   14.37   14.47   44.76    9.08   -7.23   11.61  321.47
K6    16.85   13.94   17.24   44.15   20.36  -15.02   25.30  323.59
K7    18.60   13.81   20.61   43.97   30.44  -22.60   37.92  323.41
K8    21.33   14.31   24.10   44.67   40.93  -28.11   49.66  325.52
K9    40.44   39.99   35.77   69.46    5.94   -4.06    7.19  325.68
K10   43.46   40.47   38.94   69.80   13.57   -7.81   15.66  330.04
K11   47.14   41.83   42.96   70.76   19.97  -11.36   22.98  330.36
K12   49.28   42.15   43.67   70.97   24.96  -11.87   27.63  334.58
K13   10.91   18.93   31.28   50.61  -45.31  -29.94   54.31  213.46
K14   20.48   10.95   17.30   39.50   59.11  -23.15   63.49  338.62
K15   50.72   47.78    2.66   74.68   12.78   92.73   93.60   82.15
K16    1.35    1.38    1.10   11.80    0.66    0.51    0.85   38.24
K17   16.92    9.74    1.37   37.38   49.93   41.01   64.61   39.40
K18    4.74   10.06    2.07   37.94  -49.35   34.41   60.17  145.11
K19    3.09    2.06   11.39   15.79   21.69  -48.56   53.18  294.08
K20    2.49    3.30    2.05   21.19  -12.49    5.76   13.74  155.24
K21    1.36    1.87    1.60   14.77  -11.91   -0.66   11.93  183.21
K22    1.74    2.28    3.25   16.92  -10.77  -11.33   15.64  226.44
L1     3.57    2.97    2.67   19.94   11.66   -1.78   11.80  351.38
L2     4.30    2.92    2.82   19.71   23.39   -3.30   23.62  351.99
L3     6.03    3.72    3.74   22.71   31.65   -4.57   31.98  351.78
L4     7.01    4.19    4.61   24.31   35.00   -7.03   35.71  348.66
L5    12.66   11.02   10.15   39.61   14.49   -3.61   14.93  346.04
L6    15.14   11.27   11.31   40.03   28.24   -6.54   28.99  346.97
L7    18.29   11.47   11.78   40.35   44.47   -7.41   45.08  350.54
L8    20.15   11.82   12.24   40.92   51.39   -7.75   51.97  351.42
L9    41.60   40.46   34.46   69.79    8.07   -1.61    8.23  348.72
L10   44.57   40.94   35.23   70.13   15.36   -2.13   15.51  352.10
L11   48.19   41.83   35.75   70.75   22.92   -1.81   22.99  355.49
L12   48.51   40.72   36.33   69.98   27.13   -3.94   27.41  351.73
L13    7.93   14.30   26.51   44.65  -43.93  -32.45   54.62  216.46
L14   17.07    8.74   14.58   35.47   58.94  -23.50   63.46  338.27
L15   47.96   44.68    2.18   72.68   13.96   93.32   94.35   81.49
L16    0.65    0.68    0.62    6.15   -0.12   -0.99    1.00  263.05
L17   13.36    7.36    0.84   32.61   49.32   40.49   63.80   39.39
L18    3.44    7.72    1.52   33.40  -48.33   32.28   58.12  146.26
L19    2.05    1.19    8.53   10.52   24.28  -48.17   53.94  296.76
L20    0.80    0.88    0.86    7.91   -1.88   -2.47    3.11  232.87
L21    1.03    0.96    1.01    8.68    3.81   -3.59    5.24  316.60
L22    2.27    1.78    1.55   14.31   12.70   -0.94   12.74  355.77
GS0    74.38   77.21   62.39   90.42   -0.10    1.24    1.24   94.58
GS1    73.06   75.98   60.94   89.85   -0.36    1.66    1.71  102.10
GS2    63.50   66.00   53.94   85.00   -0.25    0.51    0.56  115.93
GS3    53.50   55.38   45.61   79.26    0.31    0.05    0.35  189.61
GS4    45.93   47.93   39.41   74.78   -0.74    0.14    0.76  169.26
GS5    39.17   40.97   33.63   70.15   -1.00    0.22    1.03  167.76
GS6    33.29   34.76   28.79   65.57   -0.74   -0.22    0.78  196.67
GS7    28.99   30.38   25.20   61.98   -1.11   -0.27    1.17  194.54
GS8    25.17   26.31   21.78   58.33   -0.81   -0.16    0.84  191.62
GS9    22.35   23.47   19.43   55.55   -1.25   -0.18    1.28  188.12
GS10   19.78   20.77   17.34   52.70   -1.23   -0.49    1.34  202.88
GS11   16.03   16.78   14.24   47.98   -0.77   -1.04    1.33  234.05
GS12   12.86   13.48   11.51   43.47   -0.84   -1.24    1.51  235.57
GS13   10.02   10.44    8.78   38.62   -0.35   -0.63    0.76  243.11
GS14    8.15    8.53    6.90   35.06   -0.66    0.55    0.86  139.76
GS15    6.49    6.74    5.26   31.22   -0.17    1.51    1.52   95.82
GS16    5.02    5.22    4.01   27.36   -0.20    1.75    1.78   95.09
GS17    3.72    3.90    3.00   23.35   -0.74    1.61    1.79  114.43
GS18    2.60    2.76    2.17   19.06   -1.20    0.99    1.56  139.70
GS19    1.88    1.97    1.54   15.34   -0.34    0.99    1.08  108.82
GS20    1.28    1.31    1.02   11.31    0.72    0.78    1.06   48.01
GS21    1.07    1.09    0.79    9.72    0.56    1.78    1.87   72.84
GS22    0.90    0.92    0.77    8.26    0.88   -0.39    0.98  335.76
GS23    0.65    0.68    0.75    6.12   -0.21   -3.64    3.64  266.75
END_DATAA