IT8.7/2
ORIGINATOR "FotoTune"
DESCRIPTOR "Agfa IT8"
MATERIAL "Agfacolor"
MANUFACTURER "Agfa"
CREATED "Fri Sep  4 09:17:11 1998"
PROD_DATE "1998:09"
SERIAL "5x7 c80657xx"
NUMBER_OF_FIELDS 9
BEGIN_DATA_FORMAT
SAMPLE_ID XYZ_X XYZ_Y XYZ_Z LAB_L LAB_A LAB_B LAB_C LAB_H
END_DATA_FORMAT
NUMBER_OF_SETS 288
BEGIN_DATA
A1     2.88    2.47    1.73   17.77    9.71    3.11   10.19   17.76
A2     3.36    2.35    1.38   17.22   20.20    6.06   21.08   16.70
A3     5.03    3.20    1.46   20.86   28.03   11.48   30.29   22.28
A4     5.61    3.50    1.55   21.94   30.32   12.30   32.72   22.06
A5    10.88    9.45    6.62   36.83   13.91    4.78   14.72   19.00
A6    13.03    9.68    5.74   37.28   27.03    9.59   28.69   19.53
A7    15.98   10.18    5.00   38.17   41.18   14.82   43.76   19.78
A8    17.97   10.17    4.45   38.15   52.19   17.80   55.15   18.83
A9    39.78   38.26   29.70   68.21    9.31    2.88    9.75   17.19
A10   43.42   39.38   29.20   69.03   16.83    5.09   17.58   16.83
A11   46.42   39.88   28.08   69.38   23.92    7.52   25.07   17.47
A12   46.12   38.25   25.72   68.21   28.14    9.53   29.70   18.73
A13   74.66   77.60   62.83   90.60   -0.25    1.11    1.13  103.10
A14   74.84   77.35   62.60   90.48    0.61    1.13    1.28   61.95
A15   74.70   77.49   60.68   90.55    0.02    3.13    3.13   89.49
A16   73.79   76.50   60.24   90.09    0.12    2.78    2.78   87.53
A17   74.43   77.00   60.40   90.32    0.45    3.01    3.05   81.56
A18   74.08   77.07   60.35   90.35   -0.39    3.12    3.16   97.16
A19   73.96   76.65   61.60   90.16    0.17    1.56    1.58   83.71
A20    1.38    1.16    0.68   10.24    8.07    4.78    9.38   30.62
A21    5.27    3.34    0.77   21.35   28.85   22.20   36.41   37.59
A22   10.29    5.88    0.83   29.10   42.82   34.53   55.01   38.88
B1     2.82    2.55    1.43   18.13    6.85    7.01    9.81   45.65
B2     3.43    2.59    0.84   18.33   16.39   15.81   22.77   43.97
B3     4.31    2.87    0.75   19.49   24.42   19.50   31.25   38.61
B4     4.93    3.18    0.75   20.76   27.26   21.74   34.87   38.56
B5    11.44    9.88    5.02   37.62   14.61   13.78   20.08   43.33
B6    13.44   10.18    3.37   38.15   25.88   24.51   35.64   43.44
B7    16.08   10.35    1.94   38.47   40.51   36.57   54.58   42.08
B8    18.10   10.71    1.38   39.09   48.85   43.78   65.60   41.86
B9    40.01   38.76   27.88   68.58    8.41    6.51   10.64   37.71
B10   43.31   39.74   25.09   69.28   15.35   12.52   19.81   39.19
B11   46.14   40.31   22.56   69.68   21.80   17.91   28.21   39.40
B12   46.38   39.56   20.17   69.15   24.78   21.72   32.95   41.22
B13   67.57   72.61   61.50   88.26   -5.23   -1.62    5.48  197.13
B14   69.75   68.77   59.03   86.39    7.56   -2.39    7.93  342.48
B15   72.60   75.51   50.86   89.63   -0.37   11.87   11.87   91.76
B16   60.24   61.75   48.24   82.79    1.72    3.04    3.50   60.49
B17   67.26   66.65   47.95   85.33    6.75    7.77   10.29   48.99
B18   64.85   70.07   49.29   87.03   -5.98    9.16   10.94  123.12
B19   62.03   63.49   56.53   83.70    1.96   -4.47    4.89  293.72
B20    2.88    2.05    0.73   15.73   18.30   13.40   22.69   36.22
B21    8.52    4.98    0.79   26.67   38.84   31.07   49.74   38.66
B22   29.36   25.03   12.03   57.10   21.36   20.73   29.77   44.14
C1     3.89    3.82    1.94   23.07    3.15   10.03   10.52   72.57
C2     4.26    3.94    1.23   23.49    6.63   18.83   19.97   70.60
C3     5.27    4.57    0.94   25.47   11.08   26.46   28.69   67.28
C4     5.31    4.57    0.94   25.49   11.32   26.58   28.90   66.93
C5    21.90   21.01    9.40   52.96    7.84   21.92   23.27   70.32
C6    24.28   21.31    4.97   53.28   17.10   41.03   44.45   67.37
C7    27.30   22.01    2.14   54.03   26.49   61.50   66.97   66.69
C8    30.08   23.34    1.58   55.42   31.26   69.64   76.34   65.82
C9    47.43   47.06   31.08   74.23    5.86   11.10   12.55   62.17
C10   50.28   48.17   25.38   74.93   10.57   21.74   24.17   64.08
C11   52.31   48.76   21.28   75.31   14.31   30.07   33.30   64.56
C12   51.96   47.48   17.31   74.50   16.85   37.18   40.82   65.62
C13   55.97   63.85   58.67   83.88  -13.39   -6.34   14.81  205.35
C14   61.88   56.68   53.18   80.00   17.54   -7.29   19.00  337.43
C15   70.18   72.94   40.43   88.42   -0.26   22.33   22.34   90.68
C16   42.95   43.89   34.15   72.15    1.94    2.91    3.49   56.31
C17   57.67   53.29   35.43   78.04   15.95   11.23   19.51   35.14
C18   51.40   59.26   37.71   81.43  -14.51   13.90   20.08  136.22
C19   45.83   46.16   48.83   73.65    3.86  -13.38   13.93  286.06
C20    1.75    1.46    0.69   12.36    9.14    8.13   12.23   41.64
C21   23.23   17.54    4.84   48.93   31.28   34.21   46.36   47.57
C22   35.12   31.99   17.56   63.33   15.18   17.33   23.03   48.78
D1     3.51    3.75    1.93   22.82   -1.59    9.65    9.77   99.37
D2     3.57    3.87    1.25   23.25   -2.39   18.18   18.34   97.49
D3     4.18    4.44    1.00   25.09   -1.50   25.00   25.05   93.45
D4     4.18    4.47    1.00   25.16   -1.75   24.89   24.95   94.02
D5    24.31   25.34   12.09   57.42   -0.50   21.10   21.10   91.33
D6    24.12   25.30    6.95   57.36   -1.12   38.78   38.79   91.65
D7    24.45   26.00    3.26   58.03   -2.57   59.54   59.59   92.46
D8    25.90   27.42    1.92   59.36   -2.18   72.82   72.85   91.71
D9    55.48   57.90   36.03   80.68   -0.80   14.93   14.94   93.06
D10   57.35   59.34   29.79   81.48    0.38   25.62   25.62   89.16
D11   57.44   59.89   24.22   81.78   -0.67   35.62   35.63   91.08
D12   57.83   60.46   20.40   82.08   -1.07   43.56   43.58   91.40
D13   46.15   55.73   55.45   79.46  -20.31  -10.65   22.93  207.65
D14   55.00   47.10   47.82   74.26   25.69  -11.17   28.03  336.50
D15   67.99   70.41   32.27   87.20    0.28   31.63   31.64   89.49
D16   30.49   31.27   24.52   62.74    1.31    2.24    2.60   59.82
D17   49.77   43.24   25.97   71.71   23.07   15.16   27.60   33.32
D18   39.69   49.01   28.66   75.46  -22.22   17.06   28.01  142.48
D19   33.57   33.53   42.34   64.58    4.47  -21.23   21.69  281.88
D20   14.08   10.70    2.76   39.07   25.93   30.44   39.99   49.58
D21   21.85   21.16   11.89   53.12    6.93   14.31   15.90   64.18
D22   38.67   36.90   20.26   67.19   10.15   18.16   20.81   60.78
E1     3.22    3.78    1.99   22.92   -6.70    9.28   11.44  125.83
E2     2.92    3.73    1.30   22.76  -11.19   16.71   20.11  123.80
E3     3.26    4.44    1.09   25.10  -15.45   23.63   28.24  123.18
E4     3.28    4.47    1.09   25.17  -15.47   23.77   28.36  123.06
E5    11.05   12.70    6.57   42.31   -8.44   14.49   16.77  120.24
E6    10.11   12.75    4.15   42.39  -15.85   26.81   31.16  120.60
E7     9.32   12.84    2.33   42.51  -22.77   39.96   45.99  119.68
E8     9.77   14.53    1.77   44.99  -29.74   49.58   57.82  120.96
E9    35.24   38.05   24.94   68.06   -4.78   10.66   11.68  114.13
E10   34.96   39.18   21.87   68.88   -9.29   17.84   20.12  117.51
E11   34.82   40.62   19.21   69.91  -14.18   25.06   28.79  119.49
E12   34.17   41.36   16.15   70.43  -18.67   32.86   37.80  119.60
E13   39.40   49.75   52.62   75.91  -25.12  -13.72   28.62  208.64
E14   49.88   40.42   43.61   69.76   31.76  -13.86   34.65  336.42
E15   65.43   67.07   23.21   85.54    1.78   44.00   44.03   87.69
E16   22.53   23.20   17.24   55.29    0.76    4.20    4.27   79.72
E17   43.47   35.84   17.93   66.40   28.29   21.78   35.71   37.60
E18   31.01   40.65   20.51   69.93  -27.77   22.38   35.67  141.15
E19   25.99   25.70   37.06   57.75    5.15  -26.06   26.56  281.20
E20   24.58   16.93    1.24   48.17   40.49   61.26   73.43   56.53
E21   17.24   14.28    2.72   44.64   20.42   40.43   45.30   63.19
E22   29.76   25.67    8.24   57.72   20.16   34.28   39.76   59.53
F1     1.38    1.75    1.22   14.15   -8.52    2.89    9.00  161.26
F2     1.27    1.94    1.06   15.17  -16.00    6.94   17.44  156.57
F3     1.37    2.35    1.02   17.22  -22.05   10.98   24.63  153.52
F4     1.52    2.73    1.15   18.93  -25.19   12.15   27.97  154.27
F5     5.81    7.39    5.04   32.69  -13.79    5.14   14.72  159.57
F6     4.81    7.49    4.33   32.90  -26.67    9.42   28.28  160.54
F7     3.89    7.31    3.55   32.51  -37.60   13.58   39.98  160.14
F8     3.41    7.89    3.08   33.76  -50.35   18.95   53.81  159.37
F9    34.65   37.78   28.91   67.86   -5.93    3.56    6.91  149.05
F10   34.22   39.40   28.88   69.04  -12.49    5.64   13.70  155.71
F11   33.21   40.42   28.18   69.76  -19.16    8.03   20.78  157.26
F12   31.93   40.83   26.66   70.06  -24.99   11.10   27.34  156.04
F13   33.39   44.15   49.89   72.33  -29.56  -16.87   34.03  209.71
F14   45.74   35.33   40.15   66.01   36.51  -15.95   39.84  336.40
F15   64.09   65.28   19.33   84.63    2.67   50.16   50.24   86.94
F16   17.38   17.93   13.18   49.41    0.50    4.21    4.23   83.18
F17   39.40   31.15   14.03   62.64   32.11   24.75   40.55   37.62
F18   25.78   35.40   16.20   66.06  -31.51   25.20   40.35  141.34
F19   20.88   20.32   33.39   52.20    6.36  -30.38   31.04  281.83
F20   25.93   24.92   11.83   57.00    8.16   21.15   22.67   68.90
F21   33.79   30.70   10.82   62.25   15.25   33.30   36.63   65.39
F22   38.25   35.80   15.77   66.37   12.40   26.79   29.52   65.17
G1     2.07    2.62    2.31   18.47   -9.59   -1.30    9.68  187.70
G2     1.80    2.70    2.53   18.82  -17.38   -2.62   17.58  188.57
G3     1.83    3.18    2.93   20.74  -24.94   -2.45   25.06  185.61
G4     2.01    3.61    3.28   22.35  -27.65   -2.16   27.73  184.48
G5     7.98    9.98    8.44   37.79  -13.94   -0.83   13.98  183.41
G6     6.86    9.97    9.19   37.78  -24.64   -3.54   24.89  188.17
G7     5.55    9.58    9.40   37.08  -35.68   -5.45   36.10  188.68
G8     5.07   10.53   10.44   38.78  -48.86   -5.97   49.22  186.97
G9    33.99   37.37   30.36   67.55   -6.86    0.70    6.90  174.18
G10   32.86   38.38   32.31   68.30  -14.06   -1.01   14.10  184.11
G11   32.54   40.15   33.40   69.57  -20.67   -0.45   20.67  181.25
G12   31.48   41.13   34.79   70.26  -27.50   -1.26   27.53  182.63
G13   26.99   37.83   46.10   67.90  -34.50  -20.11   39.93  210.25
G14   39.58   28.27   34.82   60.13   43.51  -18.80   47.40  336.64
G15   62.00   62.38   14.06   83.12    4.40   59.97   60.14   85.80
G16   10.94   11.36    8.62   40.18   -0.09    2.64    2.64   92.09
G17   33.51   24.65    9.78   56.73   38.11   27.13   46.79   35.44
G18   19.42   28.79   12.09   60.60  -37.03   26.60   45.60  144.30
G19   14.23   13.44   27.58   43.42    8.14  -36.40   37.30  282.61
G20   35.72   34.47   14.52   65.33    8.56   28.12   29.40   73.07
G21   34.51   33.04    9.43   64.19    9.38   41.19   42.25   77.18
G22   46.28   42.78    2.76   71.40   14.77   86.27   87.53   80.28
H1     2.18    2.58    2.82   18.27   -6.15   -5.82    8.47  223.39
H2     1.97    2.61    3.70   18.38  -11.47  -11.81   16.45  225.86
H3     1.93    2.76    4.82   19.01  -14.98  -17.22   22.82  228.96
H4     2.27    3.30    6.13   21.23  -17.17  -19.92   26.30  229.23
H5     8.51    9.91   10.32   37.69   -8.83   -7.48   11.57  220.27
H6     7.71   10.12   13.00   38.06  -17.55  -14.85   22.99  220.24
H7     6.88    9.93   16.41   37.72  -24.22  -24.15   34.20  224.93
H8     6.46    9.90   19.84   37.67  -28.21  -31.86   42.56  228.48
H9    34.57   37.53   33.55   67.67   -5.41   -3.94    6.68  216.10
H10   34.03   38.22   37.83   68.18   -9.44   -9.12   13.14  224.01
H11   34.08   39.90   43.54   69.40  -14.55  -14.43   20.49  224.76
H12   33.33   40.24   46.44   69.64  -18.19  -17.51   25.25  223.91
H13   21.48   31.98   42.40   63.33  -38.78  -23.47   45.33  211.17
H14   33.57   21.94   29.44   53.97   50.20  -21.26   54.51  337.04
H15   60.14   59.76   10.36   81.71    6.13   68.26   68.54   84.87
H16    6.80    7.07    5.58   31.97   -0.16    1.20    1.21   97.76
H17   28.30   19.32    6.28   51.06   43.28   30.81   53.12   35.46
H18   14.35   23.12    8.65   55.19  -41.83   28.45   50.59  145.78
H19    9.72    8.69   22.62   35.39   11.18  -41.36   42.85  285.14
H20   40.58   41.11   15.25   70.26    2.97   34.75   34.88   85.13
H21   30.79   31.92   20.34   63.27    0.12   11.24   11.24   89.42
H22   34.78   37.89   11.30   67.94   -5.84   41.60   42.01   97.99
I1     3.49    3.66    4.65   22.49   -0.57  -10.36   10.38  266.84
I2     3.47    3.58    6.97   22.23    0.20  -21.90   21.90  270.54
I3     3.55    3.62    9.62   22.38    0.90  -31.58   31.60  271.64
I4     3.74    3.68   13.18   22.59    2.93  -41.99   42.10  274.00
I5    12.62   13.21   12.95   43.08   -0.74   -6.05    6.10  263.08
I6    12.54   13.01   16.79   42.78   -0.06  -16.31   16.31  269.76
I7    12.46   12.88   20.96   42.57    0.34  -25.70   25.72  270.77
I8    13.06   13.36   25.42   43.31    1.19  -32.88   32.89  272.07
I9    36.64   37.78   33.82   67.85    0.78   -4.01    4.10  280.96
I10   37.42   38.56   38.47   68.43    0.81   -9.55    9.58  274.85
I11   37.31   38.47   42.19   68.37    0.75  -14.51   14.53  272.95
I12   37.49   38.56   44.89   68.43    1.05  -17.74   17.77  273.38
I13   17.64   27.60   39.26   59.53  -41.71  -25.96   49.12  211.90
I14   30.13   18.64   26.28   50.26   53.75  -22.36   58.22  337.42
I15   58.46   57.36    7.70   80.38    7.80   75.45   75.85   84.10
I16    4.62    4.81    3.74   26.17   -0.08    1.36    1.37   93.04
I17   25.01   16.24    4.20   47.28   46.17   34.96   57.91   37.13
I18   11.23   19.27    6.11   51.00  -44.60   31.55   54.64  144.73
I19    7.22    6.09   19.28   29.63   14.11  -44.54   46.72  287.58
I20   41.19   45.21   15.80   73.03   -7.11   38.19   38.85  100.54
I21   10.95   14.67    3.47   45.18  -21.55   35.90   41.87  120.98
I22   27.95   36.12   17.18   66.62  -25.12   23.87   34.65  136.46
J1     1.81    1.62    2.52   13.31    6.41  -12.01   13.62  298.10
J2     1.95    1.52    3.89   12.77   12.15  -22.68   25.73  298.17
J3     2.27    1.57    6.13   13.00   18.42  -34.10   38.76  298.38
J4     2.49    1.55    8.34   12.90   23.25  -43.35   49.19  298.21
J5    10.17    9.97   10.50   37.78    4.44   -7.90    9.06  299.34
J6    10.96   10.07   13.59   37.97    9.65  -16.61   19.21  300.14
J7    11.40    9.78   17.45   37.44   15.06  -27.05   30.96  299.10
J8    12.42   10.18   20.67   38.17   19.07  -32.72   37.86  300.23
J9    38.66   38.92   34.59   68.69    3.72   -3.70    5.25  315.09
J10   39.28   38.77   38.45   68.58    6.10   -9.26   11.09  303.36
J11   40.35   38.84   41.93   68.63    9.21  -13.72   16.53  303.86
J12   40.58   38.22   44.07   68.18   11.91  -17.19   20.91  304.73
J13   13.11   21.99   34.63   54.02  -44.64  -29.06   53.25  213.06
J14   25.74   14.82   22.15   45.38   57.43  -23.21   61.95  338.00
J15   56.81   55.04    5.68   79.07    9.44   81.94   82.49   83.43
J16    2.49    2.60    2.07   18.35   -0.18    0.73    0.75  103.76
J17   20.76   12.55    2.45   42.08   49.42   38.18   62.44   37.69
J18    7.32   14.12    3.76   44.42  -48.61   32.70   58.58  146.07
J19    4.64    3.55   15.09   22.11   17.64  -47.83   50.98  290.24
J20   29.82   38.47   22.24   68.37  -25.47   16.24   30.21  147.50
J21    4.30    8.10    1.47   34.18  -39.06   34.26   51.95  138.74
J22    1.34    2.14    0.92   16.24  -18.66   10.91   21.62  149.68
K1     4.45    3.87    4.30   23.23   10.25   -7.09   12.46  325.35
K2     5.33    3.72    5.88   22.69   23.68  -16.20   28.69  325.61
K3     6.46    3.82    7.63   23.08   34.65  -23.07   41.62  326.35
K4     8.18    4.51   11.08   25.30   41.73  -31.24   52.13  323.17
K5    14.49   13.44   12.93   43.41    9.80   -5.41   11.19  331.05
K6    15.92   12.98   15.73   42.73   21.22  -13.89   25.36  326.78
K7    17.81   12.96   19.32   42.71   31.75  -22.10   38.68  325.16
K8    20.65   13.45   23.34   43.43   42.97  -28.84   51.75  326.13
K9    39.65   38.74   33.94   68.57    7.36   -2.97    7.94  338.04
K10   42.87   39.51   37.72   69.12   14.77   -7.36   16.51  333.53
K11   46.33   40.61   41.67   69.90   21.42  -11.19   24.17  332.40
K12   47.94   40.50   43.13   69.82   26.24  -13.19   29.37  333.31
K13   11.07   19.17   31.97   50.88  -45.25  -30.54   54.59  214.01
K14   19.52   10.19   16.42   38.18   60.08  -23.38   64.47  338.74
K15   51.30   48.08    2.69   74.88   13.49   92.79   93.76   81.73
K16    1.23    1.23    1.03   10.78    1.46   -0.25    1.49  350.29
K17   16.37    9.24    1.30   36.45   50.83   40.31   64.88   38.42
K18    4.74   10.02    2.07   37.89  -49.15   34.36   59.97  145.04
K19    2.90    1.84   10.86   14.61   23.65  -49.01   54.42  295.76
K20    2.39    3.16    1.93   20.67  -12.10    6.01   13.51  153.58
K21    1.35    1.83    1.53   14.54  -11.23   -0.23   11.24  181.17
K22    1.69    2.20    2.93   16.51  -10.10   -9.75   14.04  223.95
L1     3.14    2.61    2.37   18.41   11.47   -1.89   11.62  350.63
L2     3.78    2.58    2.48   18.29   22.01   -3.07   22.23  352.04
L3     5.50    3.43    3.36   21.65   30.15   -3.86   30.40  352.70
L4     6.44    3.89    4.05   23.33   33.33   -5.43   33.78  350.74
L5    11.77   10.15    8.83   38.12   14.80   -1.63   14.89  353.69
L6    14.21   10.43    9.78   38.61   28.76   -4.12   29.05  351.83
L7    17.27   10.61   10.25   38.92   45.21   -5.15   45.51  353.50
L8    18.99   10.87   10.72   39.36   52.36   -5.86   52.69  353.61
L9    40.87   39.39   32.64   69.04    9.11   -0.22    9.11  358.57
L10   43.67   39.75   33.53   69.29   16.41   -1.11   16.44  356.12
L11   47.10   40.67   34.11   69.94   23.39   -0.84   23.40  357.94
L12   47.95   39.75   34.90   69.29   28.58   -3.11   28.74  353.78
L13    8.12   14.55   27.26   45.01  -43.78  -33.10   54.89  217.09
L14   16.67    8.48   14.19   34.97   58.90  -23.39   63.38  338.34
L15   48.24   44.64    2.19   72.65   14.86   93.20   94.38   80.94
L16    0.62    0.63    0.61    5.77    0.11   -1.50    1.50  273.98
L17   13.14    7.20    0.84   32.25   49.34   39.88   63.44   38.94
L18    3.42    7.67    1.52   33.28  -48.12   32.13   57.87  146.27
L19    2.01    1.16    8.37   10.27   24.40  -48.01   53.85  296.95
L20    0.75    0.81    0.81    7.32   -1.20   -2.75    3.00  246.40
L21    0.96    0.89    0.95    8.07    3.58   -3.75    5.18  313.68
L22    2.00    1.58    1.36   13.13   11.80   -0.69   11.82  356.65
GS0    75.49   78.26   63.50   90.90    0.14    0.99    1.00   82.42
GS1    71.71   74.04   59.43   88.94    0.74    1.62    1.78   65.57
GS2    61.45   63.09   50.50   83.49    1.51    1.68    2.26   48.19
GS3    52.59   54.01   43.62   78.47    1.38    1.12    1.77   39.22
GS4    45.37   46.95   37.26   74.15    0.35    1.97    2.00   79.95
GS5    38.89   40.23   31.91   69.63    0.37    1.89    1.92   78.88
GS6    32.85   33.99   27.08   64.96    0.30    1.60    1.63   79.49
GS7    28.61   29.63   23.57   61.33    0.21    1.58    1.61   82.57
GS8    24.45   25.34   19.99   57.40    0.12    1.87    1.87   86.38
GS9    21.60   22.52   17.52   54.57   -0.47    2.32    2.37  101.58
GS10   19.08   19.90   15.65   51.72   -0.50    1.82    1.88  105.24
GS11   15.32   15.90   12.70   46.84    0.04    1.12    1.12   88.09
GS12   12.21   12.75   10.25   42.38   -0.52    0.85    1.00  122.10
GS13    9.44    9.84    7.94   37.57   -0.42    0.68    0.80  121.28
GS14    7.49    7.82    6.16   33.61   -0.47    1.27    1.36  110.26
GS15    5.89    6.14    4.72   29.76   -0.25    1.85    1.87   97.85
GS16    4.63    4.83    3.68   26.25   -0.32    1.85    1.88   99.89
GS17    3.37    3.55    2.74   22.12   -0.80    1.41    1.62  119.63
GS18    2.41    2.57    2.00   18.22   -1.31    1.11    1.70  139.73
GS19    1.73    1.80    1.42   14.38   -0.16    0.68    0.69  104.05
GS20    1.17    1.18    0.98   10.39    1.20   -0.05    1.20  177.87
GS21    0.99    1.00    0.77    9.01    0.91    0.88    1.27   43.99
GS22    0.84    0.85    0.69    7.62    1.07    0.12    1.08    6.73
GS23    0.65    0.69    0.69    6.23   -0.59   -2.21    2.29  254.98
END_DATA
