IT8.7/2
ORIGINATOR "FotoTune"
DESCRIPTOR "Agfa IT8"
MATERIAL "Agfacolor"
MANUFACTURER "Agfa"
CREATED "Tue Oct 26 09:15:30 1999"
PROD_DATE "1999:010"
SERIAL "5x7 c90355xx"
NUMBER_OF_FIELDS 9
BEGIN_DATA_FORMAT
SAMPLE_ID XYZ_X XYZ_Y XYZ_Z LAB_L LAB_A LAB_B LAB_C LAB_H
END_DATA_FORMAT
NUMBER_OF_SETS 288
BEGIN_DATA
A1     3.22    2.72    2.00   18.88   10.68    2.30   10.92   12.13
A2     3.80    2.63    1.57   18.50   21.39    6.11   22.25   15.95
A3     5.05    3.11    1.59   20.45   29.99    9.22   31.37   17.09
A4     5.58    3.37    1.70   21.44   32.04    9.79   33.51   16.99
A5    11.92   10.41    7.89   38.57   13.91    2.58   14.15   10.51
A6    14.08   10.50    6.84   38.74   27.40    7.15   28.32   14.65
A7    16.76   10.67    5.93   39.02   41.92   11.68   43.52   15.57
A8    18.66   10.66    5.40   39.01   52.13   14.20   54.03   15.24
A9    42.31   41.07   33.44   70.21    8.36    0.61    8.39    4.14
A10   45.47   41.81   32.63   70.74   15.37    2.72   15.60   10.01
A11   48.19   42.12   31.65   70.96   22.05    4.58   22.51   11.74
A12   48.12   40.58   29.07   69.88   26.49    6.77   27.34   14.34
A13   75.36   78.31   66.85   90.92   -0.24   -2.15    2.16  263.55
A14   75.46   78.04   66.64   90.79    0.51   -2.17    2.23  283.16
A15   75.28   78.15   64.57   90.85   -0.07   -0.14    0.21  232.37
A16   74.49   77.25   64.20   90.43    0.06   -0.48    0.50  275.07
A17   74.82   77.46   64.06   90.53    0.33   -0.19    0.39  327.91
A18   74.80   77.85   64.24   90.71   -0.47   -0.05    0.48  187.41
A19   74.39   77.11   65.38   90.37    0.15   -1.72    1.73  274.86
A20    1.39    1.12    0.68    9.99    9.88    4.43   10.83   24.15
A21    5.30    3.24    0.76   20.97   30.72   21.85   37.70   35.44
A22    9.83    5.47    0.82   28.03   43.78   32.93   54.79   36.95
B1     3.19    2.83    1.62   19.34    8.19    7.02   10.78   40.60
B2     3.91    2.99    0.88   19.98   16.76   17.89   24.51   46.85
B3     4.86    3.26    0.77   21.03   25.17   21.66   33.21   40.71
B4     5.42    3.49    0.76   21.92   28.15   23.41   36.61   39.75
B5    12.44   10.80    6.02   39.24   14.57   11.64   18.65   38.63
B6    14.54   11.10    4.07   39.75   25.86   22.76   34.44   41.35
B7    16.91   10.97    2.26   39.53   40.53   35.39   53.82   41.12
B8    18.53   11.05    1.53   39.67   48.63   43.00   64.92   41.49
B9    42.60   41.71   31.62   70.66    7.29    4.12    8.38   29.49
B10   45.52   42.46   28.60   71.18   13.60    9.78   16.75   35.74
B11   48.18   42.90   26.20   71.49   19.72   14.35   24.39   36.04
B12   48.65   42.24   23.42   71.04   22.94   18.60   29.54   39.03
B13   68.40   73.38   65.32   88.63   -4.99   -4.66    6.82  223.06
B14   70.90   70.24   63.29   87.11    6.89   -5.34    8.72  322.20
B15   73.11   76.19   53.81   89.95   -0.68    9.19    9.22   94.24
B16   60.98   62.56   50.82   83.21    1.62    0.85    1.83   27.82
B17   68.13   67.85   50.82   85.93    6.03    5.55    8.19   42.61
B18   65.46   70.74   51.93   87.36   -6.01    6.77    9.05  131.61
B19   63.12   64.65   60.32   84.31    1.88   -7.28    7.52  284.44
B20    3.22    2.24    0.74   16.69   20.15   14.88   25.05   36.45
B21    8.67    4.93    0.78   26.56   40.61   31.06   51.13   37.42
B22   31.18   26.86   14.01   58.85   20.60   18.26   27.54   41.55
C1     4.40    4.24    2.22   24.47    4.31    9.89   10.78   66.43
C2     4.77    4.36    1.32   24.85    7.52   20.04   21.40   69.44
C3     5.76    4.93    0.96   26.53   12.14   27.95   30.47   66.53
C4     5.89    5.03    0.97   26.82   12.41   28.34   30.94   66.35
C5    23.99   23.20   11.34   55.28    7.31   19.67   20.98   69.60
C6    26.10   23.27    6.07   55.35   15.92   39.22   42.33   67.91
C7    29.01   23.81    2.41   55.90   25.17   62.40   67.29   68.04
C8    32.05   25.57    1.72   57.62   29.05   71.84   77.49   67.99
C9    49.93   50.04   34.64   76.09    4.62    8.98   10.10   62.78
C10   52.38   50.87   29.25   76.61    8.88   18.07   20.14   63.83
C11   54.40   51.44   24.81   76.94   12.59   26.24   29.10   64.39
C12   53.84   49.98   20.15   76.06   14.98   33.69   36.86   66.02
C13   57.99   65.51   62.58   84.75  -12.14   -8.74   14.96  215.78
C14   63.74   59.15   57.46   81.38   15.91   -9.42   18.49  329.37
C15   70.86   73.87   44.11   88.86   -0.72   18.44   18.45   92.24
C16   45.36   46.61   37.71   73.94    1.24    0.98    1.59   38.14
C17   59.47   55.73   38.93   79.46   14.22    8.84   16.74   31.88
C18   53.03   60.74   41.04   82.24  -13.74   10.87   17.51  141.65
C19   48.25   48.85   52.81   75.35    3.26  -14.89   15.24  282.34
C20    2.02    1.69    0.74   13.77    9.55    9.82   13.70   45.79
C21   24.69   18.92    5.87   50.59   30.49   31.92   44.14   46.31
C22   37.50   34.64   20.38   65.48   13.84   14.96   20.38   47.22
D1     4.02    4.20    2.22   24.33   -0.45    9.54    9.56   92.75
D2     4.16    4.44    1.37   25.08   -1.63   19.85   19.92   94.69
D3     4.80    5.06    1.05   26.89   -0.95   27.17   27.18   91.99
D4     4.84    5.11    1.05   27.05   -1.05   27.43   27.45   92.19
D5    26.60   27.94   14.16   59.83   -1.33   19.57   19.61   93.87
D6    26.33   27.85    8.45   59.76   -2.08   37.02   37.08   93.21
D7    26.65   28.34    3.75   60.19   -2.70   59.99   60.05   92.57
D8    28.25   29.81    1.99   61.49   -1.86   75.82   75.85   91.40
D9    57.19   59.80   40.03   81.73   -1.07   11.31   11.36   95.40
D10   58.92   61.23   33.92   82.51   -0.22   21.10   21.10   90.61
D11   58.81   61.68   27.98   82.74   -1.53   30.74   30.78   92.85
D12   59.18   62.15   23.32   82.99   -1.71   39.40   39.43   92.49
D13   48.56   57.79   59.33   80.62  -18.60  -12.63   22.49  214.17
D14   57.27   49.89   51.93   76.00   23.78  -12.81   27.01  331.70
D15   68.89   71.62   36.15   87.79   -0.31   27.01   27.01   90.67
D16   33.41   34.46   27.98   65.32    0.73    0.72    1.02   44.58
D17   51.90   45.85   29.49   73.45   21.22   12.24   24.49   29.99
D18   42.17   51.33   32.19   76.88  -20.73   13.95   24.99  146.06
D19   36.49   36.55   46.11   66.94    4.20  -21.78   22.18  280.92
D20   15.19   11.64    3.29   40.63   26.03   29.28   39.18   48.36
D21   23.95   23.35   14.18   55.42    6.49   11.93   13.58   61.43
D22   41.36   39.96   23.81   69.43    8.88   15.11   17.53   59.56
E1     3.62    4.16    2.24   24.20   -5.89    9.14   10.87  122.85
E2     3.35    4.24    1.41   24.44  -11.22   18.23   21.40  121.60
E3     3.70    4.99    1.13   26.73  -15.41   25.83   30.07  120.82
E4     3.72    5.03    1.12   26.83  -15.66   26.05   30.38  121.01
E5    12.57   14.36    8.00   44.74   -8.30   12.84   15.28  122.88
E6    11.55   14.39    5.03   44.78  -15.45   26.08   30.31  120.65
E7    10.75   14.59    2.66   45.07  -22.58   41.68   47.41  118.43
E8    11.16   16.18    1.86   47.22  -28.74   52.43   59.79  118.72
E9    37.83   40.99   28.48   70.17   -5.30    8.24    9.80  122.75
E10   37.46   41.76   25.20   70.71   -8.84   14.76   17.20  120.91
E11   37.50   43.29   22.17   71.75  -13.23   22.21   25.84  120.77
E12   36.18   43.34   18.53   71.79  -17.69   29.75   34.62  120.74
E13   41.74   51.84   56.40   77.19  -23.38  -15.56   28.08  213.64
E14   52.23   43.25   47.49   71.73   29.53  -15.15   33.18  332.84
E15   66.29   68.39   26.78   86.20    0.84   38.72   38.73   88.76
E16   24.91   25.69   20.05   57.74    0.62    2.31    2.39   74.92
E17   45.58   38.33   21.09   68.26   26.37   18.32   32.10   34.79
E18   33.35   42.96   23.65   71.53  -26.29   19.01   32.44  144.12
E19   28.36   28.16   40.28   60.03    4.86  -26.43   26.87  280.40
E20   25.54   18.01    1.32   49.50   38.83   62.60   73.67   58.19
E21   18.92   15.77    3.20   46.67   20.43   40.32   45.21   63.13
E22   31.81   27.85    9.86   59.75   19.03   32.04   37.28   59.29
F1     1.46    1.84    1.28   14.59   -8.18    2.82    8.65  160.99
F2     1.25    1.97    1.10   15.30  -17.27    6.64   18.51  158.96
F3     1.28    2.33    1.04   17.12  -24.25   10.50   26.43  156.58
F4     1.44    2.75    1.19   19.00  -27.74   11.71   30.10  157.11
F5     6.74    8.47    6.11   34.93  -13.52    3.80   14.05  164.30
F6     5.66    8.64    5.26   35.28  -26.61    8.53   27.94  162.23
F7     4.51    8.40    4.36   34.80  -38.82   12.51   40.79  162.14
F8     3.30    7.84    3.55   33.65  -51.60   15.56   53.90  163.22
F9    37.57   41.03   32.69   70.19   -6.30    1.69    6.53  164.93
F10   36.72   41.93   32.50   70.82  -11.77    3.05   12.15  165.49
F11   35.94   43.12   32.00   71.64  -17.85    5.22   18.60  163.72
F12   34.26   43.21   30.15   71.69  -23.77    8.19   25.14  161.00
F13   35.69   46.26   53.43   73.72  -27.67  -18.39   33.22  213.60
F14   47.89   37.78   43.60   67.85   34.56  -17.15   38.58  333.60
F15   64.86   66.48   22.12   85.24    1.78   45.56   45.60   87.76
F16   18.99   19.57   15.19   51.34    0.65    2.31    2.40   74.21
F17   41.20   33.25   16.20   64.36   30.26   22.27   37.58   36.35
F18   28.01   37.65   18.77   67.76  -29.88   22.30   37.28  143.26
F19   22.82   22.32   36.18   54.36    6.03  -30.67   31.26  281.14
F20   28.05   27.12   13.85   59.08    7.72   19.10   20.60   68.00
F21   35.98   33.18   12.81   64.31   13.89   30.94   33.92   65.83
F22   40.64   38.59   18.26   68.45   10.91   24.60   26.91   66.08
G1     2.30    2.88    2.66   19.56   -9.19   -2.36    9.49  194.37
G2     1.99    2.99    2.98   19.99  -18.17   -4.07   18.61  192.65
G3     1.85    3.29    3.43   21.17  -26.56   -5.20   27.06  191.08
G4     2.02    3.72    3.83   22.70  -29.07   -5.15   29.53  190.04
G5     9.18   11.30   10.01   40.08  -13.33   -2.38   13.54  190.13
G6     7.99   11.40   10.82   40.24  -24.47   -4.66   24.91  190.79
G7     6.51   11.08   11.11   39.72  -36.51   -6.47   37.08  190.04
G8     5.49   11.28   12.02   40.06  -49.14   -8.60   49.89  189.93
G9    37.06   40.68   34.17   69.95   -6.90   -0.93    6.95  187.73
G10   35.69   41.26   36.04   70.35  -13.16   -2.90   13.48  192.46
G11   34.99   42.51   37.12   71.22  -19.27   -2.89   19.48  188.54
G12   33.71   43.28   38.24   71.75  -25.96   -3.51   26.20  187.71
G13   29.09   39.85   49.65   69.36  -32.54  -21.72   39.12  213.72
G14   41.40   30.21   37.69   61.83   41.78  -19.86   46.26  334.57
G15   62.78   63.58   16.24   83.74    3.49   55.60   55.71   86.42
G16   12.42   12.84   10.17   42.51    0.34    1.34    1.38   75.72
G17   35.11   26.40   11.48   58.42   36.33   24.67   43.92   34.17
G18   21.38   30.89   14.27   62.41  -35.32   23.74   42.56  146.10
G19   15.92   15.12   29.99   45.81    7.94  -36.20   37.06  282.38
G20   38.23   37.33   16.91   67.53    7.34   26.06   27.08   74.26
G21   36.92   35.80   11.34   66.37    8.07   38.77   39.60   78.23
G22   47.81   44.72    3.00   72.71   13.43   86.67   87.71   81.19
H1     2.51    2.88    3.43   19.56   -5.11   -7.95    9.45  237.26
H2     2.26    2.95    4.45   19.82  -11.22  -13.81   17.79  230.89
H3     2.01    2.88    5.61   19.58  -15.64  -20.30   25.62  232.38
H4     2.35    3.46    7.03   21.80  -17.89  -22.85   29.02  231.95
H5     9.86   11.40   12.06   40.24   -8.53   -8.39   11.97  224.50
H6     9.09   11.68   15.27   40.69  -16.85  -16.26   23.42  223.99
H7     7.93   11.28   18.82   40.05  -24.17  -25.59   35.19  226.65
H8     7.32   11.26   22.06   40.01  -29.59  -32.33   43.83  227.54
H9    37.85   41.08   37.53   70.24   -5.55   -5.16    7.58  222.96
H10   36.51   40.85   41.10   70.07   -9.26  -10.17   13.76  227.68
H11   36.60   42.45   47.07   71.18  -13.69  -15.59   20.76  228.71
H12   35.90   42.86   50.18   71.46  -17.23  -18.69   25.42  227.33
H13   23.47   34.03   45.78   64.98  -36.81  -24.76   44.36  213.93
H14   35.09   23.42   31.75   55.50   48.83  -22.23   53.65  335.53
H15   60.96   61.01   12.18   82.38    5.12   63.88   64.09   85.41
H16    7.89    8.10    6.68   34.19    0.75    0.00    0.75  179.27
H17   29.46   20.49    7.56   52.39   42.04   27.72   50.35   33.40
H18   16.01   24.99   10.21   57.08  -40.08   26.29   47.93  146.74
H19   11.02    9.91   24.58   37.69   11.24  -41.03   42.54  285.32
H20   42.73   43.56   17.60   71.93    2.24   32.08   32.17   86.01
H21   33.76   35.10   23.81   65.82   -0.22    8.89    8.90   91.46
H22   37.00   40.31   13.26   69.69   -5.97   38.97   39.43   98.71
I1     3.93    4.03    5.43   23.75    0.91  -12.27   12.31  274.27
I2     3.93    3.99    7.92   23.62    1.32  -23.27   23.31  273.24
I3     3.99    4.04   10.86   23.80    1.38  -33.15   33.17  272.39
I4     4.12    4.11   14.35   24.03    2.28  -42.65   42.71  273.05
I5    14.06   14.66   14.78   45.17   -0.45   -7.32    7.33  266.50
I6    13.99   14.53   18.84   44.99   -0.09  -17.11   17.11  269.71
I7    14.05   14.51   23.32   44.96    0.41  -26.17   26.17  270.90
I8    14.53   14.95   27.44   45.57    0.75  -32.45   32.46  271.32
I9    39.17   40.58   37.26   69.88    0.19   -5.43    5.43  272.00
I10   39.93   41.25   41.49   70.35    0.54  -10.19   10.21  273.05
I11   39.95   41.25   45.72   70.35    0.60  -15.43   15.43  272.21
I12   39.94   41.21   48.61   70.32    0.68  -18.88   18.89  272.08
I13   19.45   29.57   42.42   61.28  -39.83  -27.03   48.13  214.17
I14   31.24   19.65   28.06   51.44   52.80  -23.36   57.74  336.14
I15   59.35   58.62    8.98   81.08    6.89   71.90   72.23   84.53
I16    5.38    5.50    4.53   28.12    0.96    0.00    0.96  180.23
I17   25.89   17.08    4.97   48.35   45.23   32.56   55.73   35.75
I18   12.57   20.87    7.27   52.81  -43.06   29.62   52.26  145.48
I19    8.16    6.90   20.74   31.58   14.43  -44.24   46.53  288.07
I20   43.40   47.60   18.34   74.57   -7.17   34.99   35.71  101.59
I21   12.44   16.49    4.07   47.62  -21.49   36.33   42.21  120.60
I22   30.06   38.24   19.68   68.19  -23.85   21.11   31.85  138.48
J1     2.00    1.80    2.88   14.42    6.14  -12.98   14.36  295.32
J2     2.20    1.75    4.47   14.14   11.92  -23.74   26.57  296.67
J3     2.55    1.76    6.97   14.20   18.81  -35.71   40.35  297.78
J4     2.77    1.74    9.26   14.07   23.59  -44.64   50.49  297.86
J5    11.29   11.07   11.92   39.69    4.62   -8.98   10.10  297.26
J6    12.23   11.25   15.35   40.00    9.84  -17.65   20.22  299.15
J7    12.74   11.01   19.31   39.61   15.06  -27.39   31.26  298.79
J8    13.59   11.30   22.23   40.08   18.48  -32.50   37.39  299.61
J9    41.00   41.50   37.64   70.52    3.11   -4.82    5.73  302.85
J10   41.96   41.71   41.46   70.67    5.39   -9.61   11.02  299.24
J11   42.97   41.62   45.19   70.61    8.64  -14.35   16.74  301.04
J12   42.99   40.92   47.90   70.12   10.83  -18.40   21.34  300.48
J13   14.12   23.17   37.10   55.24  -43.46  -30.43   53.05  215.00
J14   26.26   15.19   23.22   45.90   57.35  -24.37   62.31  336.98
J15   57.45   55.94    6.31   79.57    8.82   79.88   80.37   83.70
J16    2.75    2.82    2.32   19.31    0.57    0.00    0.59  178.76
J17   21.04   12.79    2.74   42.45   49.14   36.51   61.22   36.61
J18    7.90   14.91    4.23   45.51  -47.89   31.74   57.46  146.47
J19    4.99    3.80   15.85   23.01   18.24  -48.18   51.51  290.74
J20   31.73   40.31   25.02   69.70  -24.13   13.35   27.58  151.05
J21    4.68    8.80    1.52   35.59  -39.97   36.06   53.84  137.94
J22    1.25    2.08    0.91   15.90  -20.02   10.44   22.58  152.44
K1     4.99    4.24    4.94   24.47   11.94   -8.53   14.68  324.45
K2     6.07    4.24    6.77   24.48   24.53  -17.12   29.92  325.10
K3     7.30    4.30    8.73   24.64   36.42  -24.53   43.90  326.03
K4     8.46    4.56   11.19   25.42   43.65  -31.35   53.75  324.32
K5    16.08   14.99   14.68   45.62    9.66   -6.29   11.53  326.93
K6    17.67   14.53   17.69   44.99   21.17  -14.60   25.72  325.42
K7    19.62   14.51   21.39   44.96   31.40  -22.44   38.60  324.45
K8    22.24   14.76   25.17   45.31   42.42  -28.97   51.36  325.67
K9    42.73   42.15   37.57   70.98    6.38   -3.95    7.51  328.29
K10   45.24   42.21   40.74   71.01   13.53   -8.09   15.76  329.14
K11   48.77   43.52   45.36   71.90   19.52  -12.31   23.08  327.76
K12   50.37   43.22   46.83   71.71   24.70  -14.41   28.60  329.73
K13   11.89   20.20   34.23   52.06  -44.47  -31.85   54.71  215.61
K14   20.99   11.15   18.12   39.82   60.21  -24.47   64.99  337.89
K15   51.86   48.83    2.76   75.35   12.97   93.08   93.98   82.07
K16    1.37    1.40    1.11   11.97    0.54    0.70    0.88   52.41
K17   17.26    9.91    1.38   37.69   50.41   41.36   65.21   39.38
K18    5.05   10.51    2.14   38.74  -48.94   35.09   60.22  144.36
K19    3.21    2.09   11.93   15.98   23.06  -49.88   54.96  294.81
K20    2.62    3.46    2.11   21.80  -12.44    6.19   13.90  153.54
K21    1.38    1.88    1.63   14.84  -11.73   -0.97   11.77  184.70
K22    1.80    2.32    3.36   17.07   -9.98  -11.80   15.45  229.79
L1     3.51    2.90    2.68   19.63   12.17   -2.37   12.40  349.02
L2     4.18    2.85    2.82   19.43   22.90   -3.81   23.22  350.56
L3     5.59    3.38    3.61   21.48   31.96   -5.87   32.49  349.60
L4     6.51    3.80    4.36   23.02   35.44   -7.78   36.29  347.61
L5    13.02   11.34   10.09   40.15   14.51   -2.45   14.72  350.40
L6    15.42   11.37   11.07   40.20   29.18   -5.49   29.69  349.33
L7    18.25   11.27   11.57   40.04   45.58   -7.31   46.16  350.89
L8    19.93   11.57   12.13   40.52   52.08   -8.14   52.72  351.12
L9    43.42   42.19   35.97   71.01    8.28   -1.67    8.45  348.54
L10   45.83   42.31   36.67   71.08   14.93   -2.51   15.15  350.43
L11   49.05   42.95   37.21   71.52   21.94   -2.51   22.09  353.47
L12   49.84   42.10   37.53   70.94   26.60   -3.95   26.89  351.55
L13    7.89   14.10   27.60   44.38  -43.15  -34.78   55.42  218.88
L14   15.85    7.93   13.79   33.84   59.11  -24.26   63.90  337.68
L15   48.72   45.42    2.20   73.17   13.95   93.96   94.99   81.56
L16    0.50    0.51    0.58    4.66    0.22   -3.05    3.05  274.05
L17   12.58    6.81    0.80   31.38   49.44   39.03   62.99   38.29
L18    3.22    7.43    1.50   32.76  -49.12   31.47   58.34  147.36
L19    1.83    0.99    7.97    8.91   25.99  -48.83   55.31  298.03
L20    0.71    0.81    0.83    7.32   -2.88   -3.03    4.18  226.49
L21    0.96    0.88    0.98    7.92    4.49   -4.38    6.26  315.71
L22    2.26    1.77    1.51   14.25   12.67   -0.66   12.69  357.04
GS0    76.49   79.29   67.69   91.37    0.14   -2.16    2.16  273.35
GS1    72.96   75.50   63.29   89.62    0.39   -1.01    1.09  291.22
GS2    62.85   64.75   53.72   84.35    1.04   -0.36    1.12  341.78
GS3    54.24   55.81   46.25   79.51    1.12   -0.28    1.16  346.08
GS4    47.63   49.25   40.31   75.60    0.47    0.38    0.61   38.90
GS5    41.27   42.66   34.89   71.32    0.48    0.41    0.65   39.95
GS6    35.35   36.69   29.95   67.04   -0.02    0.48    0.48   92.74
GS7    30.87   32.15   26.42   63.47   -0.45    0.16    0.48  160.71
GS8    26.78   27.84   22.73   59.74   -0.23    0.44    0.49  118.04
GS9    23.67   24.66   20.05   56.74   -0.43    0.59    0.73  125.87
GS10   20.86   21.78   17.86   53.79   -0.64    0.23    0.69  160.20
GS11   16.85   17.53   14.47   48.93   -0.23   -0.03    0.26  184.12
GS12   13.69   14.30   11.83   44.65   -0.54   -0.12    0.56  191.98
GS13   10.56   11.01    9.15   39.60   -0.44   -0.24    0.51  206.29
GS14    8.61    8.97    7.28   35.93   -0.28    0.47    0.56  118.71
GS15    6.82    7.07    5.64   31.95    0.12    0.89    0.90   83.21
GS16    5.29    5.47    4.34   28.04    0.19    1.00    1.01   79.45
GS17    3.85    4.01    3.18   23.67   -0.12    0.79    0.80   99.88
GS18    2.69    2.82    2.23   19.32   -0.66    0.86    1.08  127.55
GS19    1.90    1.98    1.52   15.38   -0.03    1.21    1.21   91.16
GS20    1.33    1.36    1.03   11.72    0.35    1.34    1.38   75.19
GS21    1.11    1.13    0.81   10.09    0.28    2.07    2.09   82.43
GS22    0.90    0.92    0.70    8.29    0.80    0.97    1.25   50.61
GS23    0.52    0.54    0.64    4.89   -0.00   -3.61    3.61  269.89
END_DATA

