IT8.7/2
ORIGINATOR "Wolf Faust"
DESCRIPTOR "L* a* b* Batch average data (light D50, viewing angle 2)"
MANUFACTURER "Wolf Faust"
CREATED "Dezember 10,1999"
PROD_DATE "1999:12"
SERIAL "5x7 R991210"
MATERIAL "FujiFilm Pictrostat"
NUMBER_OF_FIELDS 9
BEGIN_DATA_FORMAT
SAMPLE_ID XYZ_X XYZ_Y   XYZ_Z           LAB_L   LAB_A   LAB_B           LAB_C   LAB_H
END_DATA_FORMAT
NUMBER_OF_SETS 288
BEGIN_DATA
A1      3.39    2.73    1.85            18.91   13.35   3.83            13.89   16.01
A2      4.58    2.98    1.63            19.97   26.04   7.92            27.22   16.92
A3      5.66    3.32    1.47            21.28   33.57   12.06           35.67   19.77
A4      5.93    3.19    1.49            20.78   38.78   10.98           40.30   15.81
A5      13.33   11.56   8.14            40.51   14.96   5.02            15.77   18.54
A6      15.27   11.21   6.98            39.93   29.46   8.65            30.70   16.37
A7      17.05   10.77   5.96            39.20   42.75   11.86           44.36   15.50
A8      21.82   10.52   4.43            38.76   68.64   18.94           71.21   15.43
A9      41.15   40.44   31.91           69.78   6.68    2.20            7.03    18.22
A10     43.78   40.79   31.00           70.03   13.47   4.02            14.06   16.60
A11     46.65   41.24   30.06           70.34   20.37   6.02            21.24   16.47
A12     49.62   41.09   28.70           70.24   28.96   8.05            30.06   15.53
A13     76.68   79.02   71.63           91.25   0.98    -5.88           5.96    279.50
A14     76.68   79.02   71.63           91.24   0.98    -5.88           5.96    279.42
A15     75.72   78.41   66.21           90.97   0.22    -1.42           1.43    278.82
A16     75.75   78.44   66.24           90.98   0.22    -1.42           1.44    278.87
A17     75.75   78.45   66.23           90.99   0.21    -1.41           1.42    278.54
A18     75.80   78.51   66.24           91.01   0.20    -1.37           1.39    278.49
A19     76.73   79.09   71.74           91.27   0.95    -5.92           6.00    279.09
A20     1.43    1.18    0.90            10.40   9.14    1.10            9.21    6.85
A21     5.62    3.35    0.87            21.38   32.79   20.59           38.72   32.13
A22     10.28   5.46    1.04            28.01   47.37   29.29           55.69   31.73
B1      3.05    2.62    1.37            18.46   9.64    8.33            12.74   40.85
B2      3.92    2.79    0.91            19.20   20.20   16.16           25.87   38.67
B3      4.67    3.03    0.73            20.18   26.31   21.04           33.69   38.64
B4      3.94    2.62    0.68            18.47   23.61   19.11           30.37   38.99
B5      13.41   11.45   5.83            40.33   16.26   14.43           21.73   41.59
B6      15.06   11.19   3.68            39.90   28.30   25.43           38.05   41.95
B7      17.08   11.02   2.39            39.62   41.06   34.44           53.59   39.99
B8      21.56   10.79   0.80            39.22   65.48   52.48           83.91   38.71
B9      40.76   40.27   29.82           69.66   6.00    5.24            7.97    41.09
B10     43.31   40.80   27.03           70.03   12.07   10.46           15.98   40.92
B11     45.31   40.88   23.78           70.09   17.62   16.34           24.03   42.84
B12     48.61   41.05   20.17           70.21   26.34   23.59           35.36   41.85
B13     70.74   75.08   70.83           89.43   -3.50   -8.29           9.00    247.13
B14     71.83   70.60   68.34           87.29   8.03    -9.73           12.62   309.56
B15     74.10   77.31   57.15           90.47   -0.92   6.61            6.67    97.89
B16     62.53   64.85   52.72           84.41   -0.01   0.87            0.87    90.58
B17     68.63   67.92   53.34           85.96   6.92    2.88            7.50    22.59
B18     66.88   72.68   56.29           88.30   -6.96   3.77            7.91    151.57
B19     67.56   68.63   68.14           86.32   3.06    -11.22          11.63   285.24
B20     3.11    2.14    0.82            16.21   20.40   12.59           23.97   31.69
B21     9.40    5.13    0.94            27.09   44.37   29.30           53.17   33.44
B22     31.07   27.69   14.46           59.61   16.90   18.44           25.01   47.50
C1      4.27    4.07    1.99            23.91   4.90    11.00           12.04   65.98
C2      4.76    4.24    1.17            24.45   9.14    21.35           23.23   66.83
C3      5.53    4.65    0.93            25.72   13.02   27.16           30.12   64.38
C4      4.86    4.25    0.90            24.48   10.22   25.38           27.36   68.07
C5      23.74   22.60   10.67           54.66   8.81    20.68           22.48   66.94
C6      26.11   22.86   5.56            54.93   17.77   40.92           44.61   66.53
C7      27.57   22.45   2.32            54.51   25.51   60.75           65.89   67.23
C8      28.65   22.80   1.72            54.87   28.18   67.14           72.82   67.23
C9      47.60   47.70   32.54           74.64   4.48    9.61            10.61   65.00
C10     49.67   48.14   27.06           74.91   8.95    18.83           20.85   64.58
C11     50.22   47.75   22.28           74.67   11.49   27.07           29.40   67.00
C12     52.58   47.70   15.14           74.63   17.83   42.62           46.20   67.29
C13     62.15   69.07   69.16           86.54   -10.07  -11.77          15.49   229.44
C14     65.87   60.62   63.67           82.18   17.19   -14.17          22.27   320.50
C15     71.99   75.32   46.96           89.54   -1.34   16.23           16.29   94.74
C16     47.83   49.71   40.15           75.89   -0.27   1.13            1.16    103.30
C17     60.77   56.67   40.86           79.99   14.94   7.27            16.62   25.95
C18     56.08   64.77   46.17           84.37   -15.26  8.25            17.35   151.61
C19     54.21   54.53   61.21           78.77   4.19    -17.65          18.14   283.36
C20     2.23    1.77    0.87            14.21   12.17   8.20            14.68   33.96
C21     25.56   19.90   5.65            51.72   29.29   34.95           45.60   50.04
C22     35.89   34.07   19.78           65.02   10.42   15.45           18.64   56.00
D1      3.86    4.03    1.91            23.76   -0.33   11.51           11.52   91.65
D2      3.92    4.10    1.13            24.01   -0.55   21.16           21.16   91.50
D3      4.20    4.42    0.94            25.01   -0.83   25.70           25.71   91.85
D4      4.01    4.24    0.94            24.44   -1.10   24.80           24.83   92.55
D5      26.24   27.44   13.88           59.38   -0.92   19.57           19.59   92.68
D6      26.13   27.51   7.69            59.44   -1.61   39.40           39.43   92.35
D7      27.03   28.40   3.54            60.25   -1.42   61.42           61.44   91.32
D8      25.29   26.91   2.19            58.89   -2.76   69.51           69.56   92.27
D9      55.61   57.48   38.15           80.45   0.49    11.65           11.66   87.59
D10     55.53   57.44   30.83           80.43   0.36    22.22           22.22   89.07
D11     55.31   57.60   25.15           80.52   -0.57   31.81           31.81   91.03
D12     51.71   54.63   3.39            78.82   -2.49   94.48           94.51   91.51
D13     55.21   63.77   67.17           83.85   -15.20  -14.59          21.06   223.83
D14     60.51   52.48   58.88           77.57   24.77   -17.40          30.27   324.91
D15     70.10   73.41   38.61           88.64   -1.47   25.16           25.20   93.34
D16     36.67   37.80   31.19           67.87   0.76    0.01            0.76    0.55
D17     53.47   46.96   31.38           74.16   22.16   10.55           24.55   25.46
D18     47.17   57.74   37.82           80.60   -22.39  12.35           25.57   151.12
D19     45.17   44.32   56.58           72.44   7.12    -23.87          24.91   286.60
D20     15.00   11.69   3.11            40.72   24.45   30.72           39.26   51.49
D21     22.84   22.82   13.85           54.89   3.84    11.89           12.50   72.10
D22     39.77   39.13   22.53           68.84   6.47    16.54           17.76   68.63
E1      3.50    3.96    1.92            23.53   -4.83   11.07           12.08   113.59
E2      3.27    4.14    1.18            24.12   -11.05  20.67           23.44   118.14
E3      3.19    4.39    1.03            24.93   -15.94  24.19           28.97   123.38
E4      3.15    4.20    0.99            24.33   -14.04  23.68           27.53   120.67
E5      13.30   14.92   7.58            45.53   -6.86   15.85           17.27   113.40
E6      12.08   14.69   4.37            45.20   -13.65  30.44           33.36   114.16
E7      10.64   14.35   2.51            44.73   -21.93  42.30           47.65   117.40
E8      10.78   15.53   1.86            46.36   -27.91  51.05           58.18   118.67
E9      37.18   39.86   27.76           69.37   -4.04   8.10            9.05    116.52
E10     36.19   40.26   23.86           69.65   -8.52   15.42           17.62   118.93
E11     34.32   39.86   19.93           69.37   -13.62  22.64           26.42   121.02
E12     29.67   40.17   7.49            69.59   -31.35  57.68           65.65   118.52
E13     48.02   57.94   64.65           80.71   -20.51  -17.64          27.05   220.69
E14     55.66   45.42   54.31           73.17   31.95   -20.23          37.82   327.67
E15     68.42   71.49   31.42           87.72   -1.11   33.87           33.89   91.87
E16     27.15   27.98   23.23           59.87   0.67    -0.27           0.72    338.51
E17     48.12   39.71   23.58           69.26   29.08   15.27           32.85   27.70
E18     38.54   50.34   30.66           76.28   -29.45  15.33           33.20   152.50
E19     36.71   35.38   51.16           66.04   8.77    -29.09          30.38   286.77
E20     30.05   22.57   1.70            54.63   34.55   66.99           75.37   62.72
E21     19.49   16.76   3.22            47.96   17.75   42.45           46.01   67.31
E22     31.05   28.04   10.23           59.93   15.45   31.19           34.80   63.65
F1      1.23    1.61    1.21            13.27   -9.39   1.51            9.51    170.87
F2      1.05    1.64    1.01            13.44   -16.01  4.72            16.69   163.57
F3      1.22    2.12    0.88            16.09   -21.73  11.26           24.48   152.61
F4      1.14    1.86    0.99            14.74   -18.70  7.19            20.03   158.98
F5      6.70    8.38    5.77            34.76   -13.20  5.14            14.16   158.71
F6      5.46    8.35    4.77            34.69   -26.48  10.09           28.34   159.14
F7      4.07    8.00    3.87            33.98   -41.36  14.06           43.69   161.23
F8      3.81    8.75    3.48            35.50   -51.59  19.19           55.04   159.59
F9      37.14   40.19   31.63           69.61   -5.20   2.32            5.69    155.95
F10     35.98   40.83   30.58           70.06   -10.98  4.73            11.96   156.69
F11     34.22   41.14   29.58           70.28   -17.88  6.68            19.09   159.52
F12     27.52   40.21   24.48           69.62   -39.86  14.24           42.33   160.35
F13     42.17   53.04   62.40           77.90   -25.19  -20.31          32.36   218.88
F14     50.94   38.98   49.44           68.74   38.96   -22.51          44.99   329.99
F15     67.01   69.89   25.07           86.94   -0.84   43.03           43.04   91.11
F16     19.79   20.37   16.69           52.26   0.73    0.30            0.79    22.30
F17     42.61   32.76   17.46           63.96   36.18   18.70           40.72   27.33
F18     31.56   43.98   24.81           72.21   -35.66  18.11           39.99   153.07
F19     29.36   27.96   45.80           59.86   9.41    -33.58          34.87   285.65
F20     26.55   26.52   13.54           58.52   4.07    19.00           19.43   77.90
F21     34.51   32.61   12.66           63.84   10.83   30.59           32.45   70.50
F22     37.56   36.27   17.24           66.72   8.60    23.95           25.45   70.25
G1      2.12    2.67    2.41            18.66   -9.43   -1.83           9.61    190.98
G2      1.74    2.78    2.86            19.15   -20.43  -4.62           20.94   192.74
G3      1.98    3.47    3.52            21.83   -26.24  -4.68           26.66   190.10
G4      1.65    2.80    2.74            19.24   -23.12  -3.52           23.39   188.65
G5      9.25    11.14   9.80            39.81   -11.67  -2.09           11.86   190.15
G6      7.81    11.02   10.33           39.62   -23.40  -4.14           23.77   190.04
G7      6.67    11.31   11.25           40.10   -36.54  -6.21           37.06   189.64
G8      6.03    12.14   12.91           41.45   -49.16  -8.73           49.93   190.07
G9      37.23   40.37   33.78           69.73   -5.47   -0.68           5.51    187.10
G10     36.00   41.29   35.23           70.38   -12.28  -1.67           12.39   187.74
G11     34.14   41.42   36.13           70.47   -18.98  -2.79           19.18   188.36
G12     27.46   40.15   37.52           69.57   -39.88  -6.25           40.37   188.90
G13     36.66   48.15   59.64           74.92   -29.66  -22.73          37.37   217.46
G14     46.02   32.58   44.06           63.82   46.71   -24.64          52.81   332.19
G15     65.72   68.21   19.47           86.11   -0.10   52.47           52.47   90.11
G16     13.81   14.31   11.67           44.68   0.07    0.43            0.43    80.26
G17     37.87   27.07   12.25           59.03   42.73   23.48           48.75   28.79
G18     25.39   37.97   19.63           68.00   -41.60  20.90           46.55   153.32
G19     23.18   21.38   40.44           53.37   11.92   -38.08          39.90   287.38
G20     36.27   35.98   16.57           66.51   5.31    25.15           25.70   78.07
G21     34.80   34.97   11.26           65.72   3.72    37.93           38.11   84.40
G22     46.10   44.88   3.30            72.81   8.14    84.71           85.10   84.51
H1      2.37    2.73    3.10            18.91   -5.17   -6.77           8.52    232.61
H2      2.08    2.80    4.36            19.22   -12.57  -14.34          19.07   228.76
H3      2.08    2.99    5.42            19.99   -15.87  -18.67          24.50   229.64
H4      1.94    2.77    4.89            19.09   -15.25  -17.47          23.19   228.89
H5      9.85    11.11   12.11           39.77   -6.65   -9.33           11.46   234.51
H6      8.58    10.85   15.00           39.32   -15.23  -17.92          23.52   229.63
H7      7.65    10.93   19.13           39.47   -24.20  -27.23          36.43   228.36
H8      7.98    12.39   25.59           41.83   -31.36  -35.67          47.50   228.68
H9      37.69   40.58   36.79           69.88   -4.58   -4.71           6.57    225.81
H10     36.88   40.88   40.39           70.09   -8.14   -9.18           12.27   228.46
H11     35.49   40.76   45.60           70.01   -12.40  -15.83          20.11   231.92
H12     35.38   44.02   57.46           72.24   -22.41  -25.12          33.66   228.26
H13     30.95   42.75   56.13           71.38   -34.30  -25.23          42.58   216.34
H14     41.23   26.84   38.57           58.83   54.13   -26.19          60.14   334.18
H15     64.55   66.71   14.24           85.36   0.52    63.40           63.41   89.53
H16     9.02    9.35    7.51            36.66   -0.03   0.84            0.84    91.83
H17     32.93   21.46   7.83            53.45   50.14   28.53           57.69   29.64
H18     19.61   31.92   14.40           63.27   -47.68  24.91           53.79   152.42
H19     18.10   16.09   35.42           47.09   14.35   -42.09          44.47   288.82
H20     39.88   41.56   16.62           70.57   -0.61   32.01           32.02   91.08
H21     31.17   33.16   21.69           64.29   -2.92   10.31           10.72   105.79
H22     35.07   38.90   12.63           68.68   -8.10   39.01           39.84   101.72
I1      3.92    3.95    5.30            23.52   1.53    -11.97          12.07   277.31
I2      4.22    4.22    8.42            24.40   2.07    -23.80          23.89   274.97
I3      4.35    4.38    12.23           24.88   1.81    -35.36          35.41   272.93
I4      4.02    3.88    15.56           23.28   4.12    -46.97          47.15   275.01
I5      14.02   14.29   14.97           44.65   1.52    -8.67           8.80    279.93
I6      14.36   14.48   19.55           44.91   2.47    -18.74          18.90   277.51
I7      14.26   14.34   23.91           44.71   2.72    -27.66          27.80   275.62
I8      14.16   14.09   33.57           44.36   3.62    -44.12          44.27   274.70
I9      39.53   40.77   36.45           70.01   0.69    -4.02           4.08    279.80
I10     39.81   40.97   40.38           70.16   0.94    -9.06           9.11    275.95
I11     40.35   41.28   45.54           70.37   1.70    -15.14          15.23   276.41
I12     39.04   39.82   54.37           69.34   2.06    -26.90          26.98   274.37
I13     24.88   36.66   51.47           67.02   -39.50  -27.75          48.27   215.09
I14     35.64   20.83   32.12           52.76   62.46   -27.48          68.24   336.25
I15     63.49   65.13   9.98            84.55   1.58    74.45           74.47   88.78
I16     5.12    5.29    4.29            27.55   0.20    0.44            0.48    66.19
I17     28.55   16.97   4.55            48.22   56.44   34.60           66.21   31.51
I18     14.44   26.02   10.22           58.06   -53.67  28.00           60.53   152.45
I19     13.09   11.05   29.88           39.66   17.10   -46.59          49.63   290.16
I20     39.97   44.47   16.20           72.54   -8.84   36.42           37.47   103.64
I21     13.18   18.02   4.38            49.53   -24.85  37.83           45.26   123.30
I22     27.54   35.98   17.49           66.51   -26.35  23.01           34.98   138.87
J1      2.06    1.77    2.72            14.22   8.56    -12.04          14.77   305.42
J2      2.55    1.93    4.93            15.12   14.84   -24.52          28.66   301.19
J3      2.63    1.74    7.55            14.04   20.99   -38.33          43.70   298.70
J4      3.73    2.10    14.62           16.00   31.14   -57.16          65.10   298.58
J5      11.57   11.17   12.25           39.87   5.78    -9.58           11.19   301.12
J6      12.54   11.32   16.28           40.11   11.46   -19.67          22.77   300.23
J7      13.39   11.40   20.37           40.25   16.46   -28.48          32.90   300.03
J8      15.09   11.72   30.15           40.77   24.77   -45.10          51.45   298.78
J9      39.73   40.32   36.52           69.70   2.67    -4.67           5.37    299.78
J10     41.44   41.21   40.90           70.32   5.25    -9.44           10.80   299.09
J11     42.27   40.84   45.53           70.06   8.89    -15.66          18.01   299.58
J12     42.96   39.68   53.39           69.24   14.47   -26.01          29.76   299.09
J13     19.83   31.10   46.67           62.59   -43.62  -29.89          52.88   214.42
J14     30.69   16.08   25.98           47.08   69.49   -27.29          74.65   338.56
J15     62.23   63.16   5.94            83.53   3.09    88.41           88.46   88.00
J16     2.85    2.91    2.27            19.68   0.84    1.10            1.38    52.77
J17     24.83   13.48   2.45            43.47   61.76   40.63           73.93   33.34
J18     10.57   21.07   6.45            53.03   -58.23  33.51           67.18   150.08
J19     8.82    6.76    24.13           31.25   21.63   -51.29          55.66   292.86
J20     29.17   38.63   22.81           68.48   -28.52  15.39           32.40   151.65
J21     5.81    11.65   1.91            40.66   -48.23  40.74           63.13   139.81
J22     1.46    2.68    1.45            18.71   -25.93  7.87            27.10   163.12
K1      4.98    4.07    4.96            23.89   14.28   -9.56           17.18   326.21
K2      6.62    4.44    7.65            25.08   27.62   -19.69          33.92   324.51
K3      7.67    4.23    9.35            24.40   40.92   -27.10          49.08   326.48
K4      9.82    4.40    14.27           24.95   56.99   -40.82          70.10   324.39
K5      15.68   14.17   14.46           44.48   12.23   -7.64           14.42   328.02
K6      17.84   14.35   18.25           44.74   23.09   -16.24          28.23   324.88
K7      20.10   14.19   21.93           44.51   35.65   -24.26          43.12   325.77
K8      26.00   16.30   31.14           47.36   49.90   -35.28          61.12   324.74
K9      41.34   40.60   36.49           69.89   6.78    -4.28           8.02    327.77
K10     43.98   41.22   40.50           70.33   12.76   -8.91           15.56   325.09
K11     45.49   40.08   43.75           69.52   20.60   -14.41          25.14   325.02
K12     52.11   42.32   52.81           71.09   31.87   -22.19          38.84   325.15
K13     15.46   26.03   41.76           58.07   -47.62  -31.67          57.19   213.63
K14     25.34   11.75   18.79           40.81   75.37   -24.18          79.16   342.21
K15     61.19   61.34   3.66            82.56   4.85    99.15           99.27   87.20
K16     1.27    1.31    1.11            11.37   0.09    -0.41           0.42    282.07
K17     21.69   10.84   1.15            39.32   65.66   47.20           80.86   35.71
K18     6.42    15.08   3.50            45.74   -63.43  36.74           73.30   149.92
K19     5.60    3.68    18.54           22.60   27.25   -55.03          61.40   296.34
K20     2.63    3.60    2.32            22.29   -14.46  5.23            15.37   160.12
K21     1.26    1.82    1.81            14.51   -13.68  -3.39           14.10   193.91
K22     1.36    1.82    2.64            14.53   -10.86  -10.82          15.33   224.90
L1      3.37    2.65    2.31            18.57   14.43   -1.09           14.47   355.67
L2      4.43    2.85    2.88            19.43   26.38   -4.25           26.72   350.85
L3      5.66    3.16    3.47            20.68   36.23   -6.33           36.77   350.09
L4      5.68    2.98    3.44            19.95   39.56   -7.33           40.24   349.51
L5      13.14   11.09   9.95            39.74   17.07   -2.71           17.29   351.00
L6      15.61   11.14   11.00           39.82   31.91   -5.93           32.45   349.47
L7      18.40   11.05   11.42           39.66   47.92   -7.49           48.50   351.11
L8      23.31   10.63   13.63           38.95   74.61   -15.00          76.10   348.63
L9      41.60   40.60   34.02           69.89   7.57    -0.76           7.61    354.25
L10     44.60   41.25   35.30           70.35   14.48   -1.81           14.60   352.89
L11     47.16   41.25   36.02           70.35   21.76   -2.84           21.95   352.56
L12     50.47   40.75   37.61           70.00   32.25   -5.64           32.74   350.08
L13     14.06   24.26   39.85           56.35   -48.67  -32.16          58.34   213.46
L14     23.80   10.72   16.66           39.10   76.15   -22.34          79.36   343.65
L15     60.93   60.90   3.37            82.33   5.24    100.67          100.81  87.02
L16     0.76    0.79    0.59            7.09    0.09    1.18            1.18    85.83
L17     20.84   10.22   0.78            38.24   66.27   51.27           83.79   37.73
L18     5.36    13.29   2.57            43.19   -64.35  39.09           75.29   148.72
L19     3.07    1.45    12.37           12.31   36.50   -57.43          68.04   302.44
L20     0.78    0.83    0.87            7.47    -0.83   -3.40           3.50    256.25
L21     0.90    0.88    0.96            7.95    1.91    -4.08           4.51    295.11
L22     2.04    1.51    1.39            12.69   14.71   -1.77           14.82   353.14
GS0     77.00   79.43   71.93           91.43   0.81    -5.83           5.89    277.96
GS1     68.15   70.53   58.04           87.25   0.33    0.16            0.36    26.30
GS2     59.54   61.79   49.80           82.80   -0.10   1.33            1.34    94.12
GS3     52.28   54.21   43.56           78.59   0.01    1.44            1.44    89.60
GS4     45.50   47.01   38.20           74.20   0.49    0.79            0.93    58.23
GS5     39.40   40.94   33.67           70.13   -0.21   0.16            0.26    143.51
GS6     34.65   36.31   29.67           66.76   -1.25   0.47            1.33    159.41
GS7     29.83   31.25   25.61           62.72   -1.13   0.31            1.17    164.74
GS8     25.58   26.47   21.98           58.48   0.26    -0.28           0.38    312.94
GS9     21.96   22.67   18.94           54.73   0.45    -0.51           0.68    311.52
GS10    18.96   19.57   16.20           51.35   0.45    -0.12           0.47    344.69
GS11    16.01   16.51   13.74           47.63   0.50    -0.30           0.59    329.10
GS12    12.98   13.39   10.93           43.35   0.42    0.39            0.57    42.85
GS13    10.50   10.87   8.84            39.35   0.14    0.45            0.48    72.61
GS14    8.80    9.08    7.33            36.13   0.43    0.66            0.79    56.71
GS15    6.58    6.78    5.64            31.31   0.39    -0.21           0.44    331.55
GS16    4.62    4.76    3.87            26.03   0.42    0.33            0.54    37.89
GS17    3.74    3.82    3.06            23.08   0.74    0.68            1.00    42.78
GS18    2.52    2.59    2.06            18.31   0.58    0.68            0.89    49.32
GS19    1.85    1.87    1.56            14.76   1.15    -0.27           1.18    346.93
GS20    1.12    1.17    1.04            10.33   -0.19   -1.09           1.10    260.33
GS21    0.92    0.96    0.80            8.65    -0.08   -0.14           0.17    240.80
GS22    0.81    0.86    0.68            7.75    -0.58   0.46            0.74    141.66
GS23    0.72    0.72    0.56            6.48    0.96    0.55            1.11    29.64
END_DATA
