IT8.7/2
ORIGINATOR "Wolf Faust"
DESCRIPTOR "L* a* b* Batch average data (light D50, viewing angle 2)"
MANUFACTURER "Wolf Faust"
CREATED "Dezember 1,1999"
PROD_DATE "1999:12"
SERIAL "5x7 R991201"
MATERIAL "FujiFilm Pictrostat"
NUMBER_OF_FIELDS 9
BEGIN_DATA_FORMAT
SAMPLE_ID XYZ_X XYZ_Y   XYZ_Z           LAB_L   LAB_A   LAB_B           LAB_C   LAB_H
END_DATA_FORMAT
NUMBER_OF_SETS 288
BEGIN_DATA
A1      2.90    2.36    1.61            17.26   12.07   3.47            12.56   16.04
A2      3.77    2.40    1.23            17.47   25.44   8.47            26.82   18.42
A3      4.76    2.65    1.06            18.58   34.42   12.82           36.73   20.42
A4      5.32    2.81    1.31            19.25   38.38   10.49           39.79   15.29
A5      12.10   10.65   7.55            38.98   13.33   4.68            14.13   19.32
A6      14.46   10.67   6.82            39.02   28.48   7.75            29.51   15.22
A7      18.34   11.28   6.14            40.04   46.01   12.48           47.67   15.18
A8      20.70   9.73    3.83            37.35   69.45   20.12           72.31   16.15
A9      39.60   38.98   30.35           68.74   6.41    2.80            6.99    23.58
A10     43.62   40.02   29.21           69.48   15.37   5.91            16.47   21.03
A11     49.78   42.39   28.42           71.14   25.52   10.05           27.42   21.50
A12     48.16   39.29   26.46           68.96   30.48   9.61            31.96   17.50
A13     77.13   79.59   71.79           91.50   0.77    -5.58           5.64    277.85
A14     77.15   79.62   71.81           91.52   0.74    -5.57           5.62    277.61
A15     77.09   79.57   71.71           91.49   0.73    -5.52           5.57    277.57
A16     77.07   79.58   71.22           91.49   0.68    -5.09           5.13    277.59
A17     77.20   79.69   71.78           91.54   0.73    -5.49           5.54    277.59
A18     77.23   79.72   71.82           91.56   0.72    -5.50           5.55    277.42
A19     77.25   79.75   71.88           91.57   0.72    -5.54           5.59    277.39
A20     1.12    0.91    0.68            8.18    8.87    1.31            8.97    8.40
A21     4.77    2.77    0.67            19.11   32.23   20.28           38.08   32.18
A22     9.45    4.91    0.78            26.48   47.38   30.99           56.61   33.19
B1      2.69    2.32    1.18            17.10   8.94    8.52            12.35   43.63
B2      3.15    2.23    0.73            16.66   19.09   15.03           24.30   38.21
B3      3.82    2.38    0.56            17.35   26.66   19.29           32.91   35.89
B4      5.23    2.81    0.63            19.26   37.23   21.36           42.92   29.85
B5      12.11   10.51   5.53            38.75   14.44   13.16           19.54   42.35
B6      14.12   10.57   3.43            38.84   27.19   25.29           37.13   42.93
B7      18.09   11.21   1.67            39.94   45.11   41.90           61.57   42.89
B8      19.98   9.66    0.62            37.23   66.46   52.45           84.66   38.28
B9      38.99   38.61   28.15           68.47   5.67    5.89            8.18    46.07
B10     43.00   39.93   25.27           69.42   13.83   12.47           18.62   42.02
B11     48.76   42.06   22.95           70.91   23.72   19.30           30.58   39.14
B12     47.72   39.75   20.02           69.29   27.87   22.32           35.71   38.68
B13     75.38   78.46   71.53           90.99   -0.56   -6.23           6.26    264.84
B14     73.97   74.03   69.82           88.93   5.41    -8.24           9.86    303.30
B15     75.87   78.85   64.38           91.17   -0.31   0.66            0.73    115.57
B16     69.28   70.88   59.44           87.43   2.04    -0.96           2.25    334.73
B17     71.07   70.97   59.32           87.47   5.66    -0.76           5.71    352.36
B18     72.50   76.63   63.58           90.15   -2.88   -0.33           2.90    186.61
B19     73.42   74.38   70.01           89.10   3.54    -8.12           8.86    293.56
B20     2.49    1.68    0.62            13.68   19.82   11.84           23.09   30.85
B21     8.48    4.52    0.72            25.31   44.24   30.02           53.46   34.16
B22     29.85   26.12   13.77           58.15   18.63   17.74           25.72   43.60
C1      3.85    3.68    1.77            22.60   4.49    10.93           11.82   67.69
C2      4.11    3.68    1.04            22.58   8.41    19.92           21.62   67.11
C3      4.41    3.74    0.76            22.78   11.63   24.97           27.55   65.02
C4      4.13    3.49    0.72            21.92   11.49   24.11           26.71   64.52
C5      22.32   21.41   10.45           53.39   7.88    19.20           20.75   67.70
C6      24.47   21.34   5.35            53.32   17.73   39.19           43.02   65.66
C7      25.86   20.30   1.64            52.17   28.61   63.36           69.52   65.70
C8      28.65   21.92   1.50            53.94   32.17   67.98           75.21   64.68
C9      47.51   47.08   31.16           74.24   5.96    11.03           12.53   61.60
C10     53.17   49.64   26.29           75.85   14.12   21.76           25.94   57.01
C11     54.36   49.55   22.47           75.79   17.39   28.63           33.50   58.72
C12     51.94   46.85   14.17           74.10   18.49   44.18           47.90   67.29
C13     61.91   69.04   69.14           86.52   -10.55  -11.78          15.82   228.15
C14     66.01   60.81   63.87           82.28   17.06   -14.18          22.19   320.27
C15     72.74   76.30   47.56           90.00   -1.74   16.32           16.41   96.09
C16     47.58   49.45   40.03           75.73   -0.27   1.01            1.05    104.91
C17     60.63   56.42   40.60           79.85   15.21   7.37            16.90   25.85
C18     55.95   64.75   45.74           84.36   -15.54  8.73            17.82   150.66
C19     55.48   56.04   63.16           79.64   3.63    -18.06          18.42   281.37
C20     1.75    1.36    0.67            11.72   12.01   7.58            14.20   32.25
C21     24.34   18.44   5.23            50.02   31.43   34.11           46.38   47.33
C22     34.65   32.45   18.91           63.72   11.88   15.05           19.17   51.71
D1      3.49    3.62    1.72            22.39   -0.02   11.13           11.13   90.11
D2      3.34    3.51    1.05            21.98   -0.79   18.74           18.75   92.40
D3      3.26    3.45    0.80            21.75   -1.12   22.45           22.47   92.87
D4      3.47    3.62    0.78            22.37   -0.30   23.84           23.84   90.71
D5      24.76   25.97   13.52           58.01   -1.21   18.16           18.20   93.82
D6      24.68   26.04   8.36            58.08   -1.81   34.50           34.54   93.01
D7      23.65   25.37   3.59            57.44   -3.54   56.27           56.38   93.60
D8      23.81   25.65   1.96            57.70   -3.98   69.57           69.68   93.28
D9      58.65   59.60   36.79           81.62   2.87    15.53           15.79   79.53
D10     60.70   60.53   29.41           82.12   5.58    27.39           27.95   78.49
D11     61.46   61.39   24.03           82.59   5.34    37.43           37.81   81.88
D12     57.50   58.50   3.15            81.01   2.70    99.94           99.98   88.45
D13     53.75   62.75   66.86           83.31   -16.55  -15.23          22.49   222.62
D14     60.16   51.87   58.78           77.20   25.51   -17.93          31.18   324.90
D15     70.91   74.55   38.71           89.18   -2.04   25.94           26.02   94.51
D16     35.03   36.33   30.07           66.77   -0.02   -0.15           0.15    260.22
D17     53.35   46.50   30.65           73.87   23.12   11.18           25.68   25.81
D18     45.62   56.49   37.21           79.89   -23.72  11.96           26.57   153.24
D19     44.05   43.53   56.64           71.91   6.15    -24.85          25.60   283.90
D20     13.82   10.49   2.66            38.71   25.84   30.67           40.10   49.88
D21     21.73   21.49   13.42           53.49   4.78    10.63           11.65   65.78
D22     38.66   37.68   22.11           67.78   7.57    15.52           17.27   64.01
E1      3.17    3.57    1.92            22.21   -4.57   8.83            9.94    117.39
E2      2.84    3.53    1.10            22.04   -9.55   18.12           20.48   117.80
E3      2.80    3.76    0.86            22.88   -13.96  23.38           27.23   120.85
E4      2.80    3.77    0.87            22.89   -13.97  23.26           27.13   120.98
E5      12.22   13.70   7.33            43.79   -6.60   13.84           15.33   115.48
E6      11.45   13.89   4.78            44.08   -13.22  26.20           29.35   116.78
E7      10.52   14.35   2.52            44.73   -22.81  42.22           47.99   118.38
E8      9.68    14.22   1.65            44.55   -28.60  50.08           57.67   119.73
E9      35.43   38.25   26.28           68.21   -4.82   8.60            9.86    119.28
E10     34.52   38.51   22.61           68.40   -8.75   15.61           17.89   119.27
E11     33.24   38.64   19.49           68.49   -13.58  22.05           25.90   121.62
E12     28.77   39.62   8.69            69.20   -33.12  52.46           62.04   122.27
E13     47.49   57.65   64.64           80.55   -21.28  -17.90          27.81   220.08
E14     55.02   44.52   53.89           72.57   32.94   -20.80          38.96   327.73
E15     69.16   72.62   31.13           88.27   -1.86   35.26           35.31   93.02
E16     25.77   26.74   22.33           58.73   -0.02   -0.53           0.53    267.85
E17     47.35   38.72   22.79           68.55   30.04   15.54           33.83   27.35
E18     37.02   48.98   29.70           75.44   -30.71  15.39           34.35   153.38
E19     35.36   34.19   50.59           65.11   8.26    -30.04          31.16   285.37
E20     29.47   21.39   1.47            53.38   37.78   67.35           77.22   60.71
E21     18.16   15.28   2.74            46.01   19.31   42.66           46.83   65.65
E22     29.57   26.30   9.67            58.32   16.83   30.28           34.65   60.93
F1      1.15    1.48    1.22            12.45   -8.37   0.00            8.37    179.97
F2      0.96    1.50    1.08            12.60   -15.70  2.22            15.85   171.96
F3      1.04    1.81    0.95            14.44   -20.60  7.28            21.85   160.52
F4      0.94    1.53    0.81            12.82   -17.36  6.93            18.69   158.24
F5      6.29    7.69    5.77            33.33   -11.33  2.64            11.64   166.89
F6      5.29    7.87    5.13            33.70   -24.26  6.49            25.12   165.03
F7      3.99    7.76    4.34            33.49   -40.29  10.38           41.60   165.55
F8      3.54    8.24    3.70            34.48   -51.46  15.97           53.88   162.76
F9      34.74   38.07   30.24           68.07   -6.61   1.84            6.86    164.44
F10     33.64   38.71   29.39           68.54   -12.40  4.00            13.03   162.12
F11     32.77   39.94   28.58           69.43   -19.28  6.84            20.46   160.48
F12     27.42   40.04   23.59           69.50   -39.71  15.66           42.69   158.49
F13     41.60   52.59   62.06           77.64   -25.80  -20.44          32.92   218.38
F14     50.27   38.07   48.94           68.07   40.05   -23.08          46.23   330.04
F15     67.85   71.08   24.83           87.52   -1.50   44.47           44.50   91.93
F16     18.69   19.19   16.19           50.90   0.99    -0.87           1.31    318.69
F17     41.81   31.76   16.94           63.14   37.31   18.48           41.64   26.35
F18     30.40   42.82   23.86           71.43   -36.57  18.49           40.98   153.18
F19     28.56   27.03   45.23           59.01   10.01   -34.36          35.79   286.24
F20     25.42   25.09   13.11           57.16   5.25    17.81           18.57   73.59
F21     33.15   30.94   12.10           62.45   12.10   29.79           32.15   67.89
F22     36.24   34.61   16.52           65.45   9.78    23.44           25.40   67.34
G1      1.97    2.43    2.44            17.59   -8.07   -3.93           8.98    205.98
G2      1.58    2.49    2.75            17.86   -18.96  -5.96           19.87   197.45
G3      1.66    2.91    3.04            19.69   -24.74  -4.99           25.24   191.40
G4      1.40    2.33    2.52            17.15   -21.06  -5.31           21.72   194.15
G5      8.54    10.17   9.26            38.15   -10.52  -3.11           10.97   196.48
G6      7.29    10.23   10.23           38.26   -22.47  -6.19           23.31   195.40
G7      6.23    10.91   11.61           39.43   -38.30  -8.45           39.22   192.45
G8      5.52    11.37   11.98           40.19   -49.45  -8.23           50.13   189.45
G9      35.06   38.54   32.45           68.42   -7.00   -0.99           7.07    188.02
G10     33.52   39.18   34.04           68.88   -14.31  -2.53           14.53   190.01
G11     33.08   41.24   35.70           70.34   -22.12  -2.39           22.25   186.18
G12     27.19   39.88   37.37           69.38   -40.17  -6.36           40.67   189.00
G13     36.48   48.01   59.44           74.83   -29.87  -22.68          37.50   217.21
G14     45.88   32.41   43.99           63.68   46.91   -24.79          53.05   332.15
G15     66.53   69.40   19.44           86.70   -0.85   53.56           53.56   90.91
G16     13.29   13.65   11.60           43.72   0.89    -1.02           1.35    310.99
G17     37.43   26.55   12.09           58.55   43.40   23.11           49.17   28.03
G18     24.78   37.29   19.18           67.50   -41.99  20.99           46.95   153.44
G19     22.78   20.93   40.09           52.87   12.22   -38.48          40.37   287.62
G20     35.08   34.43   16.21           65.31   6.47    23.93           24.79   74.87
G21     33.66   33.50   10.95           64.57   4.80    36.90           37.21   82.59
G22     46.80   44.62   2.94            72.64   10.86   87.03           87.71   82.89
H1      2.13    2.43    2.92            17.61   -4.59   -7.73           8.99    239.28
H2      1.64    2.16    3.56            16.33   -10.66  -14.41          17.92   233.51
H3      1.54    2.11    3.92            16.07   -12.23  -17.17          21.08   234.54
H4      1.70    2.37    4.54            17.34   -13.59  -18.60          23.04   233.86
H5      8.90    9.95    11.33           37.76   -5.77   -10.50          11.98   241.20
H6      8.02    10.05   14.48           37.92   -14.19  -18.99          23.71   233.22
H7      7.34    10.61   18.95           38.91   -24.78  -27.80          37.23   228.29
H8      7.29    11.15   24.27           39.84   -29.23  -36.73          46.94   231.48
H9      35.79   38.69   35.79           68.52   -5.00   -5.66           7.56    228.53
H10     35.15   39.49   40.16           69.10   -9.64   -10.59          14.32   227.69
H11     36.39   42.18   51.73           71.00   -13.64  -21.17          25.18   237.21
H12     35.17   44.40   57.58           72.49   -24.18  -24.82          34.66   225.75
H13     31.27   43.11   56.29           71.63   -34.18  -24.97          42.33   216.15
H14     41.20   26.76   38.48           58.75   54.39   -26.21          60.37   334.27
H15     65.53   68.13   14.84           86.07   -0.35   63.10           63.10   90.32
H16     8.72    8.95    7.53            35.88   0.81    -0.59           1.00    324.03
H17     32.78   21.24   8.01            53.22   50.61   27.41           57.56   28.44
H18     19.34   31.63   14.72           63.03   -47.99  23.69           53.52   153.73
H19     17.91   15.76   34.99           46.66   15.20   -42.23          44.88   289.80
H20     38.83   40.25   16.15           69.65   0.07    31.55           31.55   89.87
H21     29.90   31.54   20.88           62.96   -1.92   9.65            9.84    101.27
H22     33.86   37.44   12.18           67.60   -7.60   38.46           39.20   101.18
I1      3.53    3.50    4.91            21.93   2.50    -12.67          12.91   281.16
I2      3.53    3.41    7.53            21.62   3.81    -25.20          25.49   278.59
I3      3.59    3.45    10.67           21.75   4.31    -36.05          36.30   276.82
I4      3.62    3.43    14.35           21.69   4.97    -46.66          46.92   276.08
I5      12.87   13.10   14.34           42.91   1.59    -10.02          10.15   279.00
I6      13.24   13.24   18.64           43.12   3.08    -19.85          20.09   278.83
I7      13.38   13.32   23.72           43.24   3.48    -29.86          30.06   276.65
I8      13.37   12.95   32.32           42.68   5.83    -45.15          45.52   277.35
I9      37.35   38.61   35.58           68.47   0.40    -5.46           5.48    274.20
I10     37.72   38.96   40.07           68.72   0.51    -11.13          11.14   272.63
I11     39.32   39.59   49.43           69.18   3.64    -21.74          22.04   279.51
I12     38.88   39.36   54.20           69.01   2.96    -27.28          27.44   276.20
I13     25.74   37.63   52.23           67.75   -39.01  -27.32          47.63   215.01
I14     36.02   21.10   32.26           53.06   62.43   -27.17          68.08   336.48
I15     64.50   66.64   10.58           85.32   0.56    73.84           73.84   89.57
I16     5.06    5.20    4.51            27.29   0.59    -1.24           1.37    295.39
I17     28.70   17.01   4.76            48.27   56.81   33.56           65.98   30.58
I18     14.46   26.14   10.51           58.17   -54.07  27.24           60.55   153.26
I19     13.18   10.99   29.70           39.57   18.02   -46.45          49.83   291.21
I20     39.39   43.76   15.78           72.07   -8.58   36.61           37.60   103.20
I21     11.95   16.59   4.05            47.74   -25.44  36.70           44.65   124.72
I22     26.51   34.96   17.16           65.72   -27.12  22.41           35.18   140.43
J1      1.77    1.48    2.56            12.47   9.15    -13.73          16.49   303.67
J2      2.22    1.61    4.63            13.32   15.96   -26.00          30.51   301.54
J3      3.11    2.00    9.28            15.50   23.34   -42.21          48.23   298.94
J4      2.94    1.56    12.76           12.97   31.40   -57.38          65.41   298.69
J5      10.54   10.21   11.54           38.21   5.39    -10.33          11.66   297.57
J6      11.24   10.15   15.44           38.12   10.95   -21.08          23.76   297.45
J7      12.45   10.59   20.48           38.87   16.16   -31.08          35.03   297.47
J8      14.18   10.80   28.98           39.24   25.80   -45.86          52.62   299.36
J9      38.14   38.61   35.55           68.47   2.94    -5.41           6.16    298.54
J10     39.46   39.17   39.86           68.87   5.39    -10.59          11.88   297.00
J11     41.70   39.45   49.29           69.07   11.41   -21.76          24.57   297.68
J12     42.42   38.74   52.83           68.56   15.78   -26.58          30.91   300.69
J13     20.24   31.73   47.19           63.12   -43.87  -29.59          52.92   214.00
J14     31.25   16.50   26.35           47.62   69.20   -27.00          74.28   338.68
J15     63.06   64.29   6.31            84.12   2.47    87.74           87.77   88.39
J16     2.73    2.78    2.29            19.16   0.87    0.03            0.87    2.20
J17     25.14   13.73   2.51            43.84   61.51   40.74           73.78   33.51
J18     10.57   21.16   6.95            53.12   -58.61  31.53           66.55   151.72
J19     8.95    6.95    24.36           31.70   20.78   -50.92          55.00   292.20
J20     28.56   38.45   22.28           68.35   -30.29  16.18           34.34   151.89
J21     5.06    10.46   1.70            38.65   -48.37  39.36           62.36   140.87
J22     1.23    2.21    1.20            16.56   -23.44  7.28            24.54   162.75
K1      4.36    3.56    4.68            22.16   13.64   -11.05          17.55   320.98
K2      5.50    3.66    7.25            22.53   26.36   -22.49          34.65   319.53
K3      7.21    3.97    10.51           23.57   40.05   -32.39          51.50   321.04
K4      9.39    4.13    13.47           24.11   57.21   -40.16          69.89   324.93
K5      14.42   13.01   13.90           42.78   12.01   -9.11           15.08   322.82
K6      16.65   13.40   18.13           43.36   22.54   -18.33          29.05   320.88
K7      20.12   14.55   24.72           45.02   33.59   -28.62          44.13   319.57
K8      25.18   15.37   29.79           46.14   51.75   -35.28          62.63   325.72
K9      39.33   38.46   35.14           68.36   7.18    -5.01           8.76    325.09
K10     42.71   39.53   39.37           69.13   14.18   -9.49           17.07   326.21
K11     48.42   41.03   48.16           70.20   25.88   -18.53          31.82   324.40
K12     52.25   41.40   51.69           70.46   34.97   -22.06          41.34   327.75
K13     15.08   25.58   41.06           57.63   -48.01  -31.53          57.43   213.29
K14     25.44   11.86   18.86           40.99   75.05   -24.01          78.79   342.26
K15     61.37   61.72   3.82            82.76   4.39    98.48           98.57   87.45
K16     1.21    1.23    1.12            10.79   0.72    -1.52           1.68    295.37
K17     21.25   10.58   1.13            38.87   65.51   46.72           80.46   35.50
K18     6.41    15.18   3.80            45.88   -64.16  34.99           73.08   151.40
K19     5.47    3.55    18.24           22.13   27.80   -55.19          61.79   296.74
K20     2.10    2.90    1.93            19.62   -13.87  4.20            14.49   163.17
K21     1.04    1.47    1.51            12.42   -11.87  -3.71           12.43   197.36
K22     1.15    1.50    2.29            12.61   -9.22   -11.22          14.52   230.58
L1      2.85    2.23    2.13            16.63   13.87   -2.84           14.15   348.44
L2      3.58    2.26    2.43            16.80   25.40   -5.17           25.92   348.49
L3      4.59    2.48    2.88            17.82   35.40   -7.02           36.09   348.78
L4      5.11    2.64    2.99            18.54   38.89   -6.61           39.45   350.35
L5      12.10   10.44   9.66            38.62   14.89   -3.65           15.34   346.23
L6      14.40   10.34   10.80           38.44   30.61   -7.69           31.56   345.89
L7      19.36   11.28   12.90           40.04   51.24   -11.11          52.43   347.77
L8      22.63   10.24   12.31           38.27   74.50   -12.52          75.55   350.46
L9      39.75   38.68   32.69           68.52   7.82    -1.16           7.90    351.54
L10     44.12   40.14   33.92           69.57   16.46   -1.16           16.50   355.96
L11     50.14   42.16   35.22           70.98   27.16   -0.62           27.16   358.70
L12     49.38   39.25   36.16           68.93   33.94   -5.47           34.38   350.84
L13     13.26   23.25   38.46           55.32   -49.35  -32.09          58.86   213.03
L14     23.23   10.33   15.67           38.43   76.51   -21.11          79.37   344.58
L15     60.68   60.60   3.05            82.16   5.35    102.61          102.75  87.01
L16     0.60    0.63    0.53            5.66    -0.11   -0.16           0.19    236.60
L17     20.16   9.74    0.67            37.37   66.75   51.73           84.45   37.78
L18     4.96    12.69   2.50            42.29   -65.26  38.11           75.58   149.72
L19     2.80    1.33    11.89           11.48   35.29   -57.47          67.44   301.55
L20     0.61    0.64    0.66            5.77    -0.29   -2.56           2.57    263.55
L21     0.72    0.70    0.75            6.30    1.84    -3.36           3.83    298.71
L22     1.61    1.18    1.10            10.41   14.03   -1.87           14.16   352.40
GS0     76.67   79.23   71.34           91.34   0.56    -5.46           5.49    275.82
GS1     74.99   77.00   66.79           90.32   1.51    -3.07           3.43    296.23
GS2     65.28   67.18   54.58           85.60   1.13    0.91            1.45    38.81
GS3     52.59   54.89   43.63           78.98   -0.85   2.03            2.20    112.84
GS4     44.33   45.88   37.68           73.47   0.26    0.25            0.36    43.13
GS5     38.26   39.84   32.69           69.36   -0.50   0.29            0.58    150.24
GS6     32.95   34.18   28.43           65.11   -0.04   -0.36           0.36    263.82
GS7     28.13   29.35   24.32           61.09   -0.65   -0.18           0.67    195.54
GS8     24.10   24.87   20.71           56.95   0.53    -0.38           0.65    324.11
GS9     20.62   21.43   17.83           53.42   -0.18   -0.34           0.38    241.79
GS10    17.71   18.43   15.40           50.02   -0.33   -0.46           0.57    234.09
GS11    14.80   15.27   12.82           46.00   0.47    -0.63           0.78    307.15
GS12    12.10   12.43   10.60           41.90   0.78    -1.09           1.34    305.43
GS13    9.86    10.22   8.52            38.23   0.04    -0.32           0.32    277.45
GS14    7.83    7.99    6.80            33.97   1.11    -0.87           1.41    322.17
GS15    6.01    6.16    5.35            29.81   0.83    -1.35           1.58    301.49
GS16    4.42    4.55    3.99            25.40   0.56    -1.45           1.56    291.15
GS17    3.17    3.24    2.79            20.98   0.69    -0.88           1.12    308.15
GS18    2.32    2.40    2.02            17.44   0.23    -0.41           0.47    299.08
GS19    1.61    1.65    1.48            13.54   0.49    -1.47           1.55    288.56
GS20    0.95    1.01    0.95            9.04    -0.81   -2.04           2.20    248.32
GS21    0.78    0.82    0.79            7.42    -0.54   -2.06           2.13    255.27
GS22    0.65    0.68    0.62            6.14    -0.27   -1.17           1.20    257.19
GS23    0.57    0.56    0.43            5.09    0.88    0.61            1.07    34.54        
END_DATA
